lcsb  r=0.660000, L=8
Indexing Time: 3.373361 Seconds

Estimated Memory Usage: 139984896 Bytes

check_k=1
1	1.081427	0.017160	2.000000
2	1.091843	0.013130	1.000000
5	1.098620	0.009430	0.400000
10	1.110313	0.004890	0.200000
20	31622.777344	0.004460	0.100000
50	31622.777344	0.004420	0.040000
100	31622.777344	0.004320	0.020000

check_k=2
1	1.075660	0.011240	2.000000
2	1.083434	0.007130	1.000000
5	1.090946	0.006710	0.400000
10	1.094396	0.006910	0.300000
20	1.104166	0.007170	0.150000
50	31622.777344	0.007220	0.060000
100	31622.777344	0.007280	0.030000

check_k=4
1	1.066438	0.020770	2.000000
2	1.073883	0.016830	1.000000
5	1.084773	0.014650	0.400000
10	1.087223	0.014180	0.300000
20	1.088987	0.014620	0.150000
50	1.103060	0.015170	0.060000
100	31622.777344	0.015030	0.030000

check_k=8
1	1.062831	0.044610	2.000000
2	1.066960	0.042910	1.000000
5	1.074726	0.041650	0.400000
10	1.076866	0.041310	0.300000
20	1.080934	0.041760	0.150000
50	1.085947	0.043870	0.080000
100	1.096821	0.044950	0.040000

check_k=16
1	1.058228	0.098600	2.000000
2	1.061007	0.090260	1.000000
5	1.064844	0.089630	0.400000
10	1.067246	0.090320	0.300000
20	1.072400	0.091100	0.150000
50	1.075253	0.093540	0.080000
100	1.079703	0.098590	0.050000

check_k=32
1	1.051133	0.191200	2.000000
2	1.052297	0.186980	1.000000
5	1.057744	0.184570	0.400000
10	1.059964	0.267490	0.400000
20	1.062456	0.187330	0.200000
50	1.066671	0.187200	0.160000
100	1.069407	0.191540	0.100000

check_k=64
1	1.045740	0.371950	3.000000
2	1.051484	0.362390	1.500000
5	1.055920	0.351970	0.600000
10	1.055885	0.348980	0.600000
20	1.056733	0.348770	0.300000
50	1.059518	0.352030	0.220000
100	1.060812	0.358340	0.200000

check_k=128
1	1.039842	0.705700	3.000000
2	1.043928	0.699830	1.500000
5	1.047538	0.693700	0.800000
10	1.048993	0.710290	0.900000
20	1.050645	0.776680	0.550000
50	1.050863	0.786820	0.400000
100	1.053214	0.801570	0.350000

check_k=256
1	1.032282	1.551300	3.000000
2	1.037967	1.555480	1.500000
5	1.040330	1.548730	1.000000
10	1.042735	1.421700	1.400000
20	1.043561	1.414050	1.150000
50	1.044132	1.416090	0.860000
100	1.045607	1.417720	0.730000

check_k=512
1	1.026826	2.819820	3.000000
2	1.029312	2.736860	2.500000
5	1.034662	2.935730	2.000000
10	1.035446	2.858590	2.200000
20	1.038417	2.856310	2.050000
50	1.038378	2.853180	1.600000
100	1.039042	2.947610	1.330000

lcsb  r=0.660000, L=16
Indexing Time: 7.417056 Seconds

Estimated Memory Usage: 236044288 Bytes

check_k=1
1	1.070025	0.034640	2.000000
2	1.078464	0.029410	1.000000
5	1.084700	0.022470	0.400000
10	1.093203	0.012070	0.200000
20	1.103384	0.010610	0.100000
50	31622.777344	0.010470	0.060000
100	31622.777344	0.010660	0.030000

check_k=2
1	1.065725	0.024450	2.000000
2	1.072386	0.020800	1.000000
5	1.078750	0.017990	0.400000
10	1.081452	0.017650	0.200000
20	1.088210	0.017810	0.100000
50	1.103316	0.018490	0.060000
100	31622.777344	0.018480	0.030000

check_k=4
1	1.059646	0.051110	2.000000
2	1.064464	0.049860	1.000000
5	1.070998	0.054200	0.400000
10	1.075335	0.058540	0.200000
20	1.079308	0.057710	0.100000
50	1.085959	0.066690	0.060000
100	1.097119	0.066650	0.030000

check_k=8
1	1.054452	0.113440	2.000000
2	1.057629	0.109520	1.000000
5	1.062770	0.108910	0.400000
10	1.066574	0.113670	0.300000
20	1.068622	0.120090	0.150000
50	1.074677	0.130500	0.100000
100	1.079505	0.125280	0.070000

check_k=16
1	1.051403	0.217460	2.000000
2	1.054188	0.223060	1.000000
5	1.057428	0.226140	0.400000
10	1.060350	0.214680	0.300000
20	1.060511	0.216140	0.150000
50	1.065200	0.222200	0.100000
100	1.068823	0.219570	0.100000

check_k=32
1	1.043673	0.417210	2.000000
2	1.048406	0.408020	1.000000
5	1.051340	0.413680	0.400000
10	1.054340	0.416990	0.300000
20	1.055067	0.413380	0.150000
50	1.057811	0.410020	0.140000
100	1.060400	0.423820	0.150000

check_k=64
1	1.036902	0.802400	2.000000
2	1.040851	0.764640	1.000000
5	1.046725	0.776730	0.400000
10	1.047076	0.801710	0.500000
20	1.049129	0.791550	0.400000
50	1.051782	0.820680	0.260000
100	1.052612	0.937230	0.370000

check_k=128
1	1.031522	1.640160	2.000000
2	1.035613	1.647730	1.500000
5	1.039742	1.684000	1.000000
10	1.041483	1.703470	1.100000
20	1.043203	1.715450	0.950000
50	1.044293	1.768300	0.640000
100	1.045634	1.856650	0.740000

check_k=256
1	1.025803	3.484220	2.000000
2	1.029589	3.438430	1.500000
5	1.033586	3.467690	1.800000
10	1.034825	3.557040	2.400000
20	1.035866	3.477090	2.200000
50	1.037797	3.492780	1.700000
100	1.038371	3.467160	1.640000

check_k=512
1	1.022296	5.980500	2.000000
2	1.025011	5.598430	2.500000
5	1.027445	5.682100	3.000000
10	1.027241	5.545680	3.800000
20	1.029074	5.971700	4.000000
50	1.031289	5.851720	3.300000
100	1.031503	5.670940	3.030000

lcsb  r=0.660000, L=32
Indexing Time: 14.231694 Seconds

Estimated Memory Usage: 428023808 Bytes

check_k=1
1	1.069261	0.066210	0.000000
2	1.075246	0.059230	0.000000
5	1.079713	0.038640	0.000000
10	1.083361	0.024500	0.000000
20	1.088792	0.022570	0.000000
50	1.103824	0.023420	0.020000
100	31622.777344	0.022940	0.040000

check_k=2
1	1.063884	0.054370	0.000000
2	1.069163	0.048440	0.000000
5	1.072747	0.047390	0.000000
10	1.075886	0.049960	0.000000
20	1.078054	0.049900	0.000000
50	1.085912	0.051680	0.020000
100	1.098318	0.052230	0.040000

check_k=4
1	1.056977	0.099950	1.000000
2	1.060433	0.098960	0.500000
5	1.064807	0.099410	0.200000
10	1.068661	0.100620	0.100000
20	1.069307	0.100900	0.050000
50	1.075250	0.103700	0.040000
100	1.080207	0.108390	0.080000

check_k=8
1	1.048904	0.206260	1.000000
2	1.051518	0.202830	0.500000
5	1.058259	0.202760	0.200000
10	1.059735	0.201590	0.100000
20	1.060975	0.201770	0.050000
50	1.066591	0.203070	0.080000
100	1.068333	0.209040	0.110000

check_k=16
1	1.041769	0.394780	1.000000
2	1.047794	0.387840	0.500000
5	1.050444	0.393890	0.400000
10	1.051777	0.382230	0.300000
20	1.053868	0.378770	0.150000
50	1.057432	0.380360	0.180000
100	1.059905	0.385020	0.220000

check_k=32
1	1.035609	0.734460	2.000000
2	1.037147	0.724740	1.000000
5	1.046529	0.719300	0.600000
10	1.046473	0.719340	0.700000
20	1.047669	0.716110	0.400000
50	1.050388	0.823090	0.480000
100	1.052534	0.737610	0.460000

check_k=64
1	1.031339	1.528090	4.000000
2	1.031804	1.548830	2.000000
5	1.040051	1.579090	1.000000
10	1.041980	1.567080	1.400000
20	1.042264	1.555720	0.900000
50	1.043357	1.559380	0.800000
100	1.044658	1.570470	0.860000

check_k=128
1	1.024779	3.172170	4.000000
2	1.027994	3.063230	3.000000
5	1.030970	2.867260	2.400000
10	1.034918	2.884050	3.000000
20	1.037251	2.968890	2.300000
50	1.038573	2.848660	1.720000
100	1.038161	2.857390	1.740000

check_k=256
1	1.019153	5.777000	6.000000
2	1.020825	5.699700	4.500000
5	1.026708	5.735150	4.400000
10	1.027388	5.829410	5.000000
20	1.030006	5.736000	4.250000
50	1.030995	6.087540	3.440000
100	1.032164	6.144740	3.350000

check_k=512
1	1.014599	11.772840	9.000000
2	1.016190	11.338690	8.000000
5	1.019981	11.713380	7.600000
10	1.021832	12.122710	8.800000
20	1.022638	11.529790	7.550000
50	1.025888	11.357200	6.300000
100	1.025563	11.517369	6.030000

lcsb  r=0.660000, L=64
Indexing Time: 30.644615 Seconds

Estimated Memory Usage: 812122112 Bytes

check_k=1
1	1.062716	0.129120	1.000000
2	1.066752	0.102990	0.500000
5	1.072847	0.095030	0.200000
10	1.075092	0.088210	0.200000
20	1.078345	0.085130	0.100000
50	1.085123	0.081840	0.060000
100	1.095915	0.075870	0.080000

check_k=2
1	1.056730	0.126850	2.000000
2	1.061979	0.126200	1.000000
5	1.064541	0.128420	0.400000
10	1.067186	0.127270	0.300000
20	1.068284	0.128020	0.150000
50	1.074414	0.131310	0.100000
100	1.079677	0.137370	0.110000

check_k=4
1	1.049783	0.233480	2.000000
2	1.052698	0.231580	1.000000
5	1.057870	0.230510	0.400000
10	1.061063	0.228240	0.300000
20	1.061526	0.228450	0.200000
50	1.064674	0.241600	0.140000
100	1.068349	0.242160	0.150000

check_k=8
1	1.041682	0.429840	2.000000
2	1.047391	0.422380	1.500000
5	1.051821	0.417890	1.000000
10	1.053874	0.417560	0.600000
20	1.053825	0.414280	0.400000
50	1.057675	0.413730	0.260000
100	1.059859	0.423180	0.260000

check_k=16
1	1.033890	0.806070	2.000000
2	1.039580	0.810540	2.000000
5	1.045579	0.814990	1.600000
10	1.045813	0.791150	1.100000
20	1.047552	0.782090	0.800000
50	1.050331	0.788100	0.600000
100	1.052144	0.814100	0.560000

check_k=32
1	1.028053	1.688990	3.000000
2	1.033076	1.509990	3.000000
5	1.039100	1.504360	2.200000
10	1.040191	1.511830	1.500000
20	1.042075	1.488770	1.100000
50	1.043357	1.494350	1.080000
100	1.044129	1.502750	0.980000

check_k=64
1	1.023613	2.911530	4.000000
2	1.027994	3.138690	3.500000
5	1.032925	2.961880	2.400000
10	1.034219	2.927290	2.400000
20	1.035966	2.941920	1.850000
50	1.037590	2.930070	1.840000
100	1.038059	3.084410	1.800000

check_k=128
1	1.017694	5.851660	5.000000
2	1.021328	5.829730	5.500000
5	1.025952	5.934990	4.600000
10	1.026320	5.825650	4.700000
20	1.028942	5.960870	3.950000
50	1.030930	5.807711	3.480000
100	1.031212	6.023230	3.350000

check_k=256
1	1.012758	11.321760	8.000000
2	1.016108	11.451099	8.500000
5	1.018773	11.334259	8.000000
10	1.020769	11.453170	9.000000
20	1.022363	11.618450	7.700000
50	1.024224	11.550350	6.520000
100	1.025192	11.494511	6.270000

check_k=512
1	1.008491	22.735319	10.000000
2	1.011813	22.641321	12.000000
5	1.013199	22.625120	14.400000
10	1.014830	22.653521	15.600000
20	1.017055	22.593332	14.100000
50	1.017660	22.493530	12.560000
100	1.019007	22.531231	11.830000

lcsb  r=0.660000, L=128
Indexing Time: 62.404728 Seconds

Estimated Memory Usage: 1580314624 Bytes

check_k=1
1	1.060164	0.249320	2.000000
2	1.061980	0.211810	1.000000
5	1.063582	0.201730	0.400000
10	1.067308	0.196320	0.300000
20	1.068941	0.194980	0.200000
50	1.074184	0.199220	0.160000
100	1.078691	0.202280	0.100000

check_k=2
1	1.050423	0.298970	2.000000
2	1.053045	0.293450	1.000000
5	1.056993	0.290370	1.000000
10	1.060692	0.296890	0.700000
20	1.060421	0.300810	0.450000
50	1.064864	0.300510	0.300000
100	1.067223	0.298270	0.210000

check_k=4
1	1.039534	0.484950	4.000000
2	1.045232	0.475120	2.000000
5	1.053662	0.475370	1.400000
10	1.053577	0.472060	1.200000
20	1.054329	0.615290	0.750000
50	1.057913	0.486360	0.480000
100	1.058638	0.480500	0.360000

check_k=8
1	1.034757	0.851190	4.000000
2	1.039285	0.846310	2.500000
5	1.044886	0.841270	2.000000
10	1.046485	0.849110	1.700000
20	1.047840	0.840110	1.050000
50	1.050098	0.840010	0.620000
100	1.052019	0.866790	0.520000

check_k=16
1	1.026638	1.551270	4.000000
2	1.031400	1.546710	3.000000
5	1.038950	1.566110	2.800000
10	1.040795	1.554230	2.500000
20	1.040873	1.591350	1.850000
50	1.043226	1.540540	1.200000
100	1.044781	1.566400	1.000000

check_k=32
1	1.021643	2.952120	4.000000
2	1.025922	3.046190	3.500000
5	1.030498	3.212450	3.400000
10	1.033585	3.027850	3.200000
20	1.035706	3.029340	2.650000
50	1.037177	3.035460	2.140000
100	1.037228	3.127290	1.920000

check_k=64
1	1.017293	5.856420	6.000000
2	1.019682	6.099100	6.500000
5	1.025391	5.873050	6.200000
10	1.025547	5.893820	6.100000
20	1.029152	5.912960	4.700000
50	1.030144	6.032820	3.800000
100	1.030977	5.903850	3.440000

check_k=128
1	1.013171	11.579850	12.000000
2	1.014557	11.680811	12.500000
5	1.018096	11.526279	12.200000
10	1.020656	11.688080	11.100000
20	1.022624	11.623650	8.550000
50	1.024615	11.674150	7.000000
100	1.025203	11.568080	6.490000

check_k=256
1	1.007354	22.618711	18.000000
2	1.010781	22.615459	17.000000
5	1.014188	22.608929	16.200001
10	1.015145	22.659878	17.200001
20	1.017055	23.029940	14.700000
50	1.018791	23.147139	12.740000
100	1.019095	22.990242	11.890000

check_k=512
1	1.004218	44.373310	28.000000
2	1.006316	44.470566	28.500000
5	1.008497	44.089409	27.799999
10	1.010475	43.675980	27.900000
20	1.011261	43.705601	25.200001
50	1.013121	43.624752	23.160000
100	1.013461	43.666431	22.049999

lcsb  r=0.660000, L=256
Indexing Time: 124.929733 Seconds

Estimated Memory Usage: 3116699648 Bytes

check_k=1
1	1.044832	0.552410	2.000000
2	1.048742	0.454560	1.500000
5	1.056798	0.406670	0.800000
10	1.060726	0.399100	0.500000
20	1.061456	0.406030	0.300000
50	1.065495	0.416340	0.240000
100	1.068661	0.545540	0.210000

check_k=2
1	1.038547	0.596050	3.000000
2	1.042074	0.585570	2.000000
5	1.051060	0.592110	1.200000
10	1.052268	0.592270	1.000000
20	1.054041	0.599250	0.600000
50	1.056952	0.606190	0.480000
100	1.058990	0.610380	0.380000

check_k=4
1	1.033425	0.978880	3.000000
2	1.034761	0.971430	2.000000
5	1.044805	0.974870	1.600000
10	1.044828	0.974790	1.300000
20	1.047368	0.973560	0.900000
50	1.049921	1.008680	0.700000
100	1.050554	0.983960	0.620000

check_k=8
1	1.027047	1.746470	5.000000
2	1.031156	1.948900	4.000000
5	1.037003	1.808550	2.800000
10	1.038525	1.833380	2.600000
20	1.040780	1.835830	1.700000
50	1.042886	1.798360	1.260000
100	1.043700	1.791950	1.150000

check_k=16
1	1.022191	3.289330	5.000000
2	1.023994	3.163680	5.500000
5	1.028713	3.496390	4.600000
10	1.032152	3.152410	3.900000
20	1.034601	3.380390	3.050000
50	1.036027	3.136590	2.240000
100	1.036968	3.134130	2.080000

check_k=32
1	1.018527	6.048030	7.000000
2	1.018722	5.887680	7.500000
5	1.023187	6.032250	6.600000
10	1.026062	5.964580	5.800000
20	1.028471	6.021680	4.950000
50	1.029532	6.204550	4.120000
100	1.030583	6.074210	3.720000

check_k=64
1	1.014268	11.762579	12.000000
2	1.014830	11.724430	11.500000
5	1.019089	11.770420	10.800000
10	1.020422	11.736320	9.600000
20	1.023195	11.755601	7.750000
50	1.024356	11.754400	6.940000
100	1.024027	11.602090	6.700000

check_k=128
1	1.007076	22.191721	24.000000
2	1.009614	22.141479	22.500000
5	1.013772	22.088478	20.400000
10	1.015118	21.958399	16.900000
20	1.016844	22.404211	14.300000
50	1.018768	22.521879	12.860000
100	1.019086	22.478582	12.620000

check_k=256
1	1.004575	43.481186	33.000000
2	1.005426	43.912750	30.500000
5	1.008666	43.110119	28.799999
10	1.010742	42.561642	26.600000
20	1.011563	42.573978	24.549999
50	1.012990	42.389809	22.840000
100	1.013387	42.307026	22.450001

check_k=512
1	1.000000	80.305885	52.000000
2	1.002081	81.924423	48.500000
5	1.003940	81.400307	46.799999
10	1.005627	80.896706	44.400002
20	1.006848	80.645653	43.000000
50	1.007348	79.212662	40.680000
100	1.008172	79.714134	39.480000

lcsb  r=0.660000, L=512
Indexing Time: 280.748322 Seconds

Estimated Memory Usage: 6189469696 Bytes

check_k=1
1	1.037930	3.656980	3.000000
2	1.043971	1.244460	2.000000
5	1.049325	1.196560	1.400000
10	1.052220	1.097300	1.100000
20	1.053540	1.044510	0.600000
50	1.056420	1.038120	0.420000
100	1.059276	1.044660	0.390000

check_k=2
1	1.033378	2.885120	4.000000
2	1.035667	1.519610	2.500000
5	1.043454	1.541470	1.600000
10	1.044955	1.634650	1.600000
20	1.046950	1.687760	0.950000
50	1.048019	1.714840	0.720000
100	1.050195	1.720980	0.760000

check_k=4
1	1.028243	4.044130	4.000000
2	1.031199	2.599540	3.500000
5	1.036913	2.582270	2.800000
10	1.036519	2.582220	2.400000
20	1.039908	2.586550	1.500000
50	1.042158	2.582750	1.260000
100	1.042814	2.614170	1.360000

check_k=8
1	1.021625	4.721910	5.000000
2	1.025220	3.949550	4.500000
5	1.030713	4.173260	3.800000
10	1.030685	4.287090	3.600000
20	1.033833	4.435430	2.450000
50	1.035153	4.274440	2.140000
100	1.036404	4.314070	2.150000

check_k=16
1	1.016141	7.599540	6.000000
2	1.019721	7.113890	6.000000
5	1.024227	7.591330	5.200000
10	1.025665	7.535190	5.700000
20	1.026672	7.552900	4.500000
50	1.029980	7.413870	4.000000
100	1.030119	7.122840	3.980000

check_k=32
1	1.011633	13.986560	13.000000
2	1.016167	13.909329	11.500000
5	1.018548	13.534620	9.800000
10	1.022054	14.001071	9.500000
20	1.022730	13.741460	7.700000
50	1.023703	13.792340	7.400000
100	1.024022	14.122089	7.170000

check_k=64
1	1.007218	25.082380	16.000000
2	1.011290	25.043440	16.500000
5	1.013461	25.623001	15.200000
10	1.015390	25.116999	15.300000
20	1.016874	25.002209	13.750000
50	1.017999	25.362749	13.800000
100	1.018301	24.870268	13.350000

check_k=128
1	1.003659	47.366749	30.000000
2	1.005577	46.919750	31.000000
5	1.009189	47.694649	30.600000
10	1.010628	47.720898	27.299999
20	1.011126	47.253788	25.600000
50	1.012586	47.842651	24.620001
100	1.013157	48.184971	23.620001

check_k=256
1	1.001449	89.759346	42.000000
2	1.003195	90.896271	42.000000
5	1.004815	90.085686	44.400002
10	1.005302	90.615013	45.200001
20	1.006581	90.622528	42.849998
50	1.007651	91.395752	41.820000
100	1.008026	91.727562	40.470001

check_k=512
1	1.000000	164.686813	65.000000
2	1.000236	168.484436	66.500000
5	1.001267	169.937714	68.400002
10	1.002469	171.928009	67.099998
20	1.002936	167.659592	65.699997
50	1.003383	161.119049	64.180000
100	1.004032	161.166977	63.070000

