lcsb  r=0.660000, L=8
Indexing Time: 0.084855 Seconds

Estimated Memory Usage: 8228864 Bytes

check_k=1
1	1.329569	0.010780	0.000000
2	1.366708	0.008340	0.000000
5	1.442166	0.005980	0.200000
10	1.549554	0.005210	0.100000
20	31622.777344	0.004920	0.100000
50	31622.777344	0.004820	0.580000
100	31622.777344	0.004670	0.430000

check_k=2
1	1.274729	0.009290	0.000000
2	1.310719	0.006720	0.000000
5	1.352381	0.006830	0.200000
10	1.437342	0.007030	0.100000
20	1.532287	0.007250	0.250000
50	31622.777344	0.007300	1.020000
100	31622.777344	0.007230	0.840000

check_k=4
1	1.216541	0.015450	1.000000
2	1.236378	0.011190	0.500000
5	1.281419	0.011000	0.400000
10	1.324384	0.011400	0.300000
20	1.399210	0.012170	0.550000
50	1.684433	0.012830	2.440000
100	31622.777344	0.012700	1.740000

check_k=8
1	1.181445	0.026780	1.000000
2	1.192256	0.021920	1.000000
5	1.224140	0.021030	0.600000
10	1.261546	0.021220	0.900000
20	1.291406	0.022450	1.150000
50	1.505488	0.024700	5.100000
100	1.614224	0.025190	3.670000

check_k=16
1	1.139470	0.048220	2.000000
2	1.160062	0.045380	2.000000
5	1.176186	0.046210	2.200000
10	1.205618	0.045600	2.100000
20	1.229655	0.045060	2.250000
50	1.394253	0.050400	9.400000
100	1.432921	0.051270	7.420000

check_k=32
1	1.107266	0.093720	5.000000
2	1.123795	0.096110	4.500000
5	1.137338	0.096410	5.600000
10	1.156574	0.104720	5.300000
20	1.170620	0.111320	4.600000
50	1.304385	0.113370	13.780000
100	1.327973	0.118250	13.880000

check_k=64
1	1.076165	0.213230	12.000000
2	1.092016	0.210850	9.500000
5	1.104048	0.214520	10.200000
10	1.118274	0.206930	8.600000
20	1.125114	0.197070	8.200000
50	1.249172	0.200520	19.100000
100	1.265005	0.206150	20.980000

check_k=128
1	1.054891	0.384580	17.000000
2	1.066707	0.387760	15.500000
5	1.072858	0.383770	18.200001
10	1.079943	0.382170	17.299999
20	1.088296	0.382680	16.350000
50	1.208087	0.390550	24.500000
100	1.210885	0.396380	26.740000

check_k=256
1	1.034578	0.746190	29.000000
2	1.034709	0.748260	29.500000
5	1.045830	0.742770	31.000000
10	1.049717	0.709270	30.100000
20	1.054444	0.698970	28.150000
50	1.180166	0.685950	30.040001
100	1.188187	0.687580	31.790001

check_k=512
1	1.000000	1.274160	53.000000
2	1.016630	1.276980	53.000000
5	1.022678	1.267640	51.000000
10	1.030043	1.268200	48.500000
20	1.033313	1.300150	46.250000
50	1.161866	1.301610	34.520000
100	1.179818	1.287340	36.160000

lcsb  r=0.660000, L=16
Indexing Time: 0.159956 Seconds

Estimated Memory Usage: 13275136 Bytes

check_k=1
1	1.262382	0.020730	1.000000
2	1.305160	0.017200	0.500000
5	1.361891	0.015840	0.400000
10	1.440100	0.014600	0.400000
20	1.537688	0.014350	0.300000
50	31622.777344	0.013360	2.500000
100	31622.777344	0.011270	2.130000

check_k=2
1	1.226307	0.019720	1.000000
2	1.236378	0.015600	0.500000
5	1.295668	0.015100	0.600000
10	1.332223	0.015630	0.500000
20	1.400854	0.016080	0.550000
50	1.660801	0.016870	4.140000
100	31622.777344	0.016780	4.260000

check_k=4
1	1.187945	0.029610	3.000000
2	1.202171	0.025490	1.500000
5	1.225001	0.025680	1.400000
10	1.272310	0.026300	1.100000
20	1.295803	0.026390	1.200000
50	1.492462	0.028840	6.920000
100	1.604897	0.031310	7.480000

check_k=8
1	1.145086	0.052850	4.000000
2	1.161602	0.049120	2.500000
5	1.179965	0.047070	2.600000
10	1.206350	0.047220	2.200000
20	1.226099	0.050880	2.150000
50	1.395247	0.048540	10.840000
100	1.449344	0.053510	11.190000

check_k=16
1	1.108070	0.088980	7.000000
2	1.116144	0.089000	5.500000
5	1.136601	0.088640	5.800000
10	1.153001	0.091970	4.800000
20	1.178542	0.090800	4.400000
50	1.304954	0.096280	15.400000
100	1.329021	0.100140	17.650000

check_k=32
1	1.080322	0.180050	15.000000
2	1.083188	0.181800	13.500000
5	1.103070	0.181370	12.400000
10	1.112708	0.182100	11.100000
20	1.128403	0.180220	9.350000
50	1.251985	0.189450	21.280001
100	1.265000	0.192460	24.639999

check_k=64
1	1.049690	0.347150	24.000000
2	1.063933	0.328600	22.500000
5	1.069986	0.331830	20.600000
10	1.080956	0.322030	17.700001
20	1.092221	0.323470	16.049999
50	1.207363	0.332490	27.299999
100	1.215535	0.341180	31.200001

check_k=128
1	1.027775	0.655980	33.000000
2	1.035018	0.614620	31.000000
5	1.044816	0.607140	32.000000
10	1.050446	0.615380	30.000000
20	1.059151	0.611100	28.400000
50	1.184514	0.621820	32.340000
100	1.186811	0.631540	36.200001

check_k=256
1	1.000000	1.189610	51.000000
2	1.012820	1.164420	52.000000
5	1.020152	1.197470	51.799999
10	1.026216	1.215830	49.700001
20	1.031312	1.274810	47.400002
50	1.167253	1.293520	37.599998
100	1.182206	1.285150	40.209999

check_k=512
1	1.000000	2.338620	79.000000
2	1.000000	2.340080	78.000000
5	1.004688	2.357170	75.199997
10	1.011051	2.464060	72.000000
20	1.013150	2.404630	69.949997
50	1.157784	2.386400	40.860001
100	1.156017	2.340000	44.130001

lcsb  r=0.660000, L=32
Indexing Time: 0.321485 Seconds

Estimated Memory Usage: 23633920 Bytes

check_k=1
1	1.205672	0.039920	1.000000
2	1.235949	0.035200	0.500000
5	1.285204	0.029320	0.800000
10	1.345535	0.025200	0.600000
20	1.396824	0.024980	0.750000
50	1.665608	0.025340	2.460000
100	31622.777344	0.025210	1.610000

check_k=2
1	1.185984	0.037940	1.000000
2	1.186096	0.034540	0.500000
5	1.229700	0.035160	1.000000
10	1.270006	0.033920	0.800000
20	1.309962	0.033700	1.100000
50	1.496948	0.037130	4.680000
100	1.601293	0.036930	3.310000

check_k=4
1	1.146056	0.061440	3.000000
2	1.159494	0.058700	2.500000
5	1.179480	0.055230	2.200000
10	1.207747	0.057580	2.000000
20	1.241852	0.059290	2.300000
50	1.396564	0.058490	8.800000
100	1.446681	0.065240	6.740000

check_k=8
1	1.104807	0.106530	5.000000
2	1.118709	0.104540	4.500000
5	1.135615	0.105190	4.800000
10	1.151608	0.108160	4.300000
20	1.179183	0.108810	4.300000
50	1.314221	0.109580	13.320000
100	1.333423	0.119680	13.060000

check_k=16
1	1.082108	0.197710	8.000000
2	1.083268	0.202910	9.500000
5	1.098200	0.200870	9.800000
10	1.115182	0.201520	9.000000
20	1.127936	0.207700	8.400000
50	1.251213	0.205950	19.100000
100	1.266596	0.214560	19.959999

check_k=32
1	1.050941	0.397520	21.000000
2	1.057495	0.361170	21.000000
5	1.067313	0.362900	19.600000
10	1.076800	0.365170	18.700001
20	1.081185	0.364770	16.950001
50	1.217442	0.368030	25.580000
100	1.215675	0.378490	26.730000

check_k=64
1	1.026389	0.684730	36.000000
2	1.034251	0.678760	34.500000
5	1.045254	0.655100	31.799999
10	1.050033	0.651720	29.799999
20	1.052489	0.686690	28.299999
50	1.182798	0.661210	30.600000
100	1.194137	0.670400	32.279999

check_k=128
1	1.000000	1.232980	54.000000
2	1.019846	1.271850	50.500000
5	1.025600	1.294210	49.400002
10	1.026759	1.246730	48.000000
20	1.031446	1.313130	45.700001
50	1.171590	1.278950	35.439999
100	1.175696	1.338260	36.549999

check_k=256
1	1.000000	2.323180	74.000000
2	1.000000	2.370020	73.000000
5	1.006350	2.397830	71.000000
10	1.011608	2.442150	70.900002
20	1.014176	2.387080	67.650002
50	1.150557	2.374900	39.160000
100	1.158740	2.457570	40.310001

check_k=512
1	1.000000	4.308650	90.000000
2	1.000000	4.260270	90.500000
5	1.000000	4.306040	88.400002
10	1.001797	4.253770	88.199997
20	1.003394	4.432690	86.849998
50	1.152795	4.389680	41.419998
100	1.147843	4.189120	42.820000

lcsb  r=0.660000, L=64
Indexing Time: 0.671482 Seconds

Estimated Memory Usage: 44089344 Bytes

check_k=1
1	1.173760	0.113660	1.000000
2	1.187630	0.078180	0.500000
5	1.224348	0.064650	1.400000
10	1.258201	0.060890	1.600000
20	1.304318	0.057810	1.700000
50	1.493716	0.058410	4.980000
100	1.605894	0.058900	3.320000

check_k=2
1	1.139907	0.090490	1.000000
2	1.161602	0.089970	1.500000
5	1.173822	0.084700	2.200000
10	1.210186	0.085250	2.100000
20	1.233945	0.088400	2.450000
50	1.397360	0.092640	8.740000
100	1.437217	0.094910	6.720000

check_k=4
1	1.100448	0.142880	3.000000
2	1.120630	0.148150	4.500000
5	1.132497	0.146260	4.600000
10	1.154940	0.159550	4.400000
20	1.171682	0.160310	4.850000
50	1.310327	0.159290	13.100000
100	1.342630	0.159870	12.830000

check_k=8
1	1.077296	0.255540	5.000000
2	1.087904	0.256540	8.500000
5	1.107589	0.255450	9.200000
10	1.112790	0.253940	8.500000
20	1.130751	0.259320	8.500000
50	1.248987	0.292840	19.080000
100	1.271555	0.284880	19.540001

check_k=16
1	1.052638	0.475330	17.000000
2	1.054695	0.489510	21.000000
5	1.070521	0.501340	19.200001
10	1.076800	0.519500	17.299999
20	1.087478	0.539070	15.800000
50	1.216960	0.568590	24.760000
100	1.222524	0.625520	26.120001

check_k=32
1	1.028523	1.248440	33.000000
2	1.030712	1.076760	36.000000
5	1.043060	0.998120	34.000000
10	1.050039	1.009440	32.000000
20	1.054404	0.977640	28.700001
50	1.178490	0.975990	30.320000
100	1.194793	0.998270	31.980000

check_k=64
1	1.000000	1.703810	54.000000
2	1.018201	1.685350	54.000000
5	1.023847	1.712450	49.599998
10	1.027999	1.636790	47.099998
20	1.033595	1.657650	45.200001
50	1.166415	1.811710	35.580002
100	1.171785	1.764260	36.389999

check_k=128
1	1.000000	3.178420	74.000000
2	1.000000	2.885710	72.500000
5	1.008429	2.770050	69.400002
10	1.013884	2.548740	68.300003
20	1.016049	2.518100	66.099998
50	1.151740	2.539500	38.799999
100	1.157839	2.617880	40.470001

check_k=256
1	1.000000	4.593680	86.000000
2	1.000000	4.838220	90.000000
5	1.000000	4.738110	88.599998
10	1.002600	4.658930	87.500000
20	1.004603	4.713860	85.849998
50	1.147960	4.530360	41.459999
100	1.146376	4.606810	42.869999

check_k=512
1	1.000000	7.147630	96.000000
2	1.000000	7.156050	97.500000
5	1.000000	7.585110	98.199997
10	1.000000	8.507820	97.599998
20	1.000000	8.347250	97.349998
50	1.140163	8.322160	42.380001
100	1.147304	7.785240	43.810001

lcsb  r=0.660000, L=128
Indexing Time: 1.409486 Seconds

Estimated Memory Usage: 85131264 Bytes

check_k=1
1	1.136114	0.191760	3.000000
2	1.162563	0.163950	1.500000
5	1.185871	0.155940	2.600000
10	1.200238	0.155210	2.500000
20	1.231025	0.152090	2.500000
50	1.408825	0.145870	8.640000
100	1.436223	0.148690	6.730000

check_k=2
1	1.108797	0.201680	4.000000
2	1.120729	0.204760	3.000000
5	1.138742	0.205340	4.400000
10	1.159373	0.207890	3.900000
20	1.181966	0.218200	4.250000
50	1.310700	0.216130	12.380000
100	1.338595	0.218860	12.540000

check_k=4
1	1.078412	0.325380	9.000000
2	1.085259	0.319660	10.500000
5	1.111518	0.318670	9.000000
10	1.117506	0.323020	8.300000
20	1.131155	0.322110	8.150000
50	1.263512	0.326610	18.639999
100	1.265592	0.339690	19.250000

check_k=8
1	1.061614	0.509430	15.000000
2	1.058403	0.520470	17.000000
5	1.072679	0.515150	16.400000
10	1.080753	0.498700	15.500000
20	1.090745	0.494680	14.550000
50	1.209539	0.496620	25.000000
100	1.223772	0.508490	25.530001

check_k=16
1	1.030877	0.816960	33.000000
2	1.033577	0.816940	35.000000
5	1.041754	0.806740	31.400000
10	1.053587	0.808490	29.400000
20	1.056251	0.824550	27.700001
50	1.178531	0.830060	30.320000
100	1.196516	0.824860	31.920000

check_k=32
1	1.000000	1.435020	58.000000
2	1.011765	1.489920	58.000000
5	1.023902	1.478200	53.200001
10	1.026291	1.485180	50.599998
20	1.033153	1.493850	46.950001
50	1.162938	1.507890	35.900002
100	1.172268	1.489160	36.419998

check_k=64
1	1.000000	2.573770	81.000000
2	1.000000	2.575380	75.500000
5	1.005799	2.565190	73.000000
10	1.012221	2.565760	70.099998
20	1.014260	2.595440	67.300003
50	1.153362	2.568390	39.200001
100	1.160446	2.583610	40.490002

check_k=128
1	1.000000	4.406820	89.000000
2	1.000000	4.383920	87.000000
5	1.000000	4.452980	88.800003
10	1.002929	4.379040	87.099998
20	1.004025	4.442470	85.449997
50	1.147918	4.504160	41.220001
100	1.146134	4.492860	42.770000

check_k=256
1	1.000000	6.952770	96.000000
2	1.000000	6.920770	97.000000
5	1.000000	6.883110	98.199997
10	1.000000	6.912260	98.000000
20	1.000000	6.918960	97.449997
50	1.142868	6.865551	42.400002
100	1.148269	6.904660	43.770000

check_k=512
1	1.000000	9.152230	100.000000
2	1.000000	9.123160	100.000000
5	1.000000	9.226440	100.000000
10	1.000000	9.682440	99.900002
20	1.000000	9.854580	99.900002
50	1.140163	9.338079	42.439999
100	1.148442	9.485820	44.000000

lcsb  r=0.660000, L=256
Indexing Time: 2.859317 Seconds

Estimated Memory Usage: 167346176 Bytes

check_k=1
1	1.108206	0.473070	4.000000
2	1.118865	0.420770	4.000000
5	1.137598	0.404130	4.800000
10	1.165299	0.428770	4.800000
20	1.176218	0.440720	5.150000
50	1.313020	0.452640	13.240000
100	1.345932	0.451850	13.050000

check_k=2
1	1.079701	0.618400	7.000000
2	1.090902	0.682460	7.000000
5	1.102940	0.691090	7.800000
10	1.117582	0.683450	8.100000
20	1.136075	0.645720	8.350000
50	1.255980	0.678060	18.780001
100	1.274648	0.706470	19.650000

check_k=4
1	1.057377	1.012220	18.000000
2	1.058292	0.997810	20.500000
5	1.068463	1.050360	17.000000
10	1.080394	0.941420	16.500000
20	1.092607	0.956670	15.750000
50	1.209420	1.057710	24.920000
100	1.221882	1.103920	26.070000

check_k=8
1	1.030877	1.920750	32.000000
2	1.031396	1.651860	36.000000
5	1.045291	1.599930	31.600000
10	1.052588	1.696370	29.500000
20	1.059040	1.843390	27.049999
50	1.178418	1.898030	30.219999
100	1.196187	2.048800	31.780001

check_k=16
1	1.000000	3.133680	52.000000
2	1.016058	3.152270	54.500000
5	1.022446	3.177290	50.400002
10	1.028102	3.478110	48.700001
20	1.032912	3.103090	46.099998
50	1.164589	3.341220	35.740002
100	1.174553	3.262060	36.590000

check_k=32
1	1.000000	5.735131	78.000000
2	1.000000	5.766160	76.000000
5	1.007563	4.099280	72.599998
10	1.011924	4.056730	70.000000
20	1.013210	3.537130	67.699997
50	1.149722	3.337310	39.240002
100	1.160753	3.228140	40.680000

check_k=64
1	1.000000	5.473490	92.000000
2	1.000000	5.341230	90.500000
5	1.000000	5.351650	90.000000
10	1.001651	5.334550	87.599998
20	1.003941	5.314600	85.900002
50	1.145589	6.008440	41.419998
100	1.145510	6.074400	43.000000

check_k=128
1	1.000000	8.957740	99.000000
2	1.000000	8.946630	98.000000
5	1.000000	8.334300	98.199997
10	1.000000	7.371290	97.699997
20	1.000000	7.362050	97.300003
50	1.140163	7.440300	42.360001
100	1.147304	7.788250	43.799999

check_k=256
1	1.000000	10.045210	100.000000
2	1.000000	10.012230	99.500000
5	1.000000	9.909340	99.800003
10	1.000000	9.911600	99.800003
20	1.000000	9.862830	99.650002
50	1.140163	9.852139	42.439999
100	1.148442	9.830461	43.990002

check_k=512
1	1.000000	11.100031	100.000000
2	1.000000	11.067030	100.000000
5	1.000000	11.003090	100.000000
10	1.000000	10.988211	100.000000
20	1.000000	10.957611	100.000000
50	1.140163	10.966770	42.439999
100	1.148442	11.007299	44.000000

lcsb  r=0.660000, L=512
Indexing Time: 5.838236 Seconds

Estimated Memory Usage: 331509760 Bytes

check_k=1
1	1.073199	0.879040	7.000000
2	1.087840	0.839950	10.500000
5	1.108366	0.840280	9.600000
10	1.122055	0.837470	9.300000
20	1.134527	0.835860	8.800000
50	1.266310	0.849730	18.760000
100	1.273092	0.846230	19.910000

check_k=2
1	1.055550	1.063320	18.000000
2	1.060345	1.072340	17.500000
5	1.065215	1.074310	17.000000
10	1.082029	1.072160	16.799999
20	1.092770	1.081930	15.100000
50	1.215112	1.086780	25.280001
100	1.226778	1.093980	26.389999

check_k=4
1	1.034643	1.451160	29.000000
2	1.034060	1.454210	33.500000
5	1.044189	1.474520	29.400000
10	1.050941	1.444850	29.600000
20	1.057570	1.453720	27.250000
50	1.184805	1.484360	30.740000
100	1.198235	1.504830	31.959999

check_k=8
1	1.000000	2.143390	51.000000
2	1.013210	2.146840	55.000000
5	1.017039	2.146170	52.400002
10	1.027052	2.160870	49.700001
20	1.032447	2.156400	45.349998
50	1.170911	2.161410	35.759998
100	1.173519	2.213780	36.650002

check_k=16
1	1.000000	3.348370	73.000000
2	1.000000	3.349450	77.500000
5	1.005912	3.352380	73.599998
10	1.012969	3.385980	71.199997
20	1.012995	3.374260	67.050003
50	1.154153	3.354240	39.480000
100	1.153924	3.453140	40.310001

check_k=32
1	1.000000	5.357570	89.000000
2	1.000000	5.358420	89.000000
5	1.000000	5.390200	88.800003
10	1.002328	5.367300	88.099998
20	1.003327	5.325780	86.199997
50	1.145589	5.385030	41.639999
100	1.145245	5.367720	43.090000

check_k=64
1	1.000000	8.217860	100.000000
2	1.000000	9.543330	99.500000
5	1.000000	9.488450	99.400002
10	1.000000	9.500520	97.900002
20	1.000000	8.049310	96.900002
50	1.140163	7.821510	42.380001
100	1.146534	7.819340	43.860001

check_k=128
1	1.000000	10.149450	100.000000
2	1.000000	10.151959	100.000000
5	1.000000	10.161110	100.000000
10	1.000000	10.158150	100.000000
20	1.000000	10.173750	99.900002
50	1.140163	10.184550	42.439999
100	1.148269	10.186150	44.009998

check_k=256
1	1.000000	11.519959	100.000000
2	1.000000	11.528810	100.000000
5	1.000000	11.572491	100.000000
10	1.000000	11.548960	100.000000
20	1.000000	11.658619	100.000000
50	1.140163	11.665879	42.439999
100	1.148442	11.691429	44.009998

check_k=512
1	1.000000	12.380010	100.000000
2	1.000000	12.434170	100.000000
5	1.000000	13.360141	100.000000
10	1.000000	13.279320	100.000000
20	1.000000	13.600360	100.000000
50	1.140163	13.434410	42.439999
100	1.148442	13.440229	44.009998

