lcsb  r=0.660000, L=8
Indexing Time: 0.084315 Seconds

Estimated Memory Usage: 8228864 Bytes

check_k=1
1	1.329569	0.006460	0.000000
2	1.366708	0.004320	0.000000
5	1.442166	0.004060	0.200000
10	1.549554	0.004060	0.100000
20	31622.777344	0.004320	0.100000
50	31622.777344	0.004420	0.580000
100	31622.777344	0.004120	0.430000

check_k=2
1	1.274729	0.007120	0.000000
2	1.310719	0.005470	0.000000
5	1.352381	0.005550	0.200000
10	1.437342	0.005880	0.100000
20	1.532287	0.006020	0.250000
50	31622.777344	0.006030	1.020000
100	31622.777344	0.006000	0.840000

check_k=4
1	1.216541	0.011580	1.000000
2	1.236378	0.009260	0.500000
5	1.281419	0.011230	0.400000
10	1.324384	0.011040	0.300000
20	1.399210	0.009940	0.550000
50	1.684433	0.010620	2.440000
100	31622.777344	0.012990	1.740000

check_k=8
1	1.181445	0.021450	1.000000
2	1.192256	0.021840	1.000000
5	1.224140	0.017250	0.600000
10	1.261546	0.020730	0.900000
20	1.291406	0.018680	1.150000
50	1.505488	0.023680	5.100000
100	1.614224	0.021590	3.670000

check_k=16
1	1.139470	0.044110	2.000000
2	1.160062	0.041600	2.000000
5	1.176186	0.040550	2.200000
10	1.205618	0.039770	2.100000
20	1.229655	0.039390	2.250000
50	1.394253	0.040070	9.400000
100	1.432921	0.043600	7.420000

check_k=32
1	1.107266	0.082240	5.000000
2	1.123795	0.079800	4.500000
5	1.137338	0.079190	5.600000
10	1.156574	0.083980	5.300000
20	1.170620	0.082800	4.600000
50	1.304385	0.086500	13.780000
100	1.327973	0.092580	13.880000

check_k=64
1	1.076165	0.171610	12.000000
2	1.092016	0.172110	9.500000
5	1.104048	0.171480	10.200000
10	1.118274	0.173330	8.600000
20	1.125114	0.172620	8.200000
50	1.249172	0.178260	19.100000
100	1.265005	0.184550	20.980000

check_k=128
1	1.054891	0.342020	17.000000
2	1.066707	0.345500	15.500000
5	1.072858	0.343300	18.200001
10	1.079943	0.346120	17.299999
20	1.088296	0.345400	16.350000
50	1.208087	0.351740	24.500000
100	1.210885	0.359300	26.740000

check_k=256
1	1.034578	0.666180	29.000000
2	1.034709	0.665830	29.500000
5	1.045830	0.667320	31.000000
10	1.049717	0.667260	30.100000
20	1.054444	0.669480	28.150000
50	1.180166	0.673090	30.040001
100	1.188187	0.691220	31.790001

check_k=512
1	1.000000	1.277310	53.000000
2	1.016630	1.287900	53.000000
5	1.022678	1.283810	51.000000
10	1.030043	1.266580	48.500000
20	1.033313	1.266540	46.250000
50	1.161866	1.315920	34.520000
100	1.179818	1.290160	36.160000

lcsb  r=0.660000, L=16
Indexing Time: 0.160415 Seconds

Estimated Memory Usage: 13275136 Bytes

check_k=1
1	1.262382	0.014110	1.000000
2	1.305160	0.012290	0.500000
5	1.361891	0.012230	0.400000
10	1.440100	0.010570	0.400000
20	1.537688	0.009400	0.300000
50	31622.777344	0.009360	1.220000
100	31622.777344	0.009160	0.850000

check_k=2
1	1.226307	0.015690	1.000000
2	1.236378	0.013000	0.500000
5	1.295668	0.012580	0.600000
10	1.332223	0.012770	0.500000
20	1.400854	0.013360	0.550000
50	1.660801	0.014110	2.140000
100	31622.777344	0.013970	1.700000

check_k=4
1	1.187945	0.025560	3.000000
2	1.202171	0.022440	1.500000
5	1.225001	0.021790	1.400000
10	1.272310	0.021790	1.100000
20	1.295803	0.022760	1.200000
50	1.492462	0.024600	4.920000
100	1.604897	0.025630	3.480000

check_k=8
1	1.145086	0.045950	4.000000
2	1.161602	0.042850	2.500000
5	1.179965	0.043180	2.600000
10	1.206350	0.043770	2.200000
20	1.226099	0.044710	2.150000
50	1.395247	0.047260	8.840000
100	1.449344	0.050670	7.190000

check_k=16
1	1.108070	0.092500	7.000000
2	1.116144	0.100160	5.500000
5	1.136601	0.089270	5.800000
10	1.153001	0.089350	4.800000
20	1.178542	0.091750	4.400000
50	1.304954	0.094160	13.400000
100	1.329021	0.099350	13.650000

check_k=32
1	1.080322	0.179470	15.000000
2	1.083188	0.179880	13.500000
5	1.103070	0.180510	12.400000
10	1.112708	0.182240	11.100000
20	1.128403	0.180910	9.350000
50	1.251985	0.188290	19.280001
100	1.265000	0.194210	20.639999

check_k=64
1	1.049690	0.352980	24.000000
2	1.063933	0.350620	22.500000
5	1.069986	0.351420	20.600000
10	1.080956	0.350530	17.700001
20	1.092221	0.354030	16.049999
50	1.207363	0.356040	25.299999
100	1.215535	0.366050	27.200001

check_k=128
1	1.027775	0.672050	33.000000
2	1.035018	0.687330	31.000000
5	1.044816	0.675010	32.000000
10	1.050446	0.676530	30.000000
20	1.059151	0.684660	28.400000
50	1.184514	0.674810	30.340000
100	1.186811	0.684990	32.200001

check_k=256
1	1.000000	1.258380	51.000000
2	1.012820	1.265790	52.000000
5	1.020152	1.257570	51.799999
10	1.026216	1.274530	49.700001
20	1.031312	1.265590	47.400002
50	1.167253	1.272340	35.599998
100	1.182206	1.292770	36.209999

check_k=512
1	1.000000	2.386800	79.000000
2	1.000000	2.387350	78.000000
5	1.004688	2.403060	75.199997
10	1.011051	2.435830	72.000000
20	1.013150	2.394270	69.949997
50	1.157784	2.406940	38.860001
100	1.156017	2.425000	40.130001

lcsb  r=0.660000, L=32
Indexing Time: 0.321428 Seconds

Estimated Memory Usage: 23633920 Bytes

check_k=1
1	1.205672	0.033840	1.000000
2	1.235949	0.029080	0.500000
5	1.285204	0.027140	0.800000
10	1.345535	0.023900	0.600000
20	1.396824	0.021130	0.750000
50	1.665608	0.020920	4.460000
100	31622.777344	0.020920	4.160000

check_k=2
1	1.185984	0.034450	1.000000
2	1.186096	0.030620	0.500000
5	1.229700	0.030390	1.000000
10	1.270006	0.030380	0.800000
20	1.309962	0.030570	1.100000
50	1.496948	0.032160	6.680000
100	1.601293	0.033260	7.310000

check_k=4
1	1.146056	0.058470	3.000000
2	1.159494	0.053970	2.500000
5	1.179480	0.054520	2.200000
10	1.207747	0.054940	2.000000
20	1.241852	0.055720	2.300000
50	1.396564	0.058700	10.800000
100	1.446681	0.062420	10.740000

check_k=8
1	1.104807	0.105360	5.000000
2	1.118709	0.106890	4.500000
5	1.135615	0.106850	4.800000
10	1.151608	0.112120	4.300000
20	1.179183	0.106930	4.300000
50	1.314221	0.111960	15.320000
100	1.333423	0.120840	17.059999

check_k=16
1	1.082108	0.210850	8.000000
2	1.083268	0.206970	9.500000
5	1.098200	0.201920	9.800000
10	1.115182	0.202760	9.000000
20	1.127936	0.201120	8.400000
50	1.251213	0.206020	21.100000
100	1.266596	0.213400	23.959999

check_k=32
1	1.050941	0.379640	21.000000
2	1.057495	0.384350	21.000000
5	1.067313	0.384040	19.600000
10	1.076800	0.381490	18.700001
20	1.081185	0.381110	16.950001
50	1.217442	0.386330	27.580000
100	1.215675	0.404510	30.730000

check_k=64
1	1.026389	0.713120	36.000000
2	1.034251	0.713280	34.500000
5	1.045254	0.714000	31.799999
10	1.050033	0.719070	29.799999
20	1.052489	0.712590	28.299999
50	1.182798	0.722900	32.599998
100	1.194137	0.737100	36.279999

check_k=128
1	1.000000	1.346950	54.000000
2	1.019846	1.341210	50.500000
5	1.025600	1.324120	49.400002
10	1.026759	1.316160	48.000000
20	1.031446	1.315650	45.700001
50	1.171590	1.337990	37.439999
100	1.175696	1.376380	40.549999

check_k=256
1	1.000000	2.457160	74.000000
2	1.000000	2.453920	73.000000
5	1.006350	2.453860	71.000000
10	1.011608	2.473410	70.900002
20	1.014176	2.471180	67.650002
50	1.150557	2.485070	41.160000
100	1.158740	2.531530	44.310001

check_k=512
1	1.000000	4.351100	90.000000
2	1.000000	4.325640	90.500000
5	1.000000	4.363480	88.400002
10	1.001797	4.378660	88.199997
20	1.003394	4.361630	86.849998
50	1.152795	4.360900	43.419998
100	1.147843	4.392790	46.820000

lcsb  r=0.660000, L=64
Indexing Time: 0.652234 Seconds

Estimated Memory Usage: 44089344 Bytes

check_k=1
1	1.173760	0.093010	1.000000
2	1.187630	0.067410	0.500000
5	1.224348	0.059230	1.400000
10	1.258201	0.054400	1.600000
20	1.304318	0.054750	1.700000
50	1.493716	0.056220	4.980000
100	1.605894	0.057090	3.320000

check_k=2
1	1.139907	0.086250	1.000000
2	1.161602	0.081370	1.500000
5	1.173822	0.079930	2.200000
10	1.210186	0.081400	2.100000
20	1.233945	0.082770	2.450000
50	1.397360	0.085980	8.740000
100	1.437217	0.090180	6.720000

check_k=4
1	1.100448	0.137420	3.000000
2	1.120630	0.138180	4.500000
5	1.132497	0.138740	4.600000
10	1.154940	0.139310	4.400000
20	1.171682	0.140820	4.850000
50	1.310327	0.144160	13.100000
100	1.342630	0.150510	12.830000

check_k=8
1	1.077296	0.241070	5.000000
2	1.087904	0.244240	8.500000
5	1.107589	0.243090	9.200000
10	1.112790	0.244180	8.500000
20	1.130751	0.245760	8.500000
50	1.248987	0.249050	19.080000
100	1.271555	0.256440	19.540001

check_k=16
1	1.052638	0.426700	17.000000
2	1.054695	0.427970	21.000000
5	1.070521	0.428680	19.200001
10	1.076800	0.428850	17.299999
20	1.087478	0.434060	15.800000
50	1.216960	0.437520	24.760000
100	1.222524	0.447470	26.120001

check_k=32
1	1.028523	0.768910	33.000000
2	1.030712	0.770930	36.000000
5	1.043060	0.762090	34.000000
10	1.050039	0.771020	32.000000
20	1.054404	0.771830	28.700001
50	1.178490	0.777220	30.320000
100	1.194793	0.788660	31.980000

check_k=64
1	1.000000	1.412460	54.000000
2	1.018201	1.397800	54.000000
5	1.023847	1.400650	49.599998
10	1.027999	1.402020	47.099998
20	1.033595	1.403410	45.200001
50	1.166415	1.406140	35.580002
100	1.171785	1.419140	36.389999

check_k=128
1	1.000000	2.531710	74.000000
2	1.000000	2.531320	72.500000
5	1.008429	2.524860	69.400002
10	1.013884	2.638130	68.300003
20	1.016049	2.854840	66.099998
50	1.151740	2.980090	38.799999
100	1.157839	3.043260	40.470001

check_k=256
1	1.000000	5.310160	86.000000
2	1.000000	4.774960	90.000000
5	1.000000	4.567811	88.599998
10	1.002600	5.091160	87.500000
20	1.004603	4.848450	85.849998
50	1.147960	5.069430	41.459999
100	1.146376	4.845170	42.869999

check_k=512
1	1.000000	7.778409	96.000000
2	1.000000	7.779200	97.500000
5	1.000000	7.577690	98.199997
10	1.000000	7.650520	97.599998
20	1.000000	7.642990	97.349998
50	1.140163	7.724880	42.380001
100	1.147304	7.766620	43.810001

lcsb  r=0.660000, L=128
Indexing Time: 1.415650 Seconds

Estimated Memory Usage: 85131264 Bytes

check_k=1
1	1.136114	0.193750	3.000000
2	1.162563	0.178160	1.500000
5	1.185871	0.177050	2.600000
10	1.200238	0.176710	2.500000
20	1.231025	0.180900	2.500000
50	1.408825	0.216070	10.640000
100	1.436223	0.201660	10.730000

check_k=2
1	1.108797	0.268430	4.000000
2	1.120729	0.247330	3.000000
5	1.138742	0.250190	4.400000
10	1.159373	0.234240	3.900000
20	1.181966	0.245280	4.250000
50	1.310700	0.241570	14.380000
100	1.338595	0.242790	16.540001

check_k=4
1	1.078412	0.335670	9.000000
2	1.085259	0.333020	10.500000
5	1.111518	0.331960	9.000000
10	1.117506	0.331490	8.300000
20	1.131155	0.347190	8.150000
50	1.263512	0.337180	20.639999
100	1.265592	0.342930	23.250000

check_k=8
1	1.061614	0.555270	15.000000
2	1.058403	0.590970	17.000000
5	1.072679	0.627660	16.400000
10	1.080753	0.568860	15.500000
20	1.090745	0.572240	14.550000
50	1.209539	0.602200	27.000000
100	1.223772	0.596450	29.530001

check_k=16
1	1.030877	0.961150	33.000000
2	1.033577	0.969920	35.000000
5	1.041754	0.951770	31.400000
10	1.053587	0.917690	29.400000
20	1.056251	0.934590	27.700001
50	1.178531	0.938270	32.320000
100	1.196516	1.026150	35.919998

check_k=32
1	1.000000	1.801800	58.000000
2	1.011765	1.730670	58.000000
5	1.023902	1.697080	53.200001
10	1.026291	1.633660	50.599998
20	1.033153	1.608720	46.950001
50	1.162938	1.723640	37.900002
100	1.172268	1.754590	40.419998

check_k=64
1	1.000000	3.112170	81.000000
2	1.000000	2.945640	75.500000
5	1.005799	3.007890	73.000000
10	1.012221	3.101700	70.099998
20	1.014260	3.030680	67.300003
50	1.153362	2.952810	41.200001
100	1.160446	3.075880	44.490002

check_k=128
1	1.000000	5.130980	89.000000
2	1.000000	5.196150	87.000000
5	1.000000	5.273470	88.800003
10	1.002929	4.987490	87.099998
20	1.004025	4.993060	85.449997
50	1.147918	5.057920	43.220001
100	1.146134	4.905090	46.770000

check_k=256
1	1.000000	7.566440	96.000000
2	1.000000	7.546870	97.000000
5	1.000000	7.525630	98.199997
10	1.000000	7.498010	98.000000
20	1.000000	7.643230	97.449997
50	1.142868	8.090120	44.400002
100	1.148269	8.472960	47.770000

check_k=512
1	1.000000	11.408080	100.000000
2	1.000000	11.260809	100.000000
5	1.000000	11.043579	100.000000
10	1.000000	11.139840	99.900002
20	1.000000	11.243821	99.900002
50	1.140163	11.464919	44.439999
100	1.148442	11.489201	48.000000

lcsb  r=0.660000, L=256
Indexing Time: 3.009584 Seconds

Estimated Memory Usage: 167346176 Bytes

check_k=1
1	1.108206	0.431870	4.000000
2	1.118865	0.409730	4.000000
5	1.137598	0.396850	4.800000
10	1.165299	0.381530	4.800000
20	1.176218	0.392630	5.150000
50	1.313020	0.386940	13.240000
100	1.345932	0.393310	13.050000

check_k=2
1	1.079701	0.508660	7.000000
2	1.090902	0.530000	7.000000
5	1.102940	0.534480	7.800000
10	1.117582	0.578390	8.100000
20	1.136075	0.558470	8.350000
50	1.255980	0.526110	18.780001
100	1.274648	0.534260	19.650000

check_k=4
1	1.057377	0.735910	18.000000
2	1.058292	0.749160	20.500000
5	1.068463	0.762030	17.000000
10	1.080394	0.777000	16.500000
20	1.092607	0.745420	15.750000
50	1.209420	0.724480	24.920000
100	1.221882	0.727030	26.070000

check_k=8
1	1.030877	1.093360	32.000000
2	1.031396	1.095550	36.000000
5	1.045291	1.094100	31.600000
10	1.052588	1.081880	29.500000
20	1.059040	1.079330	27.049999
50	1.178418	1.088350	30.219999
100	1.196187	1.152770	31.780001

check_k=16
1	1.000000	1.824480	52.000000
2	1.016058	1.787360	54.500000
5	1.022446	1.895560	50.400002
10	1.028102	1.947340	48.700001
20	1.032912	1.937520	46.099998
50	1.164589	1.951060	35.740002
100	1.174553	1.850030	36.590000

check_k=32
1	1.000000	3.057630	78.000000
2	1.000000	3.190390	76.000000
5	1.007563	3.234520	72.599998
10	1.011924	3.015560	70.000000
20	1.013210	3.231680	67.699997
50	1.149722	3.292070	39.240002
100	1.160753	3.154640	40.680000

check_k=64
1	1.000000	5.213229	92.000000
2	1.000000	5.268830	90.500000
5	1.000000	5.186080	90.000000
10	1.001651	5.346870	87.599998
20	1.003941	5.116520	85.900002
50	1.145589	5.358520	41.419998
100	1.145510	5.106730	43.000000

check_k=128
1	1.000000	7.976250	99.000000
2	1.000000	8.233210	98.000000
5	1.000000	7.913570	98.199997
10	1.000000	7.867770	97.699997
20	1.000000	8.194070	97.300003
50	1.140163	7.940030	42.360001
100	1.147304	7.981960	43.799999

check_k=256
1	1.000000	10.699460	100.000000
2	1.000000	10.322590	99.500000
5	1.000000	10.212250	99.800003
10	1.000000	10.483390	99.800003
20	1.000000	10.449540	99.650002
50	1.140163	10.459430	42.439999
100	1.148442	10.513310	43.990002

check_k=512
1	1.000000	11.816481	100.000000
2	1.000000	11.801861	100.000000
5	1.000000	11.875799	100.000000
10	1.000000	11.803141	100.000000
20	1.000000	11.810890	100.000000
50	1.140163	11.868930	42.439999
100	1.148442	11.988950	44.000000

lcsb  r=0.660000, L=512
Indexing Time: 6.025903 Seconds

Estimated Memory Usage: 331509760 Bytes

check_k=1
1	1.073199	0.879800	7.000000
2	1.087840	0.885560	10.500000
5	1.108366	0.884880	9.600000
10	1.122055	0.907630	9.300000
20	1.134527	0.917240	8.800000
50	1.266310	0.873670	18.760000
100	1.273092	0.910620	19.910000

check_k=2
1	1.055550	1.107660	18.000000
2	1.060345	1.143020	17.500000
5	1.065215	1.132390	17.000000
10	1.082029	1.088430	16.799999
20	1.092770	1.111530	15.100000
50	1.215112	1.092120	25.280001
100	1.226778	1.097290	26.389999

check_k=4
1	1.034643	1.561860	29.000000
2	1.034060	1.530040	33.500000
5	1.044189	1.571310	29.400000
10	1.050941	1.558080	29.600000
20	1.057570	1.571630	27.250000
50	1.184805	1.544740	30.740000
100	1.198235	1.565950	31.959999

check_k=8
1	1.000000	2.322690	51.000000
2	1.013210	2.342380	55.000000
5	1.017039	2.291530	52.400002
10	1.027052	2.285890	49.700001
20	1.032447	2.301160	45.349998
50	1.170911	2.291150	35.759998
100	1.173519	2.340310	36.650002

check_k=16
1	1.000000	3.579710	73.000000
2	1.000000	3.590890	77.500000
5	1.005912	3.651670	73.599998
10	1.012969	3.624910	71.199997
20	1.012995	3.613380	67.050003
50	1.154153	3.630120	39.480000
100	1.153924	3.549780	40.310001

check_k=32
1	1.000000	5.723040	89.000000
2	1.000000	5.621720	89.000000
5	1.000000	5.706440	88.800003
10	1.002328	5.662410	88.099998
20	1.003327	5.693240	86.199997
50	1.145589	5.726780	41.639999
100	1.145245	5.979410	43.090000

check_k=64
1	1.000000	9.357480	100.000000
2	1.000000	9.262660	99.500000
5	1.000000	9.267550	99.400002
10	1.000000	9.155261	97.900002
20	1.000000	9.047170	96.900002
50	1.140163	9.303410	42.380001
100	1.146534	9.308850	43.860001

check_k=128
1	1.000000	12.109890	100.000000
2	1.000000	12.093550	100.000000
5	1.000000	12.107630	100.000000
10	1.000000	12.009309	100.000000
20	1.000000	12.054291	99.900002
50	1.140163	11.872450	42.439999
100	1.148269	11.840449	44.009998

check_k=256
1	1.000000	13.597090	100.000000
2	1.000000	13.583859	100.000000
5	1.000000	13.567030	100.000000
10	1.000000	13.292729	100.000000
20	1.000000	13.183569	100.000000
50	1.140163	12.531051	42.439999
100	1.148442	12.285310	44.009998

check_k=512
1	1.000000	12.026240	100.000000
2	1.000000	12.206381	100.000000
5	1.000000	13.260360	100.000000
10	1.000000	13.218811	100.000000
20	1.000000	12.899540	100.000000
50	1.140163	13.129029	42.439999
100	1.148442	12.883030	44.009998

