lcsb  r=0.660000, L=8
Indexing Time: 2.622362 Seconds

Estimated Memory Usage: 139984896 Bytes

check_k=1
1	1.287761	0.020920	0.000000
2	1.315958	0.015560	0.000000
5	1.372103	0.009670	0.000000
10	1.438437	0.005100	0.000000
20	31622.777344	0.004620	0.000000
50	31622.777344	0.004620	0.000000
100	31622.777344	0.004530	0.000000

check_k=2
1	1.261356	0.009860	0.000000
2	1.274983	0.005920	0.000000
5	1.320880	0.005890	0.000000
10	1.361671	0.006110	0.000000
20	1.410960	0.006880	0.000000
50	31622.777344	0.007760	0.040000
100	31622.777344	0.007820	0.020000

check_k=4
1	1.233382	0.016500	0.000000
2	1.250744	0.010930	0.000000
5	1.271770	0.011770	0.000000
10	1.302655	0.009900	0.000000
20	1.339039	0.010420	0.000000
50	1.416129	0.011150	0.040000
100	31622.777344	0.011120	0.040000

check_k=8
1	1.200610	0.032170	0.000000
2	1.215922	0.027340	0.000000
5	1.238876	0.026410	0.000000
10	1.258116	0.023100	0.100000
20	1.276908	0.023210	0.050000
50	1.325913	0.026440	0.100000
100	1.390363	0.024750	0.090000

check_k=16
1	1.187666	0.069790	0.000000
2	1.192930	0.065730	0.000000
5	1.197845	0.063530	0.400000
10	1.222916	0.062450	0.300000
20	1.231273	0.062340	0.150000
50	1.266773	0.064510	0.140000
100	1.303238	0.067900	0.150000

check_k=32
1	1.163594	0.142050	0.000000
2	1.180582	0.124610	0.000000
5	1.178796	0.124220	0.600000
10	1.189992	0.127170	0.500000
20	1.201776	0.129200	0.300000
50	1.224084	0.130920	0.340000
100	1.246099	0.136550	0.320000

check_k=64
1	1.137046	0.266900	0.000000
2	1.150962	0.263420	0.000000
5	1.153872	0.263790	0.800000
10	1.157969	0.262850	0.900000
20	1.168723	0.261660	0.650000
50	1.190485	0.264010	0.700000
100	1.209198	0.270180	0.650000

check_k=128
1	1.119453	0.531890	0.000000
2	1.130976	0.545340	0.500000
5	1.132043	0.544280	1.400000
10	1.142138	0.544730	1.700000
20	1.144041	0.546140	1.150000
50	1.165442	0.563870	1.040000
100	1.178021	0.562690	1.020000

check_k=256
1	1.104481	1.077800	1.000000
2	1.115762	1.075790	2.500000
5	1.118680	1.093040	3.200000
10	1.122248	1.076490	2.800000
20	1.127167	1.078950	2.200000
50	1.142265	1.071300	1.860000
100	1.150844	1.067960	1.720000

check_k=512
1	1.089824	2.138220	1.000000
2	1.096889	2.146420	3.000000
5	1.099552	2.147780	3.400000
10	1.103575	2.136610	3.600000
20	1.107793	2.139480	3.100000
50	1.115512	2.143370	3.040000
100	1.124637	2.160900	3.000000

lcsb  r=0.660000, L=16
Indexing Time: 5.506574 Seconds

Estimated Memory Usage: 236040192 Bytes

check_k=1
1	1.264378	0.041490	0.000000
2	1.277572	0.033310	0.000000
5	1.326836	0.027220	0.000000
10	1.364140	0.011640	0.000000
20	1.411892	0.010310	0.000000
50	31622.777344	0.010260	0.040000
100	31622.777344	0.010090	0.020000

check_k=2
1	1.237498	0.020630	0.000000
2	1.248181	0.016070	0.000000
5	1.283445	0.015130	0.000000
10	1.313987	0.015120	0.000000
20	1.334462	0.015050	0.100000
50	1.407270	0.015350	0.100000
100	31622.777344	0.015420	0.070000

check_k=4
1	1.212008	0.038060	0.000000
2	1.229604	0.037740	0.000000
5	1.245297	0.031540	0.000000
10	1.266368	0.029420	0.000000
20	1.283700	0.029260	0.100000
50	1.324581	0.030890	0.100000
100	1.386963	0.031520	0.090000

check_k=8
1	1.174360	0.076140	0.000000
2	1.199799	0.066940	0.000000
5	1.201786	0.078510	0.000000
10	1.221940	0.074410	0.200000
20	1.242209	0.065010	0.250000
50	1.268771	0.068330	0.240000
100	1.302145	0.072270	0.230000

check_k=16
1	1.144666	0.141500	0.000000
2	1.163416	0.153790	0.000000
5	1.180266	0.138890	0.200000
10	1.186616	0.138810	0.400000
20	1.208465	0.139690	0.400000
50	1.226755	0.143050	0.400000
100	1.250018	0.148890	0.380000

check_k=32
1	1.120180	0.281270	0.000000
2	1.139309	0.277770	0.000000
5	1.152975	0.275910	0.600000
10	1.161390	0.275910	0.800000
20	1.171060	0.275620	0.750000
50	1.188773	0.278550	0.700000
100	1.208123	0.285150	0.630000

check_k=64
1	1.106877	0.549970	0.000000
2	1.123753	0.545360	0.000000
5	1.134622	0.542590	1.000000
10	1.136496	0.540410	1.400000
20	1.144087	0.540150	1.350000
50	1.157341	0.544700	1.280000
100	1.175342	0.552130	1.120000

check_k=128
1	1.089824	1.086030	1.000000
2	1.107083	1.093770	1.000000
5	1.113011	1.097790	2.000000
10	1.118641	1.109050	2.700000
20	1.125465	1.106920	2.300000
50	1.135507	1.089870	2.140000
100	1.147487	1.104220	1.830000

check_k=256
1	1.076501	2.149880	2.000000
2	1.089545	2.184070	3.000000
5	1.099190	2.179690	4.000000
10	1.104022	2.148220	4.300000
20	1.106819	2.147330	3.900000
50	1.115360	2.146490	3.540000
100	1.123889	2.148360	3.010000

check_k=512
1	1.059742	4.301460	2.000000
2	1.072269	4.265640	4.000000
5	1.076925	4.282960	5.800000
10	1.083295	4.266190	6.800000
20	1.085230	4.289500	5.950000
50	1.092610	4.281760	5.780000
100	1.096821	4.289700	5.340000

lcsb  r=0.660000, L=32
Indexing Time: 12.004512 Seconds

Estimated Memory Usage: 428011520 Bytes

check_k=1
1	1.237576	0.080560	0.000000
2	1.257814	0.066160	0.000000
5	1.277360	0.053030	0.000000
10	1.307989	0.040610	0.000000
20	1.329941	0.034260	0.000000
50	1.414481	0.031270	0.040000
100	31622.777344	0.029240	0.020000

check_k=2
1	1.198188	0.051130	0.000000
2	1.233245	0.049440	0.000000
5	1.238041	0.047130	0.000000
10	1.267020	0.046940	0.000000
20	1.278515	0.047420	0.000000
50	1.322074	0.049390	0.080000
100	1.383918	0.050330	0.050000

check_k=4
1	1.169063	0.096010	0.000000
2	1.188716	0.083210	0.500000
5	1.201066	0.083240	0.400000
10	1.223909	0.083870	0.400000
20	1.232127	0.084890	0.250000
50	1.265504	0.088090	0.200000
100	1.299214	0.091710	0.180000

check_k=8
1	1.144777	0.161430	0.000000
2	1.161578	0.159760	0.500000
5	1.170681	0.159330	0.600000
10	1.188908	0.159520	0.600000
20	1.201433	0.160180	0.450000
50	1.220439	0.163910	0.480000
100	1.244472	0.169400	0.430000

check_k=16
1	1.119325	0.303090	0.000000
2	1.129873	0.302400	0.500000
5	1.148116	0.303760	0.800000
10	1.159430	0.302220	1.100000
20	1.166905	0.303110	0.850000
50	1.185708	0.305940	0.840000
100	1.202952	0.311770	0.710000

check_k=32
1	1.103675	0.583770	0.000000
2	1.113679	0.586500	0.500000
5	1.125255	0.582750	1.800000
10	1.133820	0.576860	2.000000
20	1.144547	0.595250	1.450000
50	1.157013	0.582000	1.360000
100	1.169377	0.582930	1.230000

check_k=64
1	1.096309	1.128850	0.000000
2	1.095636	1.119760	0.500000
5	1.105723	1.115310	2.200000
10	1.113028	1.108550	2.400000
20	1.118058	1.118730	2.350000
50	1.130827	1.117450	2.180000
100	1.140947	1.129890	2.040000

check_k=128
1	1.075322	2.211090	2.000000
2	1.081814	2.185830	2.500000
5	1.088914	2.185940	5.000000
10	1.094439	2.191440	4.700000
20	1.097869	2.216720	3.800000
50	1.110080	2.199710	3.560000
100	1.116959	2.205910	3.420000

check_k=256
1	1.060538	4.326880	5.000000
2	1.066959	4.334480	5.500000
5	1.073814	4.314150	8.000000
10	1.080690	4.343490	7.800000
20	1.080485	4.322010	6.500000
50	1.089242	4.351090	5.900000
100	1.096762	4.341570	5.600000

check_k=512
1	1.050757	8.535379	10.000000
2	1.054040	8.515540	10.000000
5	1.058719	8.513500	11.600000
10	1.060772	8.484179	12.200000
20	1.063396	8.505990	10.850000
50	1.069531	8.518909	10.460000
100	1.074382	8.529200	9.790000

lcsb  r=0.660000, L=64
Indexing Time: 25.574188 Seconds

Estimated Memory Usage: 812093440 Bytes

check_k=1
1	1.198188	0.154460	0.000000
2	1.220287	0.127210	0.000000
5	1.241374	0.113300	0.000000
10	1.260876	0.107300	0.200000
20	1.278386	0.103050	0.200000
50	1.318291	0.102660	0.120000
100	1.390862	0.101810	0.130000

check_k=2
1	1.178839	0.135620	0.000000
2	1.191069	0.133090	0.000000
5	1.203475	0.132160	0.200000
10	1.224268	0.131700	0.300000
20	1.240275	0.131610	0.250000
50	1.271062	0.133710	0.180000
100	1.300381	0.137210	0.190000

check_k=4
1	1.149849	0.207920	0.000000
2	1.162552	0.226700	0.500000
5	1.177001	0.206140	0.400000
10	1.181352	0.204330	0.500000
20	1.206101	0.205070	0.450000
50	1.223611	0.207730	0.360000
100	1.249165	0.212800	0.360000

check_k=8
1	1.125999	0.349240	0.000000
2	1.140304	0.347530	0.500000
5	1.147372	0.345990	0.400000
10	1.159878	0.348780	0.700000
20	1.162408	0.350930	0.700000
50	1.186142	0.355940	0.600000
100	1.200607	0.358440	0.650000

check_k=16
1	1.112709	0.630840	0.000000
2	1.117037	0.626310	0.500000
5	1.127950	0.627590	0.600000
10	1.135256	0.626560	1.500000
20	1.138160	0.624710	1.350000
50	1.150443	0.630910	1.280000
100	1.167434	0.646910	1.310000

check_k=32
1	1.089159	1.188190	0.000000
2	1.099579	1.217920	0.500000
5	1.104503	1.196920	2.000000
10	1.112245	1.199300	3.200000
20	1.114533	1.200610	2.700000
50	1.124820	1.203040	2.420000
100	1.134234	1.223290	2.360000

check_k=64
1	1.073230	2.266030	3.000000
2	1.080340	2.289590	3.000000
5	1.082488	2.286630	4.800000
10	1.090985	2.273000	6.000000
20	1.093805	2.269070	5.150000
50	1.102581	2.274740	4.440000
100	1.109329	2.305700	4.250000

check_k=128
1	1.055409	4.404660	6.000000
2	1.065046	4.428610	5.500000
5	1.069893	4.426400	8.000000
10	1.073425	4.401850	9.100000
20	1.077049	4.435880	7.650000
50	1.083958	4.403820	6.980000
100	1.089440	4.447740	6.690000

check_k=256
1	1.045879	8.642529	10.000000
2	1.050523	8.616460	12.000000
5	1.056468	8.651859	13.600000
10	1.060829	8.643000	13.500000
20	1.062884	8.649620	11.750000
50	1.066648	8.655650	10.940000
100	1.072330	8.675159	10.370000

check_k=512
1	1.034135	16.903009	18.000000
2	1.038313	16.917021	21.500000
5	1.039947	16.955830	21.400000
10	1.043030	16.907999	21.700001
20	1.043413	16.940189	19.450001
50	1.049851	16.919880	18.879999
100	1.052647	16.950130	17.950001

lcsb  r=0.660000, L=128
Indexing Time: 53.250103 Seconds

Estimated Memory Usage: 1580253184 Bytes

check_k=1
1	1.161263	0.291000	0.000000
2	1.184715	0.256510	0.500000
5	1.204924	0.251780	0.200000
10	1.219841	0.223820	0.300000
20	1.236246	0.219130	0.200000
50	1.264039	0.220930	0.340000
100	1.302613	0.224470	0.280000

check_k=2
1	1.138700	0.298270	1.000000
2	1.150191	0.296240	1.000000
5	1.174845	0.294150	0.800000
10	1.186540	0.294660	0.900000
20	1.197824	0.295450	0.700000
50	1.220796	0.297650	0.680000
100	1.241676	0.303810	0.500000

check_k=4
1	1.121250	0.446430	1.000000
2	1.128162	0.449950	1.500000
5	1.142962	0.453530	1.400000
10	1.155810	0.449430	1.400000
20	1.165098	0.449170	1.000000
50	1.182919	0.451640	1.080000
100	1.199257	0.457480	0.950000

check_k=8
1	1.103283	0.763990	1.000000
2	1.107478	0.826500	1.500000
5	1.114890	0.794390	2.200000
10	1.125031	0.794330	2.000000
20	1.134816	0.787600	1.750000
50	1.151557	0.812080	1.740000
100	1.163981	0.811620	1.580000

check_k=16
1	1.081520	1.378590	4.000000
2	1.086748	1.371730	4.000000
5	1.095411	1.370210	4.000000
10	1.103878	1.401160	4.000000
20	1.111690	1.351510	3.400000
50	1.120422	1.355600	3.260000
100	1.134127	1.365330	2.870000

check_k=32
1	1.059031	2.485550	6.000000
2	1.075736	2.545470	7.500000
5	1.079932	2.552830	7.600000
10	1.085323	2.529770	7.200000
20	1.087281	2.517010	5.800000
50	1.098988	2.530880	5.520000
100	1.104653	2.545630	4.990000

check_k=64
1	1.045532	4.682840	7.000000
2	1.056831	4.768340	10.500000
5	1.063544	4.730580	11.200000
10	1.067029	4.739010	11.300000
20	1.073256	4.700980	9.850000
50	1.077655	4.760310	8.820000
100	1.084718	4.805920	8.030000

check_k=128
1	1.036092	9.129000	12.000000
2	1.042762	9.168550	16.000000
5	1.051455	9.162920	16.799999
10	1.054565	9.173570	15.900000
20	1.057003	9.607800	13.900000
50	1.062231	9.651660	13.560000
100	1.066488	9.582420	12.470000

check_k=256
1	1.032485	23.514450	17.000000
2	1.029367	18.234621	23.000000
5	1.037033	18.192659	25.200001
10	1.040938	18.033791	23.000000
20	1.042836	18.056530	21.250000
50	1.047094	18.160469	20.420000
100	1.049949	18.047300	19.170000

check_k=512
1	1.014021	35.000282	29.000000
2	1.019345	34.988342	38.000000
5	1.024126	34.983990	38.400002
10	1.027051	34.847900	36.500000
20	1.028686	34.377899	33.900002
50	1.031242	34.372303	33.000000
100	1.033924	34.365673	31.559999

lcsb  r=0.660000, L=256
Indexing Time: 119.004456 Seconds

Estimated Memory Usage: 3116572672 Bytes

check_k=1
1	1.137628	1.755510	0.000000
2	1.151115	0.596160	0.500000
5	1.176609	0.619630	0.800000
10	1.191528	0.575750	1.000000
20	1.200314	0.552710	0.700000
50	1.216467	0.565670	0.560000
100	1.243619	0.570960	0.490000

check_k=2
1	1.116651	1.415190	0.000000
2	1.132429	0.782510	1.000000
5	1.143013	0.743950	1.000000
10	1.153897	0.759500	1.300000
20	1.170460	0.730560	1.050000
50	1.184309	0.721510	1.040000
100	1.197957	0.742350	0.910000

check_k=4
1	1.093939	1.765980	4.000000
2	1.106422	1.095070	3.000000
5	1.117421	1.060830	2.800000
10	1.129517	1.044910	2.700000
20	1.135883	1.038030	2.400000
50	1.150446	1.052890	1.960000
100	1.164841	1.073800	1.740000

check_k=8
1	1.080582	2.070770	4.000000
2	1.087135	1.669460	3.000000
5	1.091885	1.690840	4.400000
10	1.102170	1.677880	4.400000
20	1.109955	1.685120	3.900000
50	1.120213	1.757250	3.240000
100	1.131900	1.708300	3.000000

check_k=16
1	1.059031	2.933330	10.000000
2	1.068791	2.753930	7.500000
5	1.074900	2.739990	8.400000
10	1.082240	2.776300	8.200000
20	1.088252	2.843050	7.000000
50	1.095262	2.895180	6.000000
100	1.103787	2.889810	5.320000

check_k=32
1	1.044934	5.211020	13.000000
2	1.051950	5.330350	13.000000
5	1.058689	5.140510	14.600000
10	1.062291	5.145890	14.400000
20	1.068349	5.205500	11.900000
50	1.074097	5.137469	9.840000
100	1.080276	5.078740	9.070000

check_k=64
1	1.032132	9.586620	18.000000
2	1.033913	9.624160	20.000000
5	1.041555	9.372000	21.000000
10	1.048178	9.351900	20.900000
20	1.051095	9.281349	18.200001
50	1.057650	9.295390	15.880000
100	1.061701	9.581430	14.730000

check_k=128
1	1.020566	17.888680	26.000000
2	1.026585	17.675831	27.000000
5	1.028880	17.955240	29.200001
10	1.035701	17.860010	28.700001
20	1.038262	17.827040	26.200001
50	1.041997	17.770630	24.340000
100	1.045536	17.783789	23.070000

check_k=256
1	1.011855	33.942348	36.000000
2	1.016154	34.086197	38.000000
5	1.021627	33.931698	41.200001
10	1.025758	33.999939	38.900002
20	1.026548	34.042530	37.150002
50	1.029441	33.992268	35.380001
100	1.031882	34.038021	33.680000

check_k=512
1	1.000000	64.092888	56.000000
2	1.006042	63.965961	59.500000
5	1.010568	64.111526	62.000000
10	1.012911	63.622536	58.900002
20	1.014576	63.923901	55.700001
50	1.016398	65.138641	54.139999
100	1.018132	64.981850	52.119999

lcsb  r=0.660000, L=512
Indexing Time: 222.127182 Seconds

Estimated Memory Usage: 6189211648 Bytes

check_k=1
1	1.117724	1.183900	1.000000
2	1.124936	1.003520	1.000000
5	1.141546	0.986870	0.600000
10	1.152562	0.985020	0.900000
20	1.168097	0.983240	0.900000
50	1.183876	0.997030	0.960000
100	1.198520	0.991440	0.840000

check_k=2
1	1.095435	1.274470	2.000000
2	1.108205	1.282720	2.000000
5	1.118204	1.283260	1.400000
10	1.128050	1.281930	2.000000
20	1.132705	1.281680	1.800000
50	1.154013	1.286680	1.760000
100	1.165402	1.433190	1.650000

check_k=4
1	1.074861	1.848990	5.000000
2	1.083138	1.862010	5.500000
5	1.094392	1.861470	4.200000
10	1.100068	1.855640	4.300000
20	1.106928	1.856160	4.150000
50	1.118166	1.862040	3.560000
100	1.133152	1.868270	3.140000

check_k=8
1	1.057881	3.162940	7.000000
2	1.067586	3.102730	8.500000
5	1.073058	3.106970	7.800000
10	1.079713	3.271820	8.200000
20	1.084636	3.105480	7.700000
50	1.091519	3.119820	6.520000
100	1.103220	3.092710	5.890000

check_k=16
1	1.045532	5.302530	12.000000
2	1.047951	5.307650	14.500000
5	1.052466	5.448590	12.800000
10	1.057351	5.302970	13.600000
20	1.063826	5.312950	13.050000
50	1.071211	5.432370	11.180000
100	1.077739	5.340290	10.330000

check_k=32
1	1.031398	9.733720	22.000000
2	1.037561	9.589530	25.000000
5	1.038606	9.737230	22.600000
10	1.044012	9.604810	23.000000
20	1.047321	9.679440	20.500000
50	1.052667	9.934500	17.719999
100	1.057729	9.643530	17.059999

check_k=64
1	1.015743	17.912312	31.000000
2	1.020705	18.003210	36.000000
5	1.025689	17.769680	35.400002
10	1.030510	17.996420	35.500000
20	1.033278	17.916222	32.250000
50	1.037224	17.994911	28.860001
100	1.040756	17.987799	27.389999

check_k=128
1	1.003961	33.891201	43.000000
2	1.012068	33.810799	46.500000
5	1.016367	33.830650	47.599998
10	1.020202	33.897598	46.900002
20	1.020973	33.833920	44.650002
50	1.023772	33.967148	42.200001
100	1.026674	33.770370	40.540001

check_k=256
1	1.000000	62.920067	51.000000
2	1.006042	63.026993	57.500000
5	1.010584	63.006992	59.200001
10	1.012622	62.943066	58.900002
20	1.012350	63.002300	59.200001
50	1.014411	62.839108	57.240002
100	1.016462	63.128510	55.770000

check_k=512
1	1.000000	111.560013	76.000000
2	1.000000	111.555000	81.500000
5	1.001993	111.401794	81.400002
10	1.004320	111.529686	79.900002
20	1.004976	111.477257	79.199997
50	1.006430	111.574562	78.059998
100	1.006891	111.494972	76.419998

