lcsb  r=0.660000, L=8
Indexing Time: 0.140896 Seconds

Estimated Memory Usage: 7622656 Bytes

check_k=1
1	1.143889	0.009060	2.000000
2	1.164064	0.006550	1.000000
5	1.206259	0.006070	0.600000
10	1.258793	0.005810	0.600000
20	31622.777344	0.005560	0.450000
50	31622.777344	0.005400	1.360000
100	31622.777344	0.005350	0.600000

check_k=2
1	1.128874	0.011110	2.000000
2	1.134914	0.009830	1.000000
5	1.164637	0.008550	0.600000
10	1.197369	0.008210	0.700000
20	1.248704	0.008340	0.750000
50	31622.777344	0.008380	2.680000
100	31622.777344	0.008280	1.150000

check_k=4
1	1.103968	0.017600	4.000000
2	1.109241	0.014540	2.000000
5	1.130596	0.014150	1.200000
10	1.149516	0.014310	1.200000
20	1.178832	0.014860	1.000000
50	1.353567	0.015250	4.940000
100	31622.777344	0.015230	1.960000

check_k=8
1	1.092038	0.032140	5.000000
2	1.092541	0.027990	2.500000
5	1.106249	0.027460	1.600000
10	1.114738	0.027320	1.700000
20	1.137275	0.028250	1.600000
50	1.261449	0.030230	9.500000
100	1.343576	0.030150	3.910000

check_k=16
1	1.075353	0.062140	7.000000
2	1.076310	0.059500	4.500000
5	1.086186	0.057990	3.400000
10	1.093338	0.059270	3.200000
20	1.103491	0.060030	2.750000
50	1.191379	0.063770	15.320000
100	1.215756	0.067880	7.380000

check_k=32
1	1.056797	0.131310	11.000000
2	1.062901	0.129740	8.000000
5	1.068494	0.127990	5.200000
10	1.078046	0.125990	5.300000
20	1.083929	0.127100	5.200000
50	1.163491	0.132480	20.440001
100	1.169058	0.137090	12.790000

check_k=64
1	1.046238	0.252250	14.000000
2	1.048143	0.246620	14.000000
5	1.056472	0.248990	10.600000
10	1.060490	0.248310	9.900000
20	1.067729	0.248970	8.950000
50	1.146564	0.252690	23.600000
100	1.137475	0.257100	19.730000

check_k=128
1	1.035672	0.460800	19.000000
2	1.035442	0.457060	19.000000
5	1.042867	0.457840	17.400000
10	1.048756	0.462110	16.000000
20	1.052332	0.465290	13.750000
50	1.129526	0.463890	26.760000
100	1.112834	0.471030	26.110001

check_k=256
1	1.019036	0.823990	27.000000
2	1.026462	0.819070	26.500000
5	1.031172	0.804560	25.200001
10	1.035092	0.819290	23.600000
20	1.040835	0.816380	21.299999
50	1.126820	0.811840	30.840000
100	1.102741	0.831740	29.990000

check_k=512
1	1.009015	1.397220	36.000000
2	1.018945	1.379870	35.000000
5	1.023822	1.391140	32.799999
10	1.026193	1.431230	30.700001
20	1.030118	1.384620	28.750000
50	1.116375	1.378580	33.340000
100	1.098087	1.382580	32.470001

lcsb  r=0.660000, L=16
Indexing Time: 0.395189 Seconds

Estimated Memory Usage: 12464128 Bytes

check_k=1
1	1.108649	0.016290	4.000000
2	1.120883	0.013390	2.500000
5	1.148977	0.011420	1.400000
10	1.189936	0.007920	1.100000
20	1.444688	0.006990	0.900000
50	31622.777344	0.006650	3.540000
100	31622.777344	0.006550	1.690000

check_k=2
1	1.085413	0.013440	4.000000
2	1.104304	0.010770	3.000000
5	1.122298	0.010310	2.000000
10	1.144427	0.010270	2.100000
20	1.195901	0.010580	1.750000
50	31622.777344	0.010840	5.840000
100	31622.777344	0.010800	2.810000

check_k=4
1	1.077206	0.021940	4.000000
2	1.084090	0.022770	3.500000
5	1.098727	0.019840	3.200000
10	1.111288	0.018650	3.800000
20	1.137443	0.018570	3.050000
50	1.335210	0.019210	10.080000
100	31622.777344	0.019040	4.680000

check_k=8
1	1.057977	0.037660	6.000000
2	1.065320	0.035600	5.500000
5	1.080938	0.036400	4.400000
10	1.091440	0.036880	5.400000
20	1.108151	0.038230	4.550000
50	1.210493	0.040350	15.820000
100	1.432170	0.041550	7.680000

check_k=16
1	1.046699	0.073360	11.000000
2	1.055068	0.073110	11.000000
5	1.065547	0.073950	7.600000
10	1.077211	0.074330	8.400000
20	1.085358	0.074870	7.350000
50	1.173868	0.077820	19.820000
100	1.192250	0.081270	12.400000

check_k=32
1	1.035361	0.143600	15.000000
2	1.042017	0.142730	15.500000
5	1.052235	0.140750	13.000000
10	1.058402	0.142440	12.300000
20	1.069203	0.143000	11.450000
50	1.141076	0.144450	24.840000
100	1.149940	0.151080	17.980000

check_k=64
1	1.024150	0.283770	23.000000
2	1.029044	0.287760	23.500000
5	1.034081	0.282690	21.400000
10	1.044727	0.285340	20.100000
20	1.047787	0.284800	18.000000
50	1.125445	0.286920	29.500000
100	1.121400	0.299350	24.469999

check_k=128
1	1.016634	0.564380	30.000000
2	1.023453	0.557940	30.000000
5	1.027120	0.558410	28.799999
10	1.033942	0.556940	26.299999
20	1.035906	0.559090	25.549999
50	1.118875	0.546780	33.119999
100	1.105934	0.555730	29.760000

check_k=256
1	1.008784	1.073990	40.000000
2	1.011406	1.078170	40.500000
5	1.019893	1.127970	39.400002
10	1.022879	1.135720	37.799999
20	1.025447	1.150640	35.750000
50	1.118793	1.149290	35.779999
100	1.088332	1.094760	33.639999

check_k=512
1	1.000000	2.186620	62.000000
2	1.002999	2.138160	57.000000
5	1.010633	2.200170	55.000000
10	1.013660	2.207230	51.700001
20	1.016394	2.178020	49.650002
50	1.108090	2.194810	38.939999
100	1.082275	2.213210	36.520000

lcsb  r=0.660000, L=32
Indexing Time: 0.909746 Seconds

Estimated Memory Usage: 22138880 Bytes

check_k=1
1	1.093889	0.021230	6.000000
2	1.104590	0.018340	3.500000
5	1.123730	0.012370	2.600000
10	1.165493	0.009810	2.400000
20	1.264504	0.009460	1.650000
50	31622.777344	0.009300	4.560000
100	31622.777344	0.009190	2.080000

check_k=2
1	1.071903	0.019400	10.000000
2	1.081855	0.017550	5.500000
5	1.095577	0.017860	4.800000
10	1.118124	0.018020	4.400000
20	1.154712	0.017840	3.200000
50	31622.777344	0.017860	8.020000
100	31622.777344	0.017550	3.880000

check_k=4
1	1.059627	0.041620	12.000000
2	1.063392	0.040040	8.000000
5	1.076345	0.039040	7.200000
10	1.089227	0.035950	6.600000
20	1.107177	0.035810	4.900000
50	1.227296	0.040880	14.400000
100	31622.777344	0.041680	7.020000

check_k=8
1	1.036445	0.078970	17.000000
2	1.047208	0.076190	14.000000
5	1.062757	0.074620	12.800000
10	1.070321	0.074560	11.100000
20	1.079143	0.076560	8.300000
50	1.159444	0.079400	20.879999
100	1.191723	0.081450	12.190000

check_k=16
1	1.032210	0.148990	25.000000
2	1.035523	0.146720	19.500000
5	1.043809	0.144580	18.600000
10	1.051611	0.146800	15.800000
20	1.060498	0.148920	12.950000
50	1.129749	0.154010	25.680000
100	1.135238	0.162360	19.129999

check_k=32
1	1.015678	0.291530	30.000000
2	1.026424	0.289630	26.500000
5	1.034963	0.289340	24.799999
10	1.039032	0.294050	22.200001
20	1.045859	0.293650	19.650000
50	1.128914	0.295110	30.100000
100	1.106037	0.295700	25.500000

check_k=64
1	1.007795	0.564980	41.000000
2	1.015658	0.568410	40.000000
5	1.019779	0.544370	37.200001
10	1.027936	0.547310	32.500000
20	1.031269	0.552680	29.549999
50	1.122588	0.560310	33.660000
100	1.103100	0.565420	30.600000

check_k=128
1	1.000000	1.134910	53.000000
2	1.007606	1.159380	53.000000
5	1.015079	1.140610	48.000000
10	1.017314	1.148040	43.900002
20	1.021090	1.137930	40.650002
50	1.112686	1.150610	36.040001
100	1.091482	1.142350	35.270000

check_k=256
1	1.000000	2.146520	62.000000
2	1.002007	2.233960	65.000000
5	1.009297	2.251190	60.200001
10	1.011147	2.222020	57.500000
20	1.012767	2.244310	54.400002
50	1.105714	2.157390	39.240002
100	1.083206	2.288210	38.040001

check_k=512
1	1.000000	4.352850	75.000000
2	1.000000	4.225610	76.000000
5	1.004666	4.341620	74.199997
10	1.004893	4.345500	72.500000
20	1.006334	4.353760	70.550003
50	1.100383	4.429400	42.560001
100	1.078007	4.323170	40.200001

lcsb  r=0.660000, L=64
Indexing Time: 1.891828 Seconds

Estimated Memory Usage: 41361408 Bytes

check_k=1
1	1.057733	0.043370	15.000000
2	1.073222	0.030150	11.500000
5	1.092454	0.023890	8.200000
10	1.112869	0.023770	5.400000
20	1.145865	0.023020	3.700000
50	31622.777344	0.022110	7.760000
100	31622.777344	0.022160	4.090000

check_k=2
1	1.041918	0.043000	19.000000
2	1.055104	0.045860	15.000000
5	1.068324	0.048600	11.000000
10	1.085977	0.048810	7.800000
20	1.103520	0.048450	6.100000
50	1.211998	0.048250	14.400000
100	31622.777344	0.050080	7.510000

check_k=4
1	1.028810	0.093390	26.000000
2	1.039014	0.091930	20.000000
5	1.052866	0.091940	15.000000
10	1.062821	0.086410	11.900000
20	1.077290	0.088500	9.750000
50	1.158949	0.091780	21.100000
100	1.204268	0.095030	13.210000

check_k=8
1	1.022419	0.157040	31.000000
2	1.027918	0.168870	24.500000
5	1.039535	0.166160	20.799999
10	1.045874	0.164400	18.000000
20	1.055515	0.161930	15.550000
50	1.125003	0.166350	26.520000
100	1.143098	0.178700	20.520000

check_k=16
1	1.006332	0.312230	44.000000
2	1.018895	0.310110	35.500000
5	1.026367	0.297530	30.000000
10	1.032645	0.304140	27.700001
20	1.038778	0.304470	24.700001
50	1.119073	0.316390	32.060001
100	1.114442	0.326270	27.370001

check_k=32
1	1.000000	0.578210	55.000000
2	1.013508	0.554830	48.000000
5	1.017885	0.571720	41.200001
10	1.020670	0.553530	38.000000
20	1.027109	0.553280	34.599998
50	1.124098	0.576250	35.400002
100	1.099832	0.567330	32.360001

check_k=64
1	1.000000	1.192880	69.000000
2	1.004174	1.147670	62.500000
5	1.011751	1.167160	54.400002
10	1.013351	1.171510	51.000000
20	1.017548	1.136800	47.150002
50	1.108290	1.153220	38.320000
100	1.085636	1.134240	36.169998

check_k=128
1	1.000000	2.104630	77.000000
2	1.000000	2.245590	73.500000
5	1.005550	2.189410	67.000000
10	1.007130	2.188760	64.500000
20	1.009426	2.162720	61.900002
50	1.100951	2.096620	40.959999
100	1.082421	2.199310	38.459999

check_k=256
1	1.000000	4.194250	91.000000
2	1.000000	4.080190	86.500000
5	1.001539	4.159010	82.800003
10	1.003316	4.177790	79.699997
20	1.004447	4.040700	77.699997
50	1.100045	4.222600	43.139999
100	1.075732	4.188060	40.330002

check_k=512
1	1.000000	7.548050	95.000000
2	1.000000	7.494320	93.000000
5	1.000000	7.571250	90.599998
10	1.000537	7.590790	90.599998
20	1.001476	7.450950	90.900002
50	1.099735	7.436029	44.360001
100	1.076328	7.604110	41.900002

lcsb  r=0.660000, L=128
Indexing Time: 4.059620 Seconds

Estimated Memory Usage: 79941632 Bytes

check_k=1
1	1.038052	0.088940	20.000000
2	1.048420	0.078220	16.000000
5	1.067503	0.074300	11.400000
10	1.082062	0.070550	8.900000
20	1.102194	0.065850	7.250000
50	1.220532	0.065440	17.040001
100	31622.777344	0.063870	11.420000

check_k=2
1	1.026985	0.100100	25.000000
2	1.038243	0.100790	20.500000
5	1.049683	0.095420	16.799999
10	1.058997	0.097170	13.600000
20	1.072299	0.098420	11.400000
50	1.146437	0.103320	24.299999
100	1.192049	0.106670	18.190001

check_k=4
1	1.015332	0.173480	35.000000
2	1.024978	0.175710	31.500000
5	1.035072	0.183410	24.200001
10	1.044345	0.183650	20.700001
20	1.051214	0.179740	18.299999
50	1.134814	0.182580	28.980000
100	1.137618	0.187670	25.459999

check_k=8
1	1.004782	0.323400	46.000000
2	1.015755	0.324130	42.500000
5	1.023426	0.330610	36.400002
10	1.028559	0.322020	31.799999
20	1.035025	0.329010	28.500000
50	1.126208	0.330000	34.099998
100	1.107107	0.337130	33.110001

check_k=16
1	1.000000	0.584030	56.000000
2	1.008800	0.578520	50.000000
5	1.015996	0.584160	46.400002
10	1.020561	0.580640	42.900002
20	1.022515	0.582390	40.250000
50	1.116046	0.602770	37.439999
100	1.096151	0.656310	38.180000

check_k=32
1	1.000000	1.162370	68.000000
2	1.003574	1.122550	63.500000
5	1.009581	1.109050	59.400002
10	1.011954	1.157170	57.099998
20	1.013121	1.154330	54.400002
50	1.102286	1.112530	40.779999
100	1.084965	1.083970	41.080002

check_k=64
1	1.000000	2.121190	82.000000
2	1.000000	2.160770	78.000000
5	1.003353	2.169050	74.599998
10	1.004009	2.175480	73.000000
20	1.006648	2.124790	70.400002
50	1.102060	2.159270	43.840000
100	1.081694	2.189850	43.529999

check_k=128
1	1.000000	4.056030	89.000000
2	1.000000	3.908050	89.500000
5	1.000000	3.998320	88.199997
10	1.001211	3.984690	86.800003
20	1.003118	3.933830	84.400002
50	1.102072	4.008150	45.779999
100	1.074686	4.001750	45.189999

check_k=256
1	1.000000	7.025650	99.000000
2	1.000000	6.988550	98.000000
5	1.000000	7.165841	97.199997
10	1.000000	7.069820	95.800003
20	1.000317	7.169830	94.150002
50	1.099623	7.158450	46.619999
100	1.076063	7.114800	46.360001

check_k=512
1	1.000000	11.685570	100.000000
2	1.000000	11.656580	98.500000
5	1.000000	11.633070	98.800003
10	1.000000	11.661790	99.000000
20	1.000000	11.594619	98.949997
50	1.098785	11.611900	46.840000
100	1.077646	11.627730	46.980000

lcsb  r=0.660000, L=256
Indexing Time: 8.526867 Seconds

Estimated Memory Usage: 156958720 Bytes

check_k=1
1	1.028376	0.171370	21.000000
2	1.036550	0.142140	18.500000
5	1.047604	0.138030	15.800000
10	1.060037	0.135920	14.300000
20	1.069203	0.128300	12.350000
50	1.153198	0.129420	23.120001
100	1.188513	0.131520	14.890000

check_k=2
1	1.014264	0.196850	36.000000
2	1.021377	0.201750	33.500000
5	1.032325	0.203630	28.400000
10	1.040472	0.205810	24.700001
20	1.049454	0.209550	20.700001
50	1.124416	0.212280	28.420000
100	1.134079	0.226450	23.160000

check_k=4
1	1.004785	0.350290	46.000000
2	1.013725	0.355450	44.500000
5	1.019906	0.360180	40.000000
10	1.025696	0.381380	35.099998
20	1.033226	0.361050	31.549999
50	1.120767	0.365110	33.299999
100	1.108692	0.370750	30.309999

check_k=8
1	1.000000	0.631800	61.000000
2	1.005112	0.632150	57.000000
5	1.011544	0.635390	53.400002
10	1.016263	0.640630	48.700001
20	1.020761	0.644160	44.349998
50	1.111795	0.639860	36.740002
100	1.090731	0.645250	34.480000

check_k=16
1	1.000000	1.163060	79.000000
2	1.000000	1.122800	74.000000
5	1.005770	1.099960	69.400002
10	1.008958	1.120750	62.900002
20	1.011584	1.141420	58.700001
50	1.104757	1.170830	39.820000
100	1.081737	1.181720	37.529999

check_k=32
1	1.000000	2.150360	89.000000
2	1.000000	2.158470	85.000000
5	1.001311	2.138150	81.199997
10	1.003773	2.025820	77.300003
20	1.005812	2.033730	73.599998
50	1.099088	2.162520	42.500000
100	1.078007	2.127140	39.750000

check_k=64
1	1.000000	3.885110	95.000000
2	1.000000	3.915150	94.000000
5	1.000000	3.875580	91.599998
10	1.000582	3.819170	89.400002
20	1.001902	3.810290	87.449997
50	1.099735	3.901890	44.299999
100	1.076293	3.877650	41.570000

check_k=128
1	1.000000	6.719510	100.000000
2	1.000000	6.725510	100.000000
5	1.000000	6.724150	98.000000
10	1.000000	6.707000	96.800003
20	1.000000	6.733640	95.750000
50	1.099013	6.746700	44.720001
100	1.077661	6.794850	42.560001

check_k=256
1	1.000000	10.817290	100.000000
2	1.000000	10.894160	100.000000
5	1.000000	10.730269	99.400002
10	1.000000	10.852439	99.199997
20	1.000000	10.840321	99.150002
50	1.099013	10.805570	44.860001
100	1.077666	10.826260	42.990002

check_k=512
1	1.000000	15.440181	100.000000
2	1.000000	15.422471	100.000000
5	1.000000	15.520860	100.000000
10	1.000000	15.242720	99.900002
20	1.000000	15.512660	99.949997
50	1.099013	15.483420	44.900002
100	1.077730	15.570619	43.090000

lcsb  r=0.660000, L=512
Indexing Time: 17.524073 Seconds

Estimated Memory Usage: 311136256 Bytes

check_k=1
1	1.001614	0.333100	47.000000
2	1.021833	0.313530	38.000000
5	1.028351	0.321100	31.799999
10	1.033942	0.323480	29.200001
20	1.043550	0.322450	24.700001
50	1.122351	0.325350	29.660000
100	1.131946	0.326460	24.799999

check_k=2
1	1.000000	0.445970	55.000000
2	1.013345	0.465140	48.500000
5	1.016778	0.468660	42.799999
10	1.022571	0.470380	39.599998
20	1.028721	0.498260	35.150002
50	1.128847	0.475310	34.660000
100	1.104434	0.478190	32.130001

check_k=4
1	1.000000	0.761710	69.000000
2	1.001529	0.765580	65.000000
5	1.009314	0.762610	59.000000
10	1.012947	0.745620	55.500000
20	1.016976	0.746930	51.250000
50	1.112256	0.754750	37.860001
100	1.087695	0.760490	35.900002

check_k=8
1	1.000000	1.299080	81.000000
2	1.000000	1.306890	76.000000
5	1.004268	1.333200	72.400002
10	1.005551	1.308310	70.400002
20	1.008346	1.304920	66.599998
50	1.100886	1.316560	41.139999
100	1.080155	1.372200	38.689999

check_k=16
1	1.000000	2.352580	87.000000
2	1.000000	2.346550	83.500000
5	1.000370	2.320840	82.599998
10	1.001980	2.297870	83.199997
20	1.003457	2.292070	80.849998
50	1.099379	2.300310	43.599998
100	1.077309	2.351310	40.700001

check_k=32
1	1.000000	4.064160	96.000000
2	1.000000	4.019840	92.500000
5	1.000000	4.095550	92.599998
10	1.000000	4.119240	93.199997
20	1.001159	4.139900	92.349998
50	1.099735	4.057590	44.299999
100	1.076619	4.122790	42.029999

check_k=64
1	1.000000	6.872780	100.000000
2	1.000000	6.879590	100.000000
5	1.000000	6.976009	98.800003
10	1.000000	6.893100	98.000000
20	1.000000	6.944150	97.650002
50	1.098684	6.854159	44.700001
100	1.077661	6.912710	42.779999

check_k=128
1	1.000000	10.962700	100.000000
2	1.000000	10.958989	100.000000
5	1.000000	11.020990	99.599998
10	1.000000	10.972001	99.500000
20	1.000000	10.982349	99.400002
50	1.099013	11.009010	44.900002
100	1.077730	10.956491	42.990002

check_k=256
1	1.000000	15.874301	100.000000
2	1.000000	15.186040	100.000000
5	1.000000	14.865410	100.000000
10	1.000000	14.920871	99.900002
20	1.000000	14.897161	99.949997
50	1.099013	15.607200	44.919998
100	1.077730	15.655399	43.090000

check_k=512
1	1.000000	19.249809	100.000000
2	1.000000	19.191679	100.000000
5	1.000000	19.189220	100.000000
10	1.000000	19.257250	100.000000
20	1.000000	19.378901	100.000000
50	1.099013	19.134199	44.919998
100	1.077730	19.103571	43.090000

