lcsb  r=0.660000, L=8
Indexing Time: 0.140138 Seconds

Estimated Memory Usage: 7622656 Bytes

check_k=1
1	1.143889	0.008910	2.000000
2	1.164064	0.006320	1.000000
5	1.206259	0.006670	0.600000
10	1.258793	0.006540	0.600000
20	31622.777344	0.006150	0.450000
50	31622.777344	0.005400	1.360000
100	31622.777344	0.005270	0.600000

check_k=2
1	1.128874	0.011230	2.000000
2	1.134914	0.011000	1.000000
5	1.164637	0.009790	0.600000
10	1.197369	0.009030	0.700000
20	1.248704	0.009170	0.750000
50	31622.777344	0.010360	2.680000
100	31622.777344	0.010300	1.150000

check_k=4
1	1.103968	0.021920	4.000000
2	1.109241	0.019110	2.000000
5	1.130596	0.016720	1.200000
10	1.149516	0.018460	1.200000
20	1.178832	0.016000	1.000000
50	1.353567	0.016180	4.940000
100	31622.777344	0.015900	1.960000

check_k=8
1	1.092038	0.034310	5.000000
2	1.092541	0.029100	2.500000
5	1.106249	0.026940	1.600000
10	1.114738	0.026550	1.700000
20	1.137275	0.027110	1.600000
50	1.261449	0.028450	9.500000
100	1.343576	0.031880	3.910000

check_k=16
1	1.075353	0.065610	7.000000
2	1.076310	0.058010	4.500000
5	1.086186	0.057030	3.400000
10	1.093338	0.059080	3.200000
20	1.103491	0.058340	2.750000
50	1.191379	0.060200	15.320000
100	1.215756	0.063020	7.380000

check_k=32
1	1.056797	0.128890	11.000000
2	1.062901	0.123870	8.000000
5	1.068494	0.122810	5.200000
10	1.078046	0.125200	5.300000
20	1.083929	0.125310	5.200000
50	1.163491	0.131500	20.440001
100	1.169058	0.137620	12.790000

check_k=64
1	1.046238	0.255020	14.000000
2	1.048143	0.254740	14.000000
5	1.056472	0.253640	10.600000
10	1.060490	0.253490	9.900000
20	1.067729	0.253930	8.950000
50	1.146564	0.257660	23.600000
100	1.137475	0.268730	19.730000

check_k=128
1	1.035672	0.493650	19.000000
2	1.035442	0.517220	19.000000
5	1.042867	0.493020	17.400000
10	1.048756	0.478530	16.000000
20	1.052332	0.484910	13.750000
50	1.129526	0.487950	26.760000
100	1.112834	0.511880	26.110001

check_k=256
1	1.019036	0.870080	27.000000
2	1.026462	0.856230	26.500000
5	1.031172	0.859810	25.200001
10	1.035092	0.863480	23.600000
20	1.040835	0.862180	21.299999
50	1.126820	0.916310	30.840000
100	1.102741	0.910950	29.990000

check_k=512
1	1.009015	1.410950	36.000000
2	1.018945	1.367270	35.000000
5	1.023822	1.343980	32.799999
10	1.026193	1.303010	30.700001
20	1.030118	1.309110	28.750000
50	1.116375	1.302620	33.340000
100	1.098087	1.308880	32.470001

lcsb  r=0.660000, L=16
Indexing Time: 0.402612 Seconds

Estimated Memory Usage: 12464128 Bytes

check_k=1
1	1.108649	0.013460	4.000000
2	1.120883	0.011530	2.500000
5	1.148977	0.010010	1.400000
10	1.189936	0.007730	1.100000
20	1.444688	0.007040	0.900000
50	31622.777344	0.007370	3.540000
100	31622.777344	0.007350	1.690000

check_k=2
1	1.085413	0.015270	4.000000
2	1.104304	0.012910	3.000000
5	1.122298	0.012090	2.000000
10	1.144427	0.011350	2.100000
20	1.195901	0.012180	1.750000
50	31622.777344	0.011370	5.840000
100	31622.777344	0.013270	2.810000

check_k=4
1	1.077206	0.021660	4.000000
2	1.084090	0.020630	3.500000
5	1.098727	0.017810	3.200000
10	1.111288	0.018310	3.800000
20	1.137443	0.019040	3.050000
50	1.335210	0.020620	10.080000
100	31622.777344	0.020040	4.680000

check_k=8
1	1.057977	0.039360	6.000000
2	1.065320	0.038820	5.500000
5	1.080938	0.035370	4.400000
10	1.091440	0.034690	5.400000
20	1.108151	0.035450	4.550000
50	1.210493	0.036560	15.820000
100	1.432170	0.038450	7.680000

check_k=16
1	1.046699	0.073740	11.000000
2	1.055068	0.067720	11.000000
5	1.065547	0.067800	7.600000
10	1.077211	0.066730	8.400000
20	1.085358	0.070400	7.350000
50	1.173868	0.073420	19.820000
100	1.192250	0.074130	12.400000

check_k=32
1	1.035361	0.133350	15.000000
2	1.042017	0.136320	15.500000
5	1.052235	0.135160	13.000000
10	1.058402	0.133280	12.300000
20	1.069203	0.137200	11.450000
50	1.141076	0.147780	24.840000
100	1.149940	0.148380	17.980000

check_k=64
1	1.024150	0.277210	23.000000
2	1.029044	0.278020	23.500000
5	1.034081	0.279460	21.400000
10	1.044727	0.281630	20.100000
20	1.047787	0.308820	18.000000
50	1.125445	0.352060	29.500000
100	1.121400	0.325740	24.469999

check_k=128
1	1.016634	0.546970	30.000000
2	1.023453	0.545050	30.000000
5	1.027120	0.555390	28.799999
10	1.033942	0.573830	26.299999
20	1.035906	0.556510	25.549999
50	1.118875	0.558640	33.119999
100	1.105934	0.568640	29.760000

check_k=256
1	1.008784	1.110020	40.000000
2	1.011406	1.125060	40.500000
5	1.019893	1.088310	39.400002
10	1.022879	1.089090	37.799999
20	1.025447	1.109700	35.750000
50	1.118793	1.119470	35.779999
100	1.088332	1.134960	33.639999

check_k=512
1	1.000000	2.170060	62.000000
2	1.002999	2.198560	57.000000
5	1.010633	2.347410	55.000000
10	1.013660	2.283930	51.700001
20	1.016394	2.297460	49.650002
50	1.108090	2.245920	38.939999
100	1.082275	2.203060	36.520000

lcsb  r=0.660000, L=32
Indexing Time: 0.910063 Seconds

Estimated Memory Usage: 22138880 Bytes

check_k=1
1	1.093889	0.019000	6.000000
2	1.104590	0.016810	3.500000
5	1.123730	0.016170	2.600000
10	1.165493	0.012720	2.400000
20	1.264504	0.011120	1.650000
50	31622.777344	0.011040	4.560000
100	31622.777344	0.011050	2.080000

check_k=2
1	1.071903	0.020240	10.000000
2	1.081855	0.016670	5.500000
5	1.095577	0.017460	4.800000
10	1.118124	0.017520	4.400000
20	1.154712	0.018370	3.200000
50	31622.777344	0.018300	8.020000
100	31622.777344	0.018310	3.880000

check_k=4
1	1.059627	0.036350	12.000000
2	1.063392	0.032270	8.000000
5	1.076345	0.031440	7.200000
10	1.089227	0.033560	6.600000
20	1.107177	0.035060	4.900000
50	1.227296	0.033770	14.400000
100	31622.777344	0.034910	7.020000

check_k=8
1	1.036445	0.069970	17.000000
2	1.047208	0.067160	14.000000
5	1.062757	0.069840	12.800000
10	1.070321	0.071560	11.100000
20	1.079143	0.071710	8.300000
50	1.159444	0.072000	20.879999
100	1.191723	0.074260	12.190000

check_k=16
1	1.032210	0.142710	25.000000
2	1.035523	0.139160	19.500000
5	1.043809	0.138820	18.600000
10	1.051611	0.169600	15.800000
20	1.060498	0.159350	12.950000
50	1.129749	0.149750	25.680000
100	1.135238	0.151770	19.129999

check_k=32
1	1.015678	0.281640	30.000000
2	1.026424	0.278610	26.500000
5	1.034963	0.278750	24.799999
10	1.039032	0.284290	22.200001
20	1.045859	0.278590	19.650000
50	1.128914	0.283530	30.100000
100	1.106037	0.292220	25.500000

check_k=64
1	1.007795	0.569320	41.000000
2	1.015658	0.556250	40.000000
5	1.019779	0.557210	37.200001
10	1.027936	0.570750	32.500000
20	1.031269	0.563610	29.549999
50	1.122588	0.574790	33.660000
100	1.103100	0.598650	30.600000

check_k=128
1	1.000000	1.362030	53.000000
2	1.007606	1.357260	53.000000
5	1.015079	1.366970	48.000000
10	1.017314	1.366460	43.900002
20	1.021090	1.331130	40.650002
50	1.112686	1.373970	36.040001
100	1.091482	1.397280	35.270000

check_k=256
1	1.000000	2.720330	62.000000
2	1.002007	2.621200	65.000000
5	1.009297	2.634670	60.200001
10	1.011147	2.643610	57.500000
20	1.012767	2.664320	54.400002
50	1.105714	2.699769	39.240002
100	1.083206	2.678850	38.040001

check_k=512
1	1.000000	5.236920	75.000000
2	1.000000	4.229970	76.000000
5	1.004666	4.303380	74.199997
10	1.004893	4.308810	72.500000
20	1.006334	4.340350	70.550003
50	1.100383	4.243600	42.560001
100	1.078007	4.324980	40.200001

lcsb  r=0.660000, L=64
Indexing Time: 1.848288 Seconds

Estimated Memory Usage: 41361408 Bytes

check_k=1
1	1.057733	0.040420	15.000000
2	1.073222	0.034860	11.500000
5	1.092454	0.026500	8.200000
10	1.112869	0.021170	5.400000
20	1.145865	0.025790	3.700000
50	31622.777344	0.022870	7.760000
100	31622.777344	0.020620	4.090000

check_k=2
1	1.041918	0.039560	19.000000
2	1.055104	0.038710	15.000000
5	1.068324	0.038200	11.000000
10	1.085977	0.037510	7.800000
20	1.103520	0.037900	6.100000
50	1.211998	0.039030	14.400000
100	31622.777344	0.039240	7.510000

check_k=4
1	1.028810	0.077880	26.000000
2	1.039014	0.075180	20.000000
5	1.052866	0.076660	15.000000
10	1.062821	0.077790	11.900000
20	1.077290	0.076550	9.750000
50	1.158949	0.079340	21.100000
100	1.204268	0.084140	13.210000

check_k=8
1	1.022419	0.147860	31.000000
2	1.027918	0.149030	24.500000
5	1.039535	0.148220	20.799999
10	1.045874	0.148960	18.000000
20	1.055515	0.150180	15.550000
50	1.125003	0.154840	26.520000
100	1.143098	0.159600	20.520000

check_k=16
1	1.006332	0.296450	44.000000
2	1.018895	0.293090	35.500000
5	1.026367	0.296800	30.000000
10	1.032645	0.304170	27.700001
20	1.038778	0.293030	24.700001
50	1.119073	0.301000	32.060001
100	1.114442	0.305330	27.370001

check_k=32
1	1.000000	0.565510	55.000000
2	1.013508	0.568280	48.000000
5	1.017885	0.590840	41.200001
10	1.020670	0.590030	38.000000
20	1.027109	0.570080	34.599998
50	1.124098	0.572830	35.400002
100	1.099832	0.583550	32.360001

check_k=64
1	1.000000	1.123470	69.000000
2	1.004174	1.115310	62.500000
5	1.011751	1.142260	54.400002
10	1.013351	1.147170	51.000000
20	1.017548	1.132810	47.150002
50	1.108290	1.135800	38.320000
100	1.085636	1.176540	36.169998

check_k=128
1	1.000000	2.151080	77.000000
2	1.000000	2.174650	73.500000
5	1.005550	2.159930	67.000000
10	1.007130	2.166770	64.500000
20	1.009426	2.174590	61.900002
50	1.100951	2.151480	40.959999
100	1.082421	2.181610	38.459999

check_k=256
1	1.000000	4.036211	91.000000
2	1.000000	4.085190	86.500000
5	1.001539	4.147080	82.800003
10	1.003316	4.091220	79.699997
20	1.004447	4.122240	77.699997
50	1.100045	4.071240	43.139999
100	1.075732	4.143300	40.330002

check_k=512
1	1.000000	7.429890	95.000000
2	1.000000	7.836660	93.000000
5	1.000000	8.096670	90.599998
10	1.000537	8.079420	90.599998
20	1.001476	8.169580	90.900002
50	1.099735	7.649560	44.360001
100	1.076328	7.846499	41.900002

lcsb  r=0.660000, L=128
Indexing Time: 4.028251 Seconds

Estimated Memory Usage: 79941632 Bytes

check_k=1
1	1.038052	0.082880	20.000000
2	1.048420	0.065110	16.000000
5	1.067503	0.059290	11.400000
10	1.082062	0.053960	8.900000
20	1.102194	0.052950	7.250000
50	1.220532	0.051600	17.040001
100	31622.777344	0.054580	11.420000

check_k=2
1	1.026985	0.090960	25.000000
2	1.038243	0.090740	20.500000
5	1.049683	0.086780	16.799999
10	1.058997	0.087990	13.600000
20	1.072299	0.090540	11.400000
50	1.146437	0.100880	24.299999
100	1.192049	0.101920	18.190001

check_k=4
1	1.015332	0.171030	35.000000
2	1.024978	0.163950	31.500000
5	1.035072	0.167200	24.200001
10	1.044345	0.165790	20.700001
20	1.051214	0.169890	18.299999
50	1.134814	0.170970	28.980000
100	1.137618	0.178080	25.459999

check_k=8
1	1.004782	0.307980	46.000000
2	1.015755	0.317600	42.500000
5	1.023426	0.311420	36.400002
10	1.028559	0.309860	31.799999
20	1.035025	0.325540	28.500000
50	1.126208	0.320500	34.099998
100	1.107107	0.329890	33.110001

check_k=16
1	1.000000	0.589070	56.000000
2	1.008800	0.620660	50.000000
5	1.015996	0.603540	46.400002
10	1.020561	0.610440	42.900002
20	1.022515	0.606150	40.250000
50	1.116046	0.628500	37.439999
100	1.096151	0.620350	38.180000

check_k=32
1	1.000000	1.139360	68.000000
2	1.003574	1.167170	63.500000
5	1.009581	1.149610	59.400002
10	1.011954	1.194270	57.099998
20	1.013121	1.183620	54.400002
50	1.102286	1.201150	40.779999
100	1.084965	1.184610	41.080002

check_k=64
1	1.000000	2.182430	82.000000
2	1.000000	2.212240	78.000000
5	1.003353	2.216710	74.599998
10	1.004009	2.227500	73.000000
20	1.006648	2.189150	70.400002
50	1.102060	2.196620	43.840000
100	1.081694	2.298840	43.529999

check_k=128
1	1.000000	4.148439	89.000000
2	1.000000	3.929610	89.500000
5	1.000000	3.908090	88.199997
10	1.001211	3.930360	86.800003
20	1.003118	4.006450	84.400002
50	1.102072	4.017910	45.779999
100	1.074686	3.903070	45.189999

check_k=256
1	1.000000	7.136440	99.000000
2	1.000000	7.189220	98.000000
5	1.000000	6.933650	97.199997
10	1.000000	6.909680	95.800003
20	1.000317	6.974230	94.150002
50	1.099623	6.970880	46.619999
100	1.076063	7.034101	46.360001

check_k=512
1	1.000000	11.382240	100.000000
2	1.000000	11.522340	98.500000
5	1.000000	11.328670	98.800003
10	1.000000	11.984089	99.000000
20	1.000000	12.295680	98.949997
50	1.098785	12.164310	46.840000
100	1.077646	11.462900	46.980000

lcsb  r=0.660000, L=256
Indexing Time: 8.064749 Seconds

Estimated Memory Usage: 156958720 Bytes

check_k=1
1	1.028376	0.153550	21.000000
2	1.036550	0.143700	18.500000
5	1.047604	0.133160	15.800000
10	1.060037	0.134140	14.300000
20	1.069203	0.121740	12.350000
50	1.153198	0.123920	25.120001
100	1.188513	0.127260	18.889999

check_k=2
1	1.014264	0.195280	36.000000
2	1.021377	0.194670	33.500000
5	1.032325	0.201030	28.400000
10	1.040472	0.208190	24.700001
20	1.049454	0.214690	20.700001
50	1.124416	0.214180	30.420000
100	1.134079	0.217340	27.160000

check_k=4
1	1.004785	0.338970	46.000000
2	1.013725	0.341290	44.500000
5	1.019906	0.356250	40.000000
10	1.025696	0.365470	35.099998
20	1.033226	0.360750	31.549999
50	1.120767	0.349230	35.299999
100	1.108692	0.359660	34.310001

check_k=8
1	1.000000	0.613350	61.000000
2	1.005112	0.618140	57.000000
5	1.011544	0.605890	53.400002
10	1.016263	0.641920	48.700001
20	1.020761	0.650490	44.349998
50	1.111795	0.612050	38.740002
100	1.090731	0.642050	38.480000

check_k=16
1	1.000000	1.101840	79.000000
2	1.000000	1.137710	74.000000
5	1.005770	1.158720	69.400002
10	1.008958	1.085280	62.900002
20	1.011584	1.070040	58.700001
50	1.104757	1.095790	41.820000
100	1.081737	1.102780	41.529999

check_k=32
1	1.000000	2.062170	89.000000
2	1.000000	2.054360	85.000000
5	1.001311	2.106610	81.199997
10	1.003773	2.204580	77.300003
20	1.005812	2.042340	73.599998
50	1.099088	2.037490	44.500000
100	1.078007	2.043790	43.750000

check_k=64
1	1.000000	3.781900	95.000000
2	1.000000	3.790270	94.000000
5	1.000000	3.838880	91.599998
10	1.000582	3.826770	89.400002
20	1.001902	3.901010	87.449997
50	1.099735	3.842470	46.299999
100	1.076293	3.803470	45.570000

check_k=128
1	1.000000	6.899630	100.000000
2	1.000000	6.678430	100.000000
5	1.000000	6.655580	98.000000
10	1.000000	6.706650	96.800003
20	1.000000	6.627810	95.750000
50	1.099013	7.316380	46.720001
100	1.077661	7.635439	46.560001

check_k=256
1	1.000000	12.397991	100.000000
2	1.000000	12.350101	100.000000
5	1.000000	12.343361	99.400002
10	1.000000	12.299411	99.199997
20	1.000000	12.264490	99.150002
50	1.099013	11.742140	46.860001
100	1.077666	10.798251	46.990002

check_k=512
1	1.000000	15.318301	100.000000
2	1.000000	15.533470	100.000000
5	1.000000	15.542171	100.000000
10	1.000000	15.408280	99.900002
20	1.000000	16.479130	99.949997
50	1.099013	16.554190	46.900002
100	1.077730	15.462140	47.090000

lcsb  r=0.660000, L=512
Indexing Time: 16.527138 Seconds

Estimated Memory Usage: 311136256 Bytes

check_k=1
1	1.001614	0.334090	47.000000
2	1.021833	0.297040	38.000000
5	1.028351	0.294680	31.799999
10	1.033942	0.286640	29.200001
20	1.043550	0.300300	24.700001
50	1.122351	0.297390	31.660000
100	1.131946	0.304420	28.799999

check_k=2
1	1.000000	0.443670	55.000000
2	1.013345	0.432290	48.500000
5	1.016778	0.433960	42.799999
10	1.022571	0.436780	39.599998
20	1.028721	0.457210	35.150002
50	1.128847	0.437790	36.660000
100	1.104434	0.445190	36.130001

check_k=4
1	1.000000	0.692910	69.000000
2	1.001529	0.716950	65.000000
5	1.009314	0.702560	59.000000
10	1.012947	0.703550	55.500000
20	1.016976	0.706560	51.250000
50	1.112256	0.716800	39.860001
100	1.087695	0.716800	39.900002

check_k=8
1	1.000000	1.224390	81.000000
2	1.000000	1.281570	76.000000
5	1.004268	1.242650	72.400002
10	1.005551	1.275710	70.400002
20	1.008346	1.253280	66.599998
50	1.100886	1.272580	43.139999
100	1.080155	1.268790	42.689999

check_k=16
1	1.000000	2.222070	87.000000
2	1.000000	2.235870	83.500000
5	1.000370	2.251830	82.599998
10	1.001980	2.205290	83.199997
20	1.003457	2.258500	80.849998
50	1.099379	2.327400	45.599998
100	1.077309	2.327710	44.700001

check_k=32
1	1.000000	3.958230	96.000000
2	1.000000	3.913900	92.500000
5	1.000000	3.921830	92.599998
10	1.000000	3.948690	93.199997
20	1.001159	4.174820	92.349998
50	1.099735	4.079850	46.299999
100	1.076619	4.019790	46.029999

check_k=64
1	1.000000	7.308070	100.000000
2	1.000000	7.438370	100.000000
5	1.000000	7.129160	98.800003
10	1.000000	7.242570	98.000000
20	1.000000	6.887790	97.650002
50	1.098684	6.871710	46.700001
100	1.077661	6.966960	46.779999

check_k=128
1	1.000000	10.918491	100.000000
2	1.000000	10.965759	100.000000
5	1.000000	10.914840	99.599998
10	1.000000	10.808559	99.500000
20	1.000000	10.796849	99.400002
50	1.099013	12.840399	46.900002
100	1.077730	12.736991	46.990002

check_k=256
1	1.000000	16.592960	100.000000
2	1.000000	15.365728	100.000000
5	1.000000	15.637770	100.000000
10	1.000000	15.265620	99.900002
20	1.000000	15.363259	99.949997
50	1.099013	15.330140	46.919998
100	1.077730	15.324011	47.090000

check_k=512
1	1.000000	19.000330	100.000000
2	1.000000	19.052179	100.000000
5	1.000000	19.160280	100.000000
10	1.000000	19.323170	100.000000
20	1.000000	21.738131	100.000000
50	1.099013	21.944948	46.919998
100	1.077730	22.018730	47.090000

