lcsb  r=0.660000, L=8
Indexing Time: 10.075625 Seconds

Estimated Memory Usage: 278605824 Bytes

check_k=1
1	1.241105	0.017990	0.000000
2	1.247232	0.013760	0.000000
5	1.243311	0.009850	0.000000
10	1.260106	0.005880	0.000000
20	31622.777344	0.004920	0.000000
50	31622.777344	0.004560	0.000000
100	31622.777344	0.004430	0.000000

check_k=2
1	1.226289	0.012220	0.000000
2	1.230495	0.007380	0.000000
5	1.215853	0.006990	0.000000
10	1.220838	0.007210	0.000000
20	1.241180	0.007490	0.000000
50	31622.777344	0.007540	0.000000
100	31622.777344	0.008910	0.000000

check_k=4
1	1.208905	0.023760	0.000000
2	1.201081	0.017930	0.000000
5	1.193775	0.015590	0.000000
10	1.195087	0.014230	0.000000
20	1.203436	0.014500	0.000000
50	1.247218	0.015140	0.000000
100	31622.777344	0.015220	0.000000

check_k=8
1	1.190341	0.050440	0.000000
2	1.183238	0.049910	0.000000
5	1.174942	0.040990	0.000000
10	1.174216	0.042060	0.000000
20	1.177793	0.046000	0.000000
50	1.194259	0.218560	0.020000
100	1.233513	0.063650	0.040000

check_k=16
1	1.174152	0.119690	0.000000
2	1.154833	0.116890	0.000000
5	1.156594	0.114040	0.000000
10	1.155425	0.113060	0.100000
20	1.154772	0.112940	0.100000
50	1.166212	0.114700	0.080000
100	1.182133	0.117260	0.080000

check_k=32
1	1.157807	0.231850	1.000000
2	1.147000	0.246700	1.000000
5	1.137710	0.250540	0.800000
10	1.138014	0.262770	0.500000
20	1.137340	0.259370	0.400000
50	1.144320	0.240830	0.200000
100	1.150567	0.240690	0.140000

check_k=64
1	1.141737	0.456160	1.000000
2	1.133679	0.457000	1.500000
5	1.126206	0.476270	1.000000
10	1.123021	0.501100	0.600000
20	1.119934	0.483960	0.500000
50	1.126864	0.472870	0.320000
100	1.131669	0.483790	0.260000

check_k=128
1	1.111622	0.932210	3.000000
2	1.121953	0.952670	3.000000
5	1.109877	0.974150	1.800000
10	1.110260	0.935210	1.000000
20	1.106879	0.935170	0.850000
50	1.108675	0.970730	0.540000
100	1.117460	0.973950	0.490000

check_k=256
1	1.098301	1.893590	4.000000
2	1.102709	1.907980	3.500000
5	1.099311	1.857370	2.800000
10	1.094812	1.872610	1.600000
20	1.093548	1.851870	1.300000
50	1.093423	2.073410	0.960000
100	1.099859	1.927780	0.850000

check_k=512
1	1.090083	3.847640	7.000000
2	1.080836	3.850190	5.000000
5	1.087721	3.841680	3.600000
10	1.082487	3.842970	2.400000
20	1.080439	3.827740	2.150000
50	1.077817	4.014750	1.680000
100	1.083355	3.842290	1.470000

lcsb  r=0.660000, L=16
Indexing Time: 22.061773 Seconds

Estimated Memory Usage: 469659648 Bytes

check_k=1
1	1.220944	0.034070	0.000000
2	1.215721	0.015650	0.000000
5	1.215602	0.012460	0.000000
10	1.223476	0.010490	0.000000
20	1.239871	0.010190	0.000000
50	31622.777344	0.177400	0.000000
100	31622.777344	0.021380	0.000000

check_k=2
1	1.205305	0.034910	0.000000
2	1.196585	0.034610	0.000000
5	1.191038	0.033130	0.000000
10	1.194898	0.032970	0.000000
20	1.205236	0.032510	0.000000
50	1.245585	0.201330	0.000000
100	31622.777344	0.046590	0.000000

check_k=4
1	1.180332	0.074460	0.000000
2	1.181412	0.074110	0.000000
5	1.175362	0.077580	0.200000
10	1.172375	0.073420	0.100000
20	1.176532	0.070560	0.050000
50	1.194752	0.070240	0.020000
100	1.230094	0.072080	0.030000

check_k=8
1	1.170664	0.130080	0.000000
2	1.159395	0.131310	0.000000
5	1.150492	0.132230	0.200000
10	1.153778	0.133530	0.200000
20	1.157917	0.134030	0.100000
50	1.168232	0.136590	0.040000
100	1.181782	0.140250	0.050000

check_k=16
1	1.153724	0.269560	0.000000
2	1.145797	0.258560	0.000000
5	1.135759	0.262360	0.400000
10	1.132112	0.260330	0.400000
20	1.135149	0.261620	0.200000
50	1.145197	0.262290	0.140000
100	1.154580	0.266010	0.120000

check_k=32
1	1.138786	0.500830	0.000000
2	1.131501	0.497630	0.500000
5	1.118472	0.508330	1.000000
10	1.119388	0.505870	0.700000
20	1.121742	0.499740	0.450000
50	1.123690	0.503600	0.300000
100	1.133223	0.513020	0.250000

check_k=64
1	1.118842	0.980650	0.000000
2	1.123541	0.977700	1.500000
5	1.105167	0.976660	2.000000
10	1.106196	0.972580	1.300000
20	1.107681	0.978730	0.950000
50	1.108851	0.984900	0.620000
100	1.116226	1.010180	0.460000

check_k=128
1	1.099158	1.999830	3.000000
2	1.103831	2.045860	3.000000
5	1.095706	2.056720	3.200000
10	1.094228	2.085060	2.000000
20	1.090841	1.962670	1.400000
50	1.096690	2.135720	1.020000
100	1.097686	1.958230	0.820000

check_k=256
1	1.081976	3.851260	3.000000
2	1.091276	3.862230	3.000000
5	1.079841	3.866340	3.600000
10	1.079579	3.974870	2.700000
20	1.076369	3.882860	1.950000
50	1.079813	4.056610	1.700000
100	1.081385	3.855660	1.520000

check_k=512
1	1.074062	7.682260	5.000000
2	1.069206	7.754000	5.000000
5	1.063681	8.131120	6.000000
10	1.068374	7.993110	4.500000
20	1.064039	7.882480	3.600000
50	1.064159	7.594200	3.140000
100	1.068683	7.424430	2.800000

lcsb  r=0.660000, L=32
Indexing Time: 45.395176 Seconds

Estimated Memory Usage: 851906560 Bytes

check_k=1
1	1.190863	0.062910	0.000000
2	1.191184	0.054900	0.000000
5	1.191720	0.053350	0.200000
10	1.193135	0.052190	0.100000
20	1.204352	0.051370	0.100000
50	1.252985	0.051500	0.100000
100	31622.777344	0.050690	0.070000

check_k=2
1	1.164207	0.080320	0.000000
2	1.172079	0.080780	0.000000
5	1.169274	0.080970	0.400000
10	1.172460	0.081230	0.200000
20	1.174893	0.082120	0.150000
50	1.197423	0.084340	0.140000
100	1.226122	0.089740	0.100000

check_k=4
1	1.150339	0.144390	0.000000
2	1.163430	0.147720	0.500000
5	1.152130	0.147010	0.800000
10	1.150939	0.147080	0.400000
20	1.151725	0.150060	0.250000
50	1.166365	0.151760	0.260000
100	1.179351	0.155410	0.170000

check_k=8
1	1.135923	0.271930	0.000000
2	1.142836	0.273240	0.500000
5	1.136680	0.273420	0.800000
10	1.130796	0.273950	0.400000
20	1.132539	0.275210	0.300000
50	1.140923	0.277860	0.360000
100	1.151950	0.283730	0.250000

check_k=16
1	1.112511	0.520930	0.000000
2	1.128841	0.519730	0.500000
5	1.120131	0.518230	1.000000
10	1.120709	0.518830	0.800000
20	1.117242	0.530210	0.700000
50	1.122922	0.523210	0.580000
100	1.128938	0.527820	0.440000

check_k=32
1	1.094466	0.993550	0.000000
2	1.103396	1.014500	0.500000
5	1.101036	1.074990	1.600000
10	1.103293	0.993810	1.300000
20	1.101920	0.991110	1.200000
50	1.105161	1.005520	1.020000
100	1.111178	1.009070	0.760000

check_k=64
1	1.083642	1.947360	0.000000
2	1.091467	1.954060	2.000000
5	1.090302	1.962900	2.600000
10	1.088479	2.133940	2.400000
20	1.089697	1.955290	2.150000
50	1.090486	1.978240	1.820000
100	1.093936	1.972670	1.310000

check_k=128
1	1.077281	3.866900	1.000000
2	1.077238	3.973380	4.000000
5	1.072091	3.866040	3.600000
10	1.075190	3.890330	3.300000
20	1.074249	4.095650	3.050000
50	1.075917	3.907780	2.660000
100	1.079891	3.884140	2.120000

check_k=256
1	1.069715	7.795860	2.000000
2	1.067217	7.853210	5.500000
5	1.062294	7.720500	5.400000
10	1.062956	7.892540	5.300000
20	1.062893	7.675910	4.500000
50	1.063449	7.855040	4.020000
100	1.066026	7.652550	3.410000

check_k=512
1	1.047265	15.547969	6.000000
2	1.052446	15.412710	9.500000
5	1.053483	15.412200	9.400000
10	1.050626	15.329180	8.700000
20	1.052117	15.628370	7.200000
50	1.051423	15.653520	6.720000
100	1.053608	15.467970	5.860000

lcsb  r=0.660000, L=64
Indexing Time: 91.621704 Seconds

Estimated Memory Usage: 1616125952 Bytes

check_k=1
1	1.181141	0.129980	0.000000
2	1.170865	0.113270	0.000000
5	1.170229	0.107800	0.000000
10	1.170270	0.108790	0.100000
20	1.174043	0.110890	0.050000
50	1.193643	0.112300	0.120000
100	1.232550	0.114790	0.080000

check_k=2
1	1.163163	0.174700	0.000000
2	1.155658	0.176690	0.000000
5	1.141619	0.177780	0.000000
10	1.145775	0.179380	0.100000
20	1.152160	0.180100	0.100000
50	1.162867	0.322650	0.160000
100	1.177984	0.191570	0.110000

check_k=4
1	1.145971	0.309220	0.000000
2	1.136849	0.310630	0.000000
5	1.133408	0.311420	0.200000
10	1.132609	0.311440	0.300000
20	1.132089	0.312430	0.300000
50	1.139156	0.317820	0.380000
100	1.150990	0.320800	0.230000

check_k=8
1	1.126932	0.561800	0.000000
2	1.121062	0.566850	0.000000
5	1.116889	0.566570	0.800000
10	1.114183	0.567960	0.700000
20	1.115384	0.568960	0.600000
50	1.122101	0.572220	0.600000
100	1.128070	0.579410	0.430000

check_k=16
1	1.110054	1.066400	0.000000
2	1.108371	1.051760	0.500000
5	1.102323	1.041350	1.400000
10	1.100315	1.038050	1.200000
20	1.100858	1.038380	1.000000
50	1.103101	1.066040	0.960000
100	1.109186	1.205140	0.700000

check_k=32
1	1.095109	2.014580	0.000000
2	1.095556	1.996120	1.000000
5	1.088293	1.997660	1.600000
10	1.088959	2.006340	1.900000
20	1.087852	1.996770	1.750000
50	1.089109	2.001970	1.540000
100	1.093078	2.155950	1.170000

check_k=64
1	1.082042	3.923810	2.000000
2	1.080655	3.920190	3.500000
5	1.074164	3.916370	3.600000
10	1.076585	4.079470	3.700000
20	1.074852	3.956680	3.050000
50	1.075565	3.941350	2.680000
100	1.078798	4.074660	2.110000

check_k=128
1	1.055444	7.424250	6.000000
2	1.063472	7.188099	7.500000
5	1.064244	7.133640	5.800000
10	1.062075	7.187460	5.700000
20	1.062125	7.022940	5.100000
50	1.062748	7.518090	4.520000
100	1.065986	7.374400	3.600000

check_k=256
1	1.047601	14.322580	10.000000
2	1.048499	14.525770	11.500000
5	1.046948	14.758400	10.800000
10	1.048800	14.333200	10.400000
20	1.051318	14.793711	8.550000
50	1.051244	14.417769	7.840000
100	1.051517	14.394140	6.540000

check_k=512
1	1.037437	29.404919	14.000000
2	1.036918	30.462610	16.500000
5	1.036165	30.566278	16.600000
10	1.037039	30.532070	15.500000
20	1.037706	30.565802	13.650000
50	1.040934	30.740191	12.920000
100	1.040734	30.623411	11.230000

lcsb  r=0.660000, L=128
Indexing Time: 181.334229 Seconds

Estimated Memory Usage: 3144704000 Bytes

check_k=1
1	1.169993	0.264720	1.000000
2	1.165920	0.239830	0.500000
5	1.156399	0.231190	0.200000
10	1.150136	0.223470	0.200000
20	1.152558	0.222890	0.150000
50	1.165025	0.221840	0.140000
100	1.176733	0.225550	0.120000

check_k=2
1	1.147502	0.347090	2.000000
2	1.141927	0.352490	1.000000
5	1.131311	0.352930	0.400000
10	1.134763	0.507280	0.500000
20	1.132514	0.362190	0.500000
50	1.141913	0.359810	0.380000
100	1.150328	0.361260	0.310000

check_k=4
1	1.121093	0.605840	4.000000
2	1.123524	0.608440	2.500000
5	1.110569	0.611380	1.200000
10	1.116350	0.615000	1.200000
20	1.116693	0.606320	0.950000
50	1.122870	0.611390	0.740000
100	1.130237	0.619080	0.530000

check_k=8
1	1.099230	1.096070	4.000000
2	1.103773	1.100920	2.500000
5	1.099014	1.101280	1.400000
10	1.099580	1.097650	1.600000
20	1.102095	1.103510	1.300000
50	1.104925	1.105670	1.000000
100	1.111774	1.113150	0.860000

check_k=16
1	1.091561	2.135290	4.000000
2	1.083643	2.042160	3.500000
5	1.085116	2.069570	2.200000
10	1.084941	2.043120	2.800000
20	1.090097	2.052030	2.150000
50	1.090965	2.172600	1.720000
100	1.091833	2.059920	1.480000

check_k=32
1	1.078039	3.940650	5.000000
2	1.064041	3.932740	5.000000
5	1.073133	4.106090	3.800000
10	1.073040	3.937800	4.200000
20	1.072372	3.928160	3.400000
50	1.075309	3.953860	2.940000
100	1.078240	4.069550	2.590000

check_k=64
1	1.056991	7.724901	12.000000
2	1.061099	7.831540	9.500000
5	1.058288	7.863750	6.400000
10	1.060975	7.726310	6.600000
20	1.064203	7.816740	5.700000
50	1.061970	7.749650	4.720000
100	1.066091	7.847000	4.170000

check_k=128
1	1.041851	15.385001	16.000000
2	1.046217	15.328780	14.500000
5	1.045020	15.504830	9.800000
10	1.050725	15.315800	10.100000
20	1.049296	15.335740	9.650000
50	1.051078	15.401310	8.220000
100	1.052728	15.330480	7.070000

check_k=256
1	1.032066	30.466709	22.000000
2	1.035973	30.377531	19.500000
5	1.034532	30.321728	17.600000
10	1.037140	30.492840	17.500000
20	1.037087	30.385740	15.900000
50	1.039491	30.398100	13.540000
100	1.040736	30.541521	11.940000

check_k=512
1	1.016740	59.139874	31.000000
2	1.024046	58.117062	30.000000
5	1.024860	59.478432	28.600000
10	1.026159	60.215450	26.200001
20	1.027002	60.004379	24.250000
50	1.028287	60.189682	22.299999
100	1.029999	60.085121	20.120001

lcsb  r=0.660000, L=256
Indexing Time: 335.438019 Seconds

Estimated Memory Usage: 6201851904 Bytes

check_k=1
1	1.137837	0.640540	1.000000
2	1.131173	0.465840	0.500000
5	1.134481	0.441530	0.400000
10	1.129461	0.417440	0.400000
20	1.129603	0.410280	0.500000
50	1.140146	0.409450	0.520000
100	1.149824	0.422170	0.390000

check_k=2
1	1.125639	0.645270	2.000000
2	1.113173	0.650530	2.000000
5	1.115749	0.648380	1.200000
10	1.114813	0.631820	1.000000
20	1.116382	0.648750	0.900000
50	1.121021	0.631690	0.780000
100	1.128744	0.649490	0.640000

check_k=4
1	1.100842	1.095190	3.000000
2	1.101642	1.083370	3.500000
5	1.101697	1.208930	2.200000
10	1.099605	1.079270	1.900000
20	1.101272	1.072520	1.500000
50	1.102414	1.069570	1.200000
100	1.108696	1.079500	1.000000

check_k=8
1	1.086843	1.931940	4.000000
2	1.085964	1.922260	4.500000
5	1.080799	1.918010	3.200000
10	1.086735	1.922320	3.100000
20	1.086730	2.034510	2.450000
50	1.088143	2.071600	2.020000
100	1.091073	1.975790	1.710000

check_k=16
1	1.072780	3.610160	5.000000
2	1.070961	3.626510	6.500000
5	1.068719	3.924400	5.800000
10	1.072573	3.661970	5.200000
20	1.072488	3.624590	3.950000
50	1.073214	3.816560	3.260000
100	1.077086	3.658180	2.830000

check_k=32
1	1.057745	6.926080	6.000000
2	1.055723	7.096900	7.000000
5	1.051777	6.929690	7.400000
10	1.058837	7.225120	8.100000
20	1.059250	6.934080	6.600000
50	1.061351	7.305830	5.820000
100	1.063931	7.126020	4.920000

check_k=64
1	1.044011	13.571290	13.000000
2	1.042541	13.553391	14.000000
5	1.042598	13.703239	12.800000
10	1.044740	13.599789	11.900000
20	1.045995	13.553410	10.800000
50	1.050590	13.645310	9.380000
100	1.051576	13.864720	8.120000

check_k=128
1	1.031856	28.615688	20.000000
2	1.032861	28.463062	21.500000
5	1.033042	28.534679	19.200001
10	1.034877	28.673220	18.200001
20	1.035493	28.574980	17.200001
50	1.038496	28.776709	15.840000
100	1.039749	28.628130	13.610000

check_k=256
1	1.017752	56.169418	33.000000
2	1.021568	56.197983	32.500000
5	1.023796	56.479382	31.000000
10	1.025469	56.346622	29.400000
20	1.025522	56.256279	27.400000
50	1.027726	56.221603	25.520000
100	1.027798	56.431252	22.910000

check_k=512
1	1.000000	109.475548	53.000000
2	1.011192	108.462685	52.500000
5	1.012069	108.527924	50.000000
10	1.015156	109.482880	46.700001
20	1.015597	109.315773	43.849998
50	1.016977	109.532623	40.080002
100	1.019070	109.556664	36.669998

lcsb  r=0.660000, L=512
Indexing Time: 642.252686 Seconds

Estimated Memory Usage: 12316155904 Bytes

check_k=1
1	1.114346	1.106110	1.000000
2	1.110329	0.965960	1.500000
5	1.107670	0.930020	1.200000
10	1.113493	0.887840	1.500000
20	1.115068	0.894160	1.000000
50	1.120838	1.055130	0.720000
100	1.127718	0.905690	0.540000

check_k=2
1	1.092489	1.350290	5.000000
2	1.097654	1.342160	3.500000
5	1.093255	1.326940	2.400000
10	1.096923	1.328300	2.300000
20	1.099558	1.322540	1.500000
50	1.102960	1.331750	1.160000
100	1.106800	1.329410	0.930000

check_k=4
1	1.077673	2.329780	5.000000
2	1.079396	2.255900	4.000000
5	1.081204	2.189260	2.800000
10	1.079186	2.176870	3.000000
20	1.084168	2.166290	2.200000
50	1.087915	2.169360	1.860000
100	1.091267	2.309460	1.570000

check_k=8
1	1.062458	3.815760	6.000000
2	1.068088	3.830710	6.500000
5	1.070891	3.898970	5.200000
10	1.068116	3.931240	5.000000
20	1.070646	3.818490	3.700000
50	1.071217	3.864190	3.300000
100	1.077569	3.842350	2.820000

check_k=16
1	1.045286	7.160800	12.000000
2	1.051742	7.159370	10.500000
5	1.057064	7.185970	9.600000
10	1.055940	7.057090	8.700000
20	1.058635	7.313440	6.550000
50	1.058056	7.074980	5.920000
100	1.062154	7.303870	5.170000

check_k=32
1	1.038338	13.532519	19.000000
2	1.035704	13.498770	16.000000
5	1.043543	13.503798	15.800000
10	1.041821	13.664041	14.900000
20	1.045270	13.728259	11.650000
50	1.047201	13.665850	10.240000
100	1.049244	13.596521	8.810000

check_k=64
1	1.016386	26.097919	34.000000
2	1.025129	26.381950	31.000000
5	1.028466	26.478392	26.400000
10	1.031965	26.228052	24.500000
20	1.033073	26.378290	19.400000
50	1.035312	26.439369	16.940001
100	1.038057	26.240881	14.750000

check_k=128
1	1.000000	51.109238	52.000000
2	1.013061	50.928822	49.000000
5	1.017673	51.365948	39.000000
10	1.021225	51.760689	36.599998
20	1.022245	51.880619	31.750000
50	1.024752	52.275448	27.920000
100	1.026994	51.738712	24.740000

check_k=256
1	1.000000	100.472481	68.000000
2	1.005050	100.597061	61.500000
5	1.010646	100.599640	50.799999
10	1.014465	100.344162	49.900002
20	1.014521	100.273674	45.900002
50	1.015516	100.491325	42.459999
100	1.017856	98.430450	39.009998

check_k=512
1	1.000000	186.839172	78.000000
2	1.000000	188.149231	77.000000
5	1.004366	187.768021	70.400002
10	1.006085	188.199783	68.199997
20	1.007303	188.095215	64.849998
50	1.008398	188.318222	60.500000
100	1.009872	187.837250	57.040001

