lcsb  r=0.660000, L=8
Indexing Time: 9.639887 Seconds

Estimated Memory Usage: 278605824 Bytes

check_k=1
1	1.241105	0.141370	0.000000
2	1.247232	0.015800	0.000000
5	1.243311	0.012660	0.000000
10	1.260106	0.006130	0.000000
20	31622.777344	0.004690	0.000000
50	31622.777344	0.004610	0.000000
100	31622.777344	0.004480	0.000000

check_k=2
1	1.226289	0.114890	0.000000
2	1.230495	0.015460	0.000000
5	1.215853	0.013390	0.000000
10	1.220838	0.010780	0.000000
20	1.241180	0.007940	0.000000
50	31622.777344	0.007630	0.000000
100	31622.777344	0.007520	0.000000

check_k=4
1	1.208905	0.214840	0.000000
2	1.201081	0.031890	0.000000
5	1.193775	0.019660	0.000000
10	1.195087	0.016100	0.000000
20	1.203436	0.014150	0.000000
50	1.247218	0.014160	0.000000
100	31622.777344	0.014090	0.000000

check_k=8
1	1.190341	0.388780	0.000000
2	1.183238	0.070200	0.000000
5	1.174942	0.065310	0.000000
10	1.174216	0.063110	0.000000
20	1.177793	0.060820	0.000000
50	1.194259	0.060860	0.020000
100	1.233513	0.059680	0.040000

check_k=16
1	1.174152	0.793960	0.000000
2	1.154833	0.158170	0.000000
5	1.156594	0.148950	0.000000
10	1.155425	0.145340	0.100000
20	1.154772	0.140230	0.100000
50	1.166212	0.139670	0.080000
100	1.182133	0.141850	0.080000

check_k=32
1	1.157807	1.466680	1.000000
2	1.147000	0.314510	1.000000
5	1.137710	0.295910	0.800000
10	1.138014	0.283080	0.500000
20	1.137340	0.269900	0.400000
50	1.144320	0.270080	0.200000
100	1.150567	0.270570	0.140000

check_k=64
1	1.141737	2.773680	1.000000
2	1.133679	0.615360	1.500000
5	1.126206	0.590620	1.000000
10	1.123021	0.553910	0.600000
20	1.119934	0.546690	0.500000
50	1.126864	0.547840	0.320000
100	1.131669	0.556550	0.260000

check_k=128
1	1.111622	4.867560	3.000000
2	1.121953	1.191150	3.000000
5	1.109877	1.153170	1.800000
10	1.110260	1.104680	1.000000
20	1.106879	1.116090	0.850000
50	1.108675	1.175580	0.540000
100	1.117460	1.120760	0.490000

check_k=256
1	1.098301	6.922340	4.000000
2	1.102709	2.204730	3.500000
5	1.099311	2.176360	2.800000
10	1.094812	2.161600	1.600000
20	1.093548	1.898110	1.300000
50	1.093423	1.782200	0.960000
100	1.099859	1.749830	0.850000

check_k=512
1	1.090083	9.237620	7.000000
2	1.080836	3.579610	5.000000
5	1.087721	3.630820	3.600000
10	1.082487	4.220790	2.400000
20	1.080439	4.243010	2.150000
50	1.077817	4.421840	1.680000
100	1.083355	4.391160	1.470000

lcsb  r=0.660000, L=16
Indexing Time: 17.125002 Seconds

Estimated Memory Usage: 469659648 Bytes

check_k=1
1	1.220944	0.207120	0.000000
2	1.215721	0.028630	0.000000
5	1.215602	0.024970	0.000000
10	1.223476	0.011240	0.000000
20	1.239871	0.009690	0.000000
50	31622.777344	0.171250	0.000000
100	31622.777344	0.021530	0.000000

check_k=2
1	1.205305	0.171170	0.000000
2	1.196585	0.036120	0.000000
5	1.191038	0.034640	0.000000
10	1.194898	0.015800	0.000000
20	1.205236	0.015680	0.000000
50	1.245585	0.016040	0.000000
100	31622.777344	0.016350	0.000000

check_k=4
1	1.180332	0.268070	0.000000
2	1.181412	0.051900	0.000000
5	1.175362	0.049440	0.200000
10	1.172375	0.047550	0.100000
20	1.176532	0.047730	0.050000
50	1.194752	0.045890	0.020000
100	1.230094	0.043990	0.030000

check_k=8
1	1.170664	0.494990	0.000000
2	1.159395	0.115790	0.000000
5	1.150492	0.111110	0.200000
10	1.153778	0.109120	0.200000
20	1.157917	0.107980	0.100000
50	1.168232	0.109780	0.040000
100	1.181782	0.111440	0.050000

check_k=16
1	1.153724	0.923090	0.000000
2	1.145797	0.246130	0.000000
5	1.135759	0.237640	0.400000
10	1.132112	0.233190	0.400000
20	1.135149	0.231600	0.200000
50	1.145197	0.232190	0.140000
100	1.154580	0.234260	0.120000

check_k=32
1	1.138786	1.751080	0.000000
2	1.131501	0.485210	0.500000
5	1.118472	0.466870	1.000000
10	1.119388	0.456480	0.700000
20	1.121742	0.447990	0.450000
50	1.123690	0.445000	0.300000
100	1.133223	0.445180	0.250000

check_k=64
1	1.118842	3.035120	0.000000
2	1.123541	0.922540	1.500000
5	1.105167	0.876160	2.000000
10	1.106196	0.854620	1.300000
20	1.107681	0.844340	0.950000
50	1.108851	0.837690	0.620000
100	1.116226	0.841800	0.460000

check_k=128
1	1.099158	4.816290	3.000000
2	1.103831	1.780310	3.000000
5	1.095706	1.721670	3.200000
10	1.094228	1.665210	2.000000
20	1.090841	1.667990	1.400000
50	1.096690	1.692500	1.020000
100	1.097686	1.709590	0.820000

check_k=256
1	1.081976	6.919660	3.000000
2	1.091276	3.457900	3.000000
5	1.079841	3.377110	3.600000
10	1.079579	3.344430	2.700000
20	1.076369	3.358870	1.950000
50	1.079813	3.361660	1.700000
100	1.081385	3.346690	1.520000

check_k=512
1	1.074062	8.925860	5.000000
2	1.069206	6.734450	5.000000
5	1.063681	6.734010	6.000000
10	1.068374	6.710900	4.500000
20	1.064039	6.686690	3.600000
50	1.064159	6.740240	3.140000
100	1.068683	7.009120	2.800000

lcsb  r=0.660000, L=32
Indexing Time: 42.296158 Seconds

Estimated Memory Usage: 851906560 Bytes

check_k=1
1	1.190863	0.527180	0.000000
2	1.191184	0.072830	0.000000
5	1.191720	0.066910	0.200000
10	1.193135	0.062620	0.100000
20	1.204352	0.059740	0.100000
50	1.252985	0.057480	0.100000
100	31622.777344	0.054990	0.070000

check_k=2
1	1.164207	0.508700	0.000000
2	1.172079	0.101750	0.000000
5	1.169274	0.097160	0.400000
10	1.172460	0.093780	0.200000
20	1.174893	0.091890	0.150000
50	1.197423	0.091390	0.140000
100	1.226122	0.089890	0.100000

check_k=4
1	1.150339	0.931990	0.000000
2	1.163430	0.193140	0.500000
5	1.152130	0.185470	0.800000
10	1.150939	0.180530	0.400000
20	1.151725	0.177190	0.250000
50	1.166365	0.176440	0.260000
100	1.179351	0.176800	0.170000

check_k=8
1	1.135923	1.725200	0.000000
2	1.142836	0.366090	0.500000
5	1.136680	0.335970	0.800000
10	1.130796	0.320400	0.400000
20	1.132539	0.314440	0.300000
50	1.140923	0.313160	0.360000
100	1.151950	0.314400	0.250000

check_k=16
1	1.112511	3.156590	0.000000
2	1.128841	0.681660	0.500000
5	1.120131	0.647670	1.000000
10	1.120709	0.643150	0.800000
20	1.117242	0.621220	0.700000
50	1.122922	0.612220	0.580000
100	1.128938	0.616590	0.440000

check_k=32
1	1.094466	5.660339	0.000000
2	1.103396	1.248050	0.500000
5	1.101036	1.190890	1.600000
10	1.103293	1.194270	1.300000
20	1.101920	1.218740	1.200000
50	1.105161	1.239860	1.020000
100	1.111178	1.255200	0.760000

check_k=64
1	1.083642	9.042340	0.000000
2	1.091467	2.499000	2.000000
5	1.090302	2.484760	2.600000
10	1.088479	2.501580	2.400000
20	1.089697	2.499180	2.150000
50	1.090486	2.525650	1.820000
100	1.093936	2.475010	1.310000

check_k=128
1	1.077281	12.198950	1.000000
2	1.077238	4.886580	4.000000
5	1.072091	4.800110	3.600000
10	1.075190	4.565310	3.300000
20	1.074249	3.858900	3.050000
50	1.075917	3.667900	2.660000
100	1.079891	3.567310	2.120000

check_k=256
1	1.069715	10.819671	2.000000
2	1.067217	7.184930	5.500000
5	1.062294	7.081690	5.400000
10	1.062956	7.134580	5.300000
20	1.062893	7.086180	4.500000
50	1.063449	7.293700	4.020000
100	1.066026	7.116940	3.410000

check_k=512
1	1.047265	15.381710	6.000000
2	1.052446	14.206720	9.500000
5	1.053483	14.324450	9.400000
10	1.050626	14.232750	8.700000
20	1.052117	14.224889	7.200000
50	1.051423	14.314771	6.720000
100	1.053608	14.262890	5.860000

lcsb  r=0.660000, L=64
Indexing Time: 85.074387 Seconds

Estimated Memory Usage: 1616125952 Bytes

check_k=1
1	1.181141	0.494290	0.000000
2	1.170865	0.126960	0.000000
5	1.170229	0.118670	0.000000
10	1.170270	0.113990	0.100000
20	1.174043	0.112120	0.050000
50	1.193643	0.113380	0.120000
100	1.232550	0.129010	0.080000

check_k=2
1	1.163163	0.742710	0.000000
2	1.155658	0.214140	0.000000
5	1.141619	0.204080	0.000000
10	1.145775	0.197190	0.100000
20	1.152160	0.196100	0.100000
50	1.162867	0.197950	0.160000
100	1.177984	0.196630	0.110000

check_k=4
1	1.145971	1.217550	0.000000
2	1.136849	0.340270	0.000000
5	1.133408	0.324810	0.200000
10	1.132609	0.330340	0.300000
20	1.132089	0.332480	0.300000
50	1.139156	0.328450	0.380000
100	1.150990	0.329790	0.230000

check_k=8
1	1.126932	1.918140	0.000000
2	1.121062	0.672140	0.000000
5	1.116889	0.658920	0.800000
10	1.114183	0.611640	0.700000
20	1.115384	0.585310	0.600000
50	1.122101	0.614940	0.600000
100	1.128070	0.583990	0.430000

check_k=16
1	1.110054	3.048230	0.000000
2	1.108371	1.081070	0.500000
5	1.102323	1.011520	1.400000
10	1.100315	0.959840	1.200000
20	1.100858	0.933150	1.000000
50	1.103101	0.920690	0.960000
100	1.109186	0.918270	0.700000

check_k=32
1	1.095109	4.668630	0.000000
2	1.095556	1.858890	1.000000
5	1.088293	1.785460	1.600000
10	1.088959	1.732460	1.900000
20	1.087852	1.730920	1.750000
50	1.089109	1.738840	1.540000
100	1.093078	1.742780	1.170000

check_k=64
1	1.082042	6.653380	2.000000
2	1.080655	3.531940	3.500000
5	1.074164	3.568150	3.600000
10	1.076585	3.469960	3.700000
20	1.074852	3.428100	3.050000
50	1.075565	3.438520	2.680000
100	1.078798	3.444080	2.110000

check_k=128
1	1.055444	10.123569	6.000000
2	1.063472	6.874650	7.500000
5	1.064244	6.857080	5.800000
10	1.062075	6.829890	5.700000
20	1.062125	6.852450	5.100000
50	1.062748	6.837801	4.520000
100	1.065986	6.856540	3.600000

check_k=256
1	1.047601	14.307111	10.000000
2	1.048499	13.663670	11.500000
5	1.046948	13.562109	10.800000
10	1.048800	13.504740	10.400000
20	1.051318	13.550281	8.550000
50	1.051244	13.514880	7.840000
100	1.051517	13.507930	6.540000

check_k=512
1	1.037437	26.772190	14.000000
2	1.036918	26.803068	16.500000
5	1.036165	26.835339	16.600000
10	1.037039	27.009699	15.500000
20	1.037706	26.896828	13.650000
50	1.040934	27.090099	12.920000
100	1.040734	27.117861	11.230000

lcsb  r=0.660000, L=128
Indexing Time: 173.937408 Seconds

Estimated Memory Usage: 3144704000 Bytes

check_k=1
1	1.169993	1.298840	1.000000
2	1.165920	0.241840	0.500000
5	1.156399	0.226350	0.200000
10	1.150136	0.220550	0.200000
20	1.152558	0.215170	0.150000
50	1.165025	0.211200	0.140000
100	1.176733	0.214780	0.120000

check_k=2
1	1.147502	1.299960	2.000000
2	1.141927	0.359850	1.000000
5	1.131311	0.339210	0.400000
10	1.134763	0.331630	0.500000
20	1.132514	0.328550	0.500000
50	1.141913	0.326670	0.380000
100	1.150328	0.327590	0.310000

check_k=4
1	1.121093	2.307400	4.000000
2	1.123524	0.600220	2.500000
5	1.110569	0.574400	1.200000
10	1.116350	0.557710	1.200000
20	1.116693	0.547660	0.950000
50	1.122870	0.543880	0.740000
100	1.130237	0.545250	0.530000

check_k=8
1	1.099230	3.947340	4.000000
2	1.103773	1.067520	2.500000
5	1.099014	1.008510	1.400000
10	1.099580	0.981890	1.600000
20	1.102095	0.972680	1.300000
50	1.104925	0.964960	1.000000
100	1.111774	0.963210	0.860000

check_k=16
1	1.091561	6.222220	4.000000
2	1.083643	1.955690	3.500000
5	1.085116	1.849340	2.200000
10	1.084941	1.793250	2.800000
20	1.090097	1.777030	2.150000
50	1.090965	1.765270	1.720000
100	1.091833	1.783690	1.480000

check_k=32
1	1.078039	8.157200	5.000000
2	1.064041	3.514570	5.000000
5	1.073133	3.417700	3.800000
10	1.073040	3.398840	4.200000
20	1.072372	3.383030	3.400000
50	1.075309	3.399890	2.940000
100	1.078240	3.400790	2.590000

check_k=64
1	1.056991	9.737800	12.000000
2	1.061099	6.797850	9.500000
5	1.058288	6.658250	6.400000
10	1.060975	6.688910	6.600000
20	1.064203	6.706480	5.700000
50	1.061970	6.856400	4.720000
100	1.066091	6.794290	4.170000

check_k=128
1	1.041851	14.031269	16.000000
2	1.046217	13.242149	14.500000
5	1.045020	13.242210	9.800000
10	1.050725	13.387179	10.100000
20	1.049296	13.328980	9.650000
50	1.051078	13.375270	8.220000
100	1.052728	13.696320	7.070000

check_k=256
1	1.032066	27.251259	22.000000
2	1.035973	26.475639	19.500000
5	1.034532	26.276928	17.600000
10	1.037140	26.632980	17.500000
20	1.037087	26.838091	15.900000
50	1.039491	27.074169	13.540000
100	1.040736	26.822790	11.940000

check_k=512
1	1.016740	52.187008	31.000000
2	1.024046	52.038311	30.000000
5	1.024860	52.707298	28.600000
10	1.026159	53.176517	26.200001
20	1.027002	52.201260	24.250000
50	1.028287	52.451065	22.299999
100	1.029999	52.487179	20.120001

lcsb  r=0.660000, L=256
Indexing Time: 304.750916 Seconds

Estimated Memory Usage: 6201851904 Bytes

check_k=1
1	1.137837	1.124530	1.000000
2	1.131173	0.484470	0.500000
5	1.134481	0.463050	0.400000
10	1.129461	0.429830	0.400000
20	1.129603	0.418790	0.500000
50	1.140146	0.418940	0.520000
100	1.149824	0.422490	0.390000

check_k=2
1	1.125639	1.063000	2.000000
2	1.113173	0.670060	2.000000
5	1.115749	0.655580	1.200000
10	1.114813	0.647630	1.000000
20	1.116382	0.645040	0.900000
50	1.121021	0.644630	0.780000
100	1.128744	0.649220	0.640000

check_k=4
1	1.100842	1.836250	3.000000
2	1.101642	1.125910	3.500000
5	1.101697	1.101090	2.200000
10	1.099605	1.087270	1.900000
20	1.101272	1.080910	1.500000
50	1.102414	1.084440	1.200000
100	1.108696	1.092020	1.000000

check_k=8
1	1.086843	2.965900	4.000000
2	1.085964	1.966320	4.500000
5	1.080799	1.929500	3.200000
10	1.086735	1.923410	3.100000
20	1.086730	1.919010	2.450000
50	1.088143	1.916340	2.020000
100	1.091073	1.912540	1.710000

check_k=16
1	1.072780	4.856060	5.000000
2	1.070961	3.868890	6.500000
5	1.068719	3.633820	5.800000
10	1.072573	3.565250	5.200000
20	1.072488	3.551870	3.950000
50	1.073214	3.535390	3.260000
100	1.077086	3.695270	2.830000

check_k=32
1	1.057745	7.519010	6.000000
2	1.055723	6.818780	7.000000
5	1.051777	6.778571	7.400000
10	1.058837	6.915960	8.100000
20	1.059250	6.814250	6.600000
50	1.061351	6.796610	5.820000
100	1.063931	7.241420	4.920000

check_k=64
1	1.044011	13.448939	13.000000
2	1.042541	13.253540	14.000000
5	1.042598	14.056439	12.800000
10	1.044740	13.318151	11.900000
20	1.045995	13.424320	10.800000
50	1.050590	13.401611	9.380000
100	1.051576	13.219730	8.120000

check_k=128
1	1.031856	26.636429	20.000000
2	1.032861	27.147589	21.500000
5	1.033042	26.738550	19.200001
10	1.034877	26.734871	18.200001
20	1.035493	27.368120	17.200001
50	1.038496	26.930698	15.840000
100	1.039749	26.932739	13.610000

check_k=256
1	1.017752	53.080269	33.000000
2	1.021568	52.870396	32.500000
5	1.023796	53.345383	31.000000
10	1.025469	52.320480	29.400000
20	1.025522	51.193539	27.400000
50	1.027726	51.993511	25.520000
100	1.027798	51.135269	22.910000

check_k=512
1	1.000000	99.763321	53.000000
2	1.011192	99.990128	52.500000
5	1.012069	100.012772	50.000000
10	1.015156	100.069618	46.700001
20	1.015597	100.159782	43.849998
50	1.016977	100.508934	40.080002
100	1.019070	100.547424	36.669998

lcsb  r=0.660000, L=512
Indexing Time: 747.200134 Seconds

Estimated Memory Usage: 12316155904 Bytes

check_k=1
1	1.114346	2.204000	1.000000
2	1.110329	1.137070	1.500000
5	1.107670	1.121140	1.200000
10	1.113493	1.152520	1.500000
20	1.115068	1.149400	1.000000
50	1.120838	1.088270	0.720000
100	1.127718	1.102270	0.540000

check_k=2
1	1.092489	2.243940	5.000000
2	1.097654	1.597010	3.500000
5	1.093255	1.650710	2.400000
10	1.096923	1.612650	2.300000
20	1.099558	1.726700	1.500000
50	1.102960	1.643290	1.160000
100	1.106800	1.666860	0.930000

check_k=4
1	1.077673	3.549150	5.000000
2	1.079396	2.542510	4.000000
5	1.081204	2.414220	2.800000
10	1.079186	2.380670	3.000000
20	1.084168	2.350670	2.200000
50	1.087915	2.443460	1.860000
100	1.091267	2.472890	1.570000

check_k=8
1	1.062458	5.611540	6.000000
2	1.068088	4.456720	6.500000
5	1.070891	4.535750	5.200000
10	1.068116	4.533240	5.000000
20	1.070646	4.538510	3.700000
50	1.071217	4.577631	3.300000
100	1.077569	4.466600	2.820000

check_k=16
1	1.045286	9.098020	12.000000
2	1.051742	8.106760	10.500000
5	1.057064	8.626880	9.600000
10	1.055940	8.669360	8.700000
20	1.058635	8.514170	6.550000
50	1.058056	8.406110	5.920000
100	1.062154	8.052341	5.170000

check_k=32
1	1.038338	16.353300	19.000000
2	1.035704	15.977791	16.000000
5	1.043543	15.536280	15.800000
10	1.041821	16.615520	14.900000
20	1.045270	15.993090	11.650000
50	1.047201	15.876209	10.240000
100	1.049244	16.074120	8.810000

check_k=64
1	1.016386	30.484661	34.000000
2	1.025129	30.980051	31.000000
5	1.028466	30.949280	26.400000
10	1.031965	31.019390	24.500000
20	1.033073	31.179321	19.400000
50	1.035312	31.078070	16.940001
100	1.038057	31.252050	14.750000

check_k=128
1	1.000000	60.586498	52.000000
2	1.013061	78.876129	49.000000
5	1.017673	92.574112	39.000000
10	1.021225	72.834877	36.599998
20	1.022245	69.410019	31.750000
50	1.024752	67.411751	27.920000
100	1.026994	64.665352	24.740000

check_k=256
1	1.000000	121.847595	68.000000
2	1.005050	119.465584	61.500000
5	1.010646	119.756325	50.799999
10	1.014465	118.431908	49.900002
20	1.014521	115.854034	45.900002
50	1.015516	114.713799	42.459999
100	1.017856	113.243156	39.009998

check_k=512
1	1.000000	215.978149	78.000000
2	1.000000	218.551941	77.000000
5	1.004366	220.792068	70.400002
10	1.006085	218.248123	68.199997
20	1.007303	219.208572	64.849998
50	1.008398	215.990005	60.500000
100	1.009872	212.779221	57.040001

