lcsb  r=0.660000, L=8
Indexing Time: 4.201145 Seconds

Estimated Memory Usage: 139976704 Bytes

check_k=1
1	1.181495	0.014730	1.000000
2	1.205572	0.011510	0.500000
5	1.245439	0.009700	0.200000
10	1.303014	0.006930	0.200000
20	31622.777344	0.004830	0.200000
50	31622.777344	0.004680	0.940000
100	31622.777344	0.004690	0.670000

check_k=2
1	1.158505	0.010540	1.000000
2	1.173757	0.007210	0.500000
5	1.199836	0.007080	0.200000
10	1.238835	0.007340	0.300000
20	1.312966	0.007740	0.250000
50	31622.777344	0.007300	1.600000
100	31622.777344	0.007270	1.110000

check_k=4
1	1.147502	0.018580	1.000000
2	1.147239	0.012220	0.500000
5	1.169810	0.011480	0.200000
10	1.190865	0.011670	0.300000
20	1.228508	0.012790	0.300000
50	31622.777344	0.012580	3.280000
100	31622.777344	0.012540	2.080000

check_k=8
1	1.122104	0.033400	1.000000
2	1.129725	0.029490	0.500000
5	1.146804	0.027630	0.600000
10	1.160967	0.025500	0.500000
20	1.182636	0.025980	0.650000
50	1.285289	0.026970	5.840000
100	31622.777344	0.026950	3.640000

check_k=16
1	1.111142	0.071450	2.000000
2	1.117021	0.068130	1.000000
5	1.122550	0.059010	1.400000
10	1.135213	0.060240	1.200000
20	1.151790	0.059310	1.200000
50	1.241078	0.062270	8.660000
100	1.284311	0.066480	6.350000

check_k=32
1	1.086817	0.136990	2.000000
2	1.087969	0.132040	2.500000
5	1.101838	0.171920	2.400000
10	1.111820	0.136270	2.100000
20	1.124820	0.132720	2.150000
50	1.205396	0.133240	12.520000
100	1.224932	0.138000	10.430000

check_k=64
1	1.074652	0.274150	4.000000
2	1.077793	0.267490	4.000000
5	1.087033	0.274640	3.000000
10	1.097394	0.260650	2.600000
20	1.102180	0.257970	2.850000
50	1.176296	0.262400	15.040000
100	1.187963	0.265610	13.050000

check_k=128
1	1.063116	0.529220	7.000000
2	1.068194	0.519330	8.500000
5	1.074668	0.518470	5.600000
10	1.079680	0.511460	4.800000
20	1.089459	0.510370	4.300000
50	1.150704	0.513980	17.480000
100	1.165131	0.518550	15.870000

check_k=256
1	1.059462	1.029550	11.000000
2	1.055659	1.019730	10.500000
5	1.065093	1.030380	7.600000
10	1.067019	1.060450	7.000000
20	1.071692	1.019990	6.800000
50	1.137477	1.006830	20.299999
100	1.139142	1.034810	18.650000

check_k=512
1	1.047975	2.097350	16.000000
2	1.043011	2.087000	14.500000
5	1.049823	2.101400	11.000000
10	1.054692	2.243020	10.500000
20	1.060354	2.095130	10.250000
50	1.122025	2.052220	24.620001
100	1.123468	2.061150	22.930000

lcsb  r=0.660000, L=16
Indexing Time: 10.722111 Seconds

Estimated Memory Usage: 236036096 Bytes

check_k=1
1	1.150168	0.153890	0.000000
2	1.164108	0.031650	0.500000
5	1.196729	0.021100	0.600000
10	1.236417	0.008760	0.600000
20	1.346246	0.006230	0.500000
50	31622.777344	0.006140	3.120000
100	31622.777344	0.006120	2.010000

check_k=2
1	1.119255	0.068340	0.000000
2	1.130704	0.015640	0.500000
5	1.159303	0.009570	0.800000
10	1.182824	0.009570	1.000000
20	1.226988	0.009890	1.050000
50	31622.777344	0.010090	6.000000
100	31622.777344	0.010000	3.800000

check_k=4
1	1.104208	0.092610	0.000000
2	1.109303	0.033860	0.500000
5	1.130462	0.024430	1.200000
10	1.148536	0.021270	1.400000
20	1.172897	0.020890	1.350000
50	1.286692	0.021670	8.740000
100	31622.777344	0.021700	7.050000

check_k=8
1	1.090816	0.127400	0.000000
2	1.093019	0.076910	0.500000
5	1.110709	0.075050	1.800000
10	1.124454	0.074920	1.700000
20	1.143294	0.075890	1.750000
50	1.231106	0.078950	12.200000
100	1.273505	0.081340	10.400000

check_k=16
1	1.081047	0.269850	4.000000
2	1.084982	0.192260	2.500000
5	1.094947	0.188230	3.400000
10	1.106121	0.187120	3.000000
20	1.118651	0.186470	2.700000
50	1.203959	0.191630	15.200000
100	1.224059	0.221440	14.340000

check_k=32
1	1.068244	0.533590	5.000000
2	1.073390	0.396670	3.500000
5	1.078492	0.390540	4.400000
10	1.086771	0.383560	4.000000
20	1.096342	0.384450	3.600000
50	1.173066	0.383890	17.639999
100	1.185862	0.389130	17.639999

check_k=64
1	1.060400	0.992600	6.000000
2	1.060412	0.777910	5.500000
5	1.066745	0.771170	5.800000
10	1.073764	0.757510	5.500000
20	1.079746	1.378150	5.200000
50	1.156437	1.027430	21.059999
100	1.154910	0.691570	21.490000

check_k=128
1	1.052574	2.170060	9.000000
2	1.052270	1.403930	7.500000
5	1.055955	1.367000	8.000000
10	1.060548	1.440250	8.500000
20	1.065549	1.466880	8.000000
50	1.127574	1.371170	24.660000
100	1.138815	1.386630	25.170000

check_k=256
1	1.042800	3.376800	13.000000
2	1.041825	3.023790	10.000000
5	1.044444	4.164670	11.800000
10	1.050342	2.927150	11.700000
20	1.052173	2.543470	11.700000
50	1.121202	2.427760	28.799999
100	1.121727	2.448090	29.400000

check_k=512
1	1.026947	5.347240	22.000000
2	1.031101	6.403039	16.500000
5	1.036583	4.883200	18.000000
10	1.039064	4.741730	17.100000
20	1.041504	4.516020	16.900000
50	1.124290	5.250780	32.720001
100	1.111012	4.583820	33.259998

lcsb  r=0.660000, L=32
Indexing Time: 22.697378 Seconds

Estimated Memory Usage: 428015616 Bytes

check_k=1
1	1.111405	0.046980	2.000000
2	1.128577	0.041920	1.000000
5	1.146318	0.039180	1.400000
10	1.179255	0.037390	1.300000
20	1.229308	0.035780	0.950000
50	31622.777344	0.034590	4.280000
100	31622.777344	0.033390	2.040000

check_k=2
1	1.100168	0.053770	2.000000
2	1.102316	0.052620	1.000000
5	1.117440	0.051230	2.000000
10	1.139787	0.050670	1.800000
20	1.169734	0.050700	1.550000
50	1.277460	0.051630	7.600000
100	31622.777344	0.051480	3.760000

check_k=4
1	1.087215	0.093420	2.000000
2	1.086028	0.094980	1.000000
5	1.097786	0.094160	2.000000
10	1.116126	0.094630	2.100000
20	1.132561	0.095190	2.100000
50	1.217512	0.096610	12.020000
100	1.265929	0.099400	6.530000

check_k=8
1	1.075879	0.187720	2.000000
2	1.072521	0.190080	1.500000
5	1.082497	0.282100	3.400000
10	1.091650	0.193940	3.600000
20	1.107233	0.190110	3.500000
50	1.178310	0.196580	15.120000
100	1.201785	0.203220	10.740000

check_k=16
1	1.058925	0.378920	7.000000
2	1.062916	0.374960	4.500000
5	1.069795	0.364210	5.800000
10	1.078367	0.355690	5.700000
20	1.088075	0.357350	5.100000
50	1.153776	0.358100	17.799999
100	1.164686	0.384050	15.200000

check_k=32
1	1.054815	0.739520	10.000000
2	1.053316	0.711920	9.000000
5	1.060575	0.713940	9.000000
10	1.068423	0.694230	8.400000
20	1.072750	0.687060	7.200000
50	1.139066	0.690560	21.400000
100	1.136297	0.700310	18.950001

check_k=64
1	1.045990	1.392620	17.000000
2	1.044228	1.462950	14.000000
5	1.047883	1.562990	13.600000
10	1.051235	1.348820	13.000000
20	1.059585	1.392650	11.350000
50	1.121729	1.446890	25.020000
100	1.122096	1.410620	22.430000

check_k=128
1	1.036341	2.836840	21.000000
2	1.033408	2.761690	20.500000
5	1.034614	2.725370	19.200001
10	1.043060	2.731600	17.900000
20	1.048453	2.755450	16.200001
50	1.117503	2.952260	28.860001
100	1.107430	3.038750	26.360001

check_k=256
1	1.027521	5.388180	28.000000
2	1.027704	5.238410	27.000000
5	1.025770	5.324520	25.600000
10	1.032001	4.766600	24.000000
20	1.035238	4.476540	22.700001
50	1.109985	5.560970	32.099998
100	1.094903	7.237870	31.240000

check_k=512
1	1.014292	14.559940	38.000000
2	1.015497	13.601670	36.000000
5	1.021528	14.339311	35.599998
10	1.024552	12.053309	32.900002
20	1.025434	12.230709	31.650000
50	1.098827	11.426081	35.500000
100	1.092616	9.562201	35.529999

lcsb  r=0.660000, L=64
Indexing Time: 48.271671 Seconds

Estimated Memory Usage: 812113920 Bytes

check_k=1
1	1.088678	0.075690	5.000000
2	1.101453	0.067980	3.000000
5	1.117030	0.055030	2.600000
10	1.139017	0.038330	2.300000
20	1.167203	0.032610	1.700000
50	1.280307	0.031920	7.460000
100	31622.777344	0.031620	3.910000

check_k=2
1	1.079204	0.074080	6.000000
2	1.087105	0.069000	4.500000
5	1.094795	0.063190	3.800000
10	1.111197	0.063720	3.400000
20	1.127880	0.064390	2.600000
50	1.214973	0.066670	12.560000
100	1.260976	0.068470	7.420000

check_k=4
1	1.067452	0.136410	8.000000
2	1.070154	0.135420	6.000000
5	1.077979	0.134960	5.400000
10	1.088409	0.134670	4.800000
20	1.104154	0.136060	4.250000
50	1.179446	0.139300	16.700001
100	1.195637	0.143810	12.280000

check_k=8
1	1.054069	0.273980	13.000000
2	1.059846	0.268790	9.500000
5	1.064740	0.265860	7.400000
10	1.073206	0.263850	6.600000
20	1.083253	0.263950	5.700000
50	1.148155	0.267020	20.180000
100	1.166363	0.272360	16.900000

check_k=16
1	1.039535	0.525000	19.000000
2	1.046969	0.515410	14.000000
5	1.051952	0.508890	11.600000
10	1.058149	0.595360	10.400000
20	1.067694	0.520900	8.750000
50	1.132223	0.528950	23.260000
100	1.140208	0.530220	20.980000

check_k=32
1	1.035294	1.042110	22.000000
2	1.037648	0.999550	20.500000
5	1.041460	0.987950	17.400000
10	1.046595	0.982750	15.200000
20	1.053060	0.983640	13.800000
50	1.120952	0.987650	26.900000
100	1.121971	0.998110	25.049999

check_k=64
1	1.023179	2.009680	28.000000
2	1.028070	2.102650	26.500000
5	1.029863	1.997100	23.000000
10	1.035648	1.946050	21.000000
20	1.041607	1.952880	19.650000
50	1.120587	2.070410	30.920000
100	1.113090	2.013260	29.290001

check_k=128
1	1.007725	4.017150	40.000000
2	1.016651	4.052690	36.500000
5	1.022646	3.914760	31.799999
10	1.027545	4.122950	29.400000
20	1.032150	3.952820	27.799999
50	1.116526	4.022530	35.080002
100	1.098957	4.023420	34.169998

check_k=256
1	1.000000	9.240710	52.000000
2	1.012619	10.450619	48.000000
5	1.015286	10.475101	43.400002
10	1.019326	10.721081	40.299999
20	1.021114	10.757839	38.650002
50	1.097449	10.348230	37.740002
100	1.089510	10.663260	37.950001

check_k=512
1	1.000000	19.607821	64.000000
2	1.007284	16.001040	57.500000
5	1.009662	15.919950	56.200001
10	1.012167	16.102489	51.900002
20	1.015060	16.084589	50.200001
50	1.098562	18.077311	39.439999
100	1.090963	17.408249	41.180000

lcsb  r=0.660000, L=128
Indexing Time: 99.699242 Seconds

Estimated Memory Usage: 1580306432 Bytes

check_k=1
1	1.062522	1.215640	11.000000
2	1.069998	0.146480	8.500000
5	1.087644	0.118970	5.000000
10	1.100552	0.111320	4.100000
20	1.120167	0.106900	3.600000
50	1.205396	0.104090	13.540000
100	1.261683	0.104500	8.060000

check_k=2
1	1.056543	1.059360	13.000000
2	1.055540	0.186710	11.000000
5	1.069540	0.176400	7.800000
10	1.079776	0.171310	6.300000
20	1.092155	0.169900	5.500000
50	1.164215	0.172080	17.719999
100	1.200634	0.176340	13.770000

check_k=4
1	1.047654	1.703210	18.000000
2	1.050106	0.323280	14.000000
5	1.054174	0.310300	10.800000
10	1.063287	0.308590	9.300000
20	1.074054	0.302930	8.100000
50	1.137173	0.302400	21.459999
100	1.159945	0.306440	18.000000

check_k=8
1	1.035294	2.255940	25.000000
2	1.038193	0.615980	21.500000
5	1.044900	0.564290	16.400000
10	1.050283	0.543030	14.400000
20	1.058109	0.535320	12.350000
50	1.120458	0.536030	25.360001
100	1.133757	0.540570	22.620001

check_k=16
1	1.033692	3.602420	27.000000
2	1.030393	1.075680	25.000000
5	1.033597	1.018150	20.799999
10	1.040411	1.006830	19.600000
20	1.045120	1.006190	17.650000
50	1.115412	1.009590	28.980000
100	1.118003	1.018990	27.420000

check_k=32
1	1.009941	4.492460	41.000000
2	1.021018	1.966350	38.000000
5	1.024380	1.944660	31.200001
10	1.028332	1.944420	27.900000
20	1.034235	1.933820	26.049999
50	1.110097	1.948480	33.560001
100	1.108738	1.964270	32.020000

check_k=64
1	1.000000	4.671780	57.000000
2	1.011870	3.777220	52.000000
5	1.017973	3.765720	42.400002
10	1.021061	3.768880	38.299999
20	1.025285	3.767540	35.750000
50	1.107422	3.785040	37.279999
100	1.093640	3.807790	36.439999

check_k=128
1	1.000000	7.567240	70.000000
2	1.004445	7.347290	65.000000
5	1.010442	7.389400	54.200001
10	1.012799	7.450910	51.400002
20	1.016757	7.483980	47.200001
50	1.100268	7.573660	39.500000
100	1.085891	7.557860	39.889999

check_k=256
1	1.000000	14.733141	81.000000
2	1.000000	14.616510	74.000000
5	1.005778	14.608530	65.800003
10	1.007527	14.710158	63.700001
20	1.010597	14.557290	60.150002
50	1.100594	14.350719	40.820000
100	1.088097	14.534969	42.599998

check_k=512
1	1.000000	28.097710	87.000000
2	1.000000	28.107599	84.000000
5	1.001356	28.224421	79.400002
10	1.003235	28.095430	77.300003
20	1.005167	28.422029	74.650002
50	1.094301	28.448740	41.880001
100	1.084039	28.538101	45.720001

lcsb  r=0.660000, L=256
Indexing Time: 211.857254 Seconds

Estimated Memory Usage: 3116691456 Bytes

check_k=1
1	1.049066	0.415830	19.000000
2	1.055708	0.276660	15.000000
5	1.064746	0.270680	10.800000
10	1.078657	0.269810	9.000000
20	1.091653	0.263520	7.200000
50	1.159715	0.285260	19.139999
100	1.188551	0.289200	14.770000

check_k=2
1	1.033842	0.438780	25.000000
2	1.042222	0.429430	21.000000
5	1.052615	0.434280	15.800000
10	1.061307	0.453160	13.600000
20	1.068572	0.459380	11.100000
50	1.135029	0.458820	22.500000
100	1.150464	0.451480	19.450001

check_k=4
1	1.024951	0.730110	30.000000
2	1.035569	0.743270	24.500000
5	1.039085	0.745920	19.600000
10	1.046366	0.730560	18.000000
20	1.054130	0.771300	15.550000
50	1.119133	0.759830	26.299999
100	1.121729	0.797530	24.830000

check_k=8
1	1.018387	1.415390	36.000000
2	1.028420	1.424300	31.000000
5	1.029200	1.430430	26.400000
10	1.033468	1.403510	24.700001
20	1.040835	1.350770	22.049999
50	1.115204	1.323220	31.080000
100	1.115467	1.332790	29.430000

check_k=16
1	1.000000	2.486630	53.000000
2	1.015731	2.562910	43.500000
5	1.021410	2.641120	36.400002
10	1.025255	2.658630	33.700001
20	1.029633	2.758860	30.700001
50	1.109970	2.796220	35.220001
100	1.102011	2.748840	33.720001

check_k=32
1	1.000000	5.012080	62.000000
2	1.009393	5.126310	56.000000
5	1.015364	5.064150	49.000000
10	1.016784	4.837480	44.500000
20	1.021472	4.791570	40.500000
50	1.102192	5.182120	38.360001
100	1.093077	5.203820	37.759998

check_k=64
1	1.000000	10.117050	71.000000
2	1.002785	9.416010	66.500000
5	1.008739	8.786360	62.000000
10	1.010755	8.653831	57.200001
20	1.013616	8.855100	52.799999
50	1.095807	8.811029	40.080002
100	1.082972	8.809100	41.270000

check_k=128
1	1.000000	16.875450	81.000000
2	1.000000	17.444670	79.000000
5	1.001822	17.068241	74.000000
10	1.005960	17.326260	70.599998
20	1.007666	16.839600	67.849998
50	1.098329	17.775690	41.139999
100	1.085232	18.598530	44.360001

check_k=256
1	1.000000	34.108990	91.000000
2	1.000000	33.397167	90.000000
5	1.000000	33.456112	86.599998
10	1.001644	33.577160	84.099998
20	1.003172	33.783691	81.150002
50	1.093279	33.787552	41.840000
100	1.081684	33.785210	46.959999

check_k=512
1	1.000000	67.124321	98.000000
2	1.000000	63.643551	96.500000
5	1.000000	60.315372	93.599998
10	1.000000	59.333080	92.300003
20	1.000769	58.036354	91.199997
50	1.089602	57.981968	42.459999
100	1.081681	57.940208	48.279999

lcsb  r=0.660000, L=512
Indexing Time: 454.723267 Seconds

Estimated Memory Usage: 6189461504 Bytes

check_k=1
1	1.034358	2.252410	28.000000
2	1.037513	0.648970	26.000000
5	1.047912	0.619720	18.600000
10	1.055867	0.585680	15.300000
20	1.066503	0.576850	12.750000
50	1.135919	0.593640	25.299999
100	1.144207	0.618710	24.129999

check_k=2
1	1.018273	2.028450	36.000000
2	1.028729	0.935920	32.500000
5	1.036663	0.881470	24.400000
10	1.042892	0.889260	21.000000
20	1.050564	0.881220	18.350000
50	1.118803	0.872560	29.219999
100	1.124493	0.905300	29.910000

check_k=4
1	1.009981	3.005140	42.000000
2	1.018349	1.498780	41.000000
5	1.026741	1.449920	32.799999
10	1.032026	1.419780	28.700001
20	1.037428	1.447940	26.049999
50	1.115679	1.461020	34.779999
100	1.115899	1.483120	35.130001

check_k=8
1	1.000000	3.768370	54.000000
2	1.011679	2.560420	50.000000
5	1.018727	2.510950	42.200001
10	1.022212	2.499690	39.099998
20	1.027011	2.705810	36.650002
50	1.107847	2.587850	38.840000
100	1.099875	2.553930	39.680000

check_k=16
1	1.000000	5.138450	65.000000
2	1.004246	4.751740	61.500000
5	1.011530	4.734390	54.200001
10	1.013722	4.738050	50.799999
20	1.017131	4.820880	48.900002
50	1.100268	4.654960	40.980000
100	1.090935	4.700740	43.700001

check_k=32
1	1.000000	8.932090	79.000000
2	1.000000	8.890770	74.000000
5	1.005791	8.930850	66.800003
10	1.008002	8.819980	64.000000
20	1.009945	9.215179	61.599998
50	1.097438	8.863690	42.720001
100	1.087030	9.220691	46.799999

check_k=64
1	1.000000	17.142281	89.000000
2	1.000000	17.173370	85.000000
5	1.000272	16.975780	82.000000
10	1.003383	17.315411	78.800003
20	1.005153	17.365561	75.849998
50	1.095507	17.333559	43.700001
100	1.084319	18.024929	49.799999

check_k=128
1	1.000000	35.644211	94.000000
2	1.000000	35.044132	92.000000
5	1.000000	33.429981	90.400002
10	1.000494	33.819271	89.500000
20	1.001309	34.298229	87.699997
50	1.092664	33.815601	44.400002
100	1.082038	33.999020	51.810001

check_k=256
1	1.000000	64.535797	99.000000
2	1.000000	64.677025	97.500000
5	1.000000	64.012009	95.800003
10	1.000000	63.440819	94.800003
20	1.000000	63.811954	94.099998
50	1.089159	64.432365	44.759998
100	1.081577	64.409096	52.560001

check_k=512
1	1.000000	111.707169	100.000000
2	1.000000	111.847755	100.000000
5	1.000000	110.747971	99.199997
10	1.000000	111.157021	99.099998
20	1.000000	110.742157	98.550003
50	1.087808	111.022209	44.959999
100	1.079051	111.263535	52.939999

