lcsb  r=0.660000, L=8
Indexing Time: 4.193017 Seconds

Estimated Memory Usage: 139976704 Bytes

check_k=1
1	1.181495	0.015080	1.000000
2	1.205572	0.011710	0.500000
5	1.245439	0.009460	0.200000
10	1.303014	0.008610	0.200000
20	31622.777344	0.005950	0.200000
50	31622.777344	0.004480	0.940000
100	31622.777344	0.004380	0.670000

check_k=2
1	1.158505	0.010570	1.000000
2	1.173757	0.006760	0.500000
5	1.199836	0.006690	0.200000
10	1.238835	0.006950	0.300000
20	1.312966	0.007110	0.250000
50	31622.777344	0.007120	1.600000
100	31622.777344	0.007130	1.110000

check_k=4
1	1.147502	0.017820	1.000000
2	1.147239	0.011330	0.500000
5	1.169810	0.011080	0.200000
10	1.190865	0.011310	0.300000
20	1.228508	0.011840	0.300000
50	20517.591797	0.012200	3.280000
100	31622.777344	0.012290	2.080000

check_k=8
1	1.122104	0.031700	1.000000
2	1.129725	0.027030	0.500000
5	1.146804	0.023980	0.600000
10	1.160967	0.023520	0.500000
20	1.182636	0.024060	0.650000
50	1.285289	0.025370	5.840000
100	31622.777344	0.025100	3.640000

check_k=16
1	1.111142	0.070350	2.000000
2	1.117021	0.064900	1.000000
5	1.122550	0.058960	1.400000
10	1.135213	0.058380	1.200000
20	1.151790	0.059930	1.200000
50	1.241078	0.065260	8.660000
100	1.284311	0.066100	6.350000

check_k=32
1	1.086817	0.138160	2.000000
2	1.087969	0.135350	2.500000
5	1.101838	0.137410	2.400000
10	1.111820	0.132040	2.100000
20	1.124820	0.131430	2.150000
50	1.205396	0.134520	12.520000
100	1.224932	0.139380	10.430000

check_k=64
1	1.074652	0.281900	4.000000
2	1.077793	0.283260	4.000000
5	1.087033	0.276450	3.000000
10	1.097394	0.263190	2.600000
20	1.102180	0.258900	2.850000
50	1.176296	0.259620	15.040000
100	1.187963	0.268780	13.050000

check_k=128
1	1.063116	0.526150	7.000000
2	1.068194	0.535390	8.500000
5	1.074668	0.532010	5.600000
10	1.079680	0.506160	4.800000
20	1.089459	0.517960	4.300000
50	1.150704	0.550140	17.480000
100	1.165131	0.544400	15.870000

check_k=256
1	1.059462	1.181020	11.000000
2	1.055659	1.111350	10.500000
5	1.065093	1.097230	7.600000
10	1.067019	1.116030	7.000000
20	1.071692	1.122510	6.800000
50	1.137477	1.081620	20.299999
100	1.139142	1.153750	18.650000

check_k=512
1	1.047975	2.179270	16.000000
2	1.043011	2.177810	14.500000
5	1.049823	2.097310	11.000000
10	1.054692	2.035180	10.500000
20	1.060354	2.027130	10.250000
50	1.122025	1.994170	24.620001
100	1.123468	2.002070	22.930000

lcsb  r=0.660000, L=16
Indexing Time: 10.360936 Seconds

Estimated Memory Usage: 236036096 Bytes

check_k=1
1	1.150168	0.020850	0.000000
2	1.164108	0.016320	0.500000
5	1.196729	0.012490	0.600000
10	1.236417	0.006670	0.600000
20	1.346246	0.006100	0.500000
50	31622.777344	0.006000	2.200000
100	31622.777344	0.005910	1.170000

check_k=2
1	1.119255	0.015730	0.000000
2	1.130704	0.009390	0.500000
5	1.159303	0.009020	0.800000
10	1.182824	0.009300	1.000000
20	1.226988	0.009690	1.050000
50	31622.777344	0.009900	4.140000
100	31622.777344	0.009840	2.110000

check_k=4
1	1.104208	0.028730	0.000000
2	1.109303	0.020790	0.500000
5	1.130462	0.019820	1.200000
10	1.148536	0.019680	1.400000
20	1.172897	0.020520	1.350000
50	1.286692	0.021490	6.740000
100	31622.777344	0.021920	3.690000

check_k=8
1	1.090816	0.065990	0.000000
2	1.093019	0.065210	0.500000
5	1.110709	0.054300	1.800000
10	1.124454	0.051790	1.700000
20	1.143294	0.057620	1.750000
50	1.231106	0.061570	10.200000
100	1.273505	0.062850	6.400000

check_k=16
1	1.081047	0.145820	4.000000
2	1.084982	0.123690	2.500000
5	1.094947	0.123690	3.400000
10	1.106121	0.125600	3.000000
20	1.118651	0.127180	2.700000
50	1.203959	0.131930	13.200000
100	1.224059	0.135700	10.340000

check_k=32
1	1.068244	0.271570	5.000000
2	1.073390	0.269980	3.500000
5	1.078492	0.274520	4.400000
10	1.086771	0.266910	4.000000
20	1.096342	0.264420	3.600000
50	1.173066	0.263720	15.640000
100	1.185862	0.271090	13.640000

check_k=64
1	1.060400	0.549200	6.000000
2	1.060412	0.625970	5.500000
5	1.066745	0.531040	5.800000
10	1.073764	0.541690	5.500000
20	1.079746	0.545800	5.200000
50	1.156437	0.513740	19.059999
100	1.154910	0.507620	17.490000

check_k=128
1	1.052574	1.016580	9.000000
2	1.052270	1.000260	7.500000
5	1.055955	1.020140	8.000000
10	1.060548	1.001710	8.500000
20	1.065549	1.043670	8.000000
50	1.127574	1.056420	22.660000
100	1.138815	1.033500	21.170000

check_k=256
1	1.042800	2.053200	13.000000
2	1.041825	2.119030	10.000000
5	1.044444	1.983160	11.800000
10	1.050342	2.109450	11.700000
20	1.052173	2.206800	11.700000
50	1.121202	2.104270	26.799999
100	1.121727	2.019750	25.400000

check_k=512
1	1.026947	4.179360	22.000000
2	1.031101	4.322820	16.500000
5	1.036583	4.285350	18.000000
10	1.039064	4.593290	17.100000
20	1.041504	4.117140	16.900000
50	1.124290	4.029270	30.719999
100	1.111012	4.186860	29.260000

lcsb  r=0.660000, L=32
Indexing Time: 22.993549 Seconds

Estimated Memory Usage: 428015616 Bytes

check_k=1
1	1.111405	0.039590	2.000000
2	1.128577	0.033710	1.000000
5	1.146318	0.022110	1.400000
10	1.179255	0.013290	1.300000
20	1.229308	0.012630	0.950000
50	31622.777344	0.012890	4.280000
100	31622.777344	0.012740	2.040000

check_k=2
1	1.100168	0.032090	2.000000
2	1.102316	0.025280	1.000000
5	1.117440	0.024600	2.000000
10	1.139787	0.024570	1.800000
20	1.169734	0.025060	1.550000
50	1.277460	0.026400	7.600000
100	31622.777344	0.026490	3.760000

check_k=4
1	1.087215	0.072960	2.000000
2	1.086028	0.072460	1.000000
5	1.097786	0.064900	2.000000
10	1.116126	0.063020	2.100000
20	1.132561	0.063790	2.100000
50	1.217512	0.064100	12.020000
100	1.265929	0.064240	6.530000

check_k=8
1	1.075879	0.136740	2.000000
2	1.072521	0.130290	1.500000
5	1.082497	0.128460	3.400000
10	1.091650	0.129870	3.600000
20	1.107233	0.131360	3.500000
50	1.178310	0.133540	15.120000
100	1.201785	0.137910	10.740000

check_k=16
1	1.058925	0.269780	7.000000
2	1.062916	0.264880	4.500000
5	1.069795	0.261930	5.800000
10	1.078367	0.267930	5.700000
20	1.088075	0.261250	5.100000
50	1.153776	0.263910	17.799999
100	1.169452	0.272970	15.200000

check_k=32
1	1.054815	0.545450	10.000000
2	1.053316	0.547420	9.000000
5	1.060575	0.530460	9.000000
10	1.068423	0.529040	8.400000
20	1.072750	0.538230	7.200000
50	1.139066	0.541680	21.379999
100	1.136708	0.542650	18.930000

check_k=64
1	1.045990	1.060230	17.000000
2	1.044228	1.060930	14.000000
5	1.047883	1.041490	13.600000
10	1.051235	1.100520	13.000000
20	1.059585	0.987810	11.350000
50	1.121729	0.995210	25.000000
100	1.122096	1.015310	22.410000

check_k=128
1	1.036341	2.023820	21.000000
2	1.033408	2.008160	20.500000
5	1.034614	2.052470	19.200001
10	1.043060	2.007720	17.900000
20	1.048453	2.225180	16.200001
50	1.117503	2.186030	28.840000
100	1.113383	2.210390	26.330000

check_k=256
1	1.027521	4.064030	28.000000
2	1.027704	4.288310	27.000000
5	1.025770	4.414900	25.600000
10	1.032001	4.125710	24.000000
20	1.035238	4.092920	22.700001
50	1.109985	4.060160	32.080002
100	1.095993	4.022370	31.209999

check_k=512
1	1.014292	8.655459	38.000000
2	1.015497	8.846850	36.000000
5	1.021528	8.161469	35.599998
10	1.024552	8.206369	32.900002
20	1.025434	8.305220	31.650000
50	1.108469	8.140280	35.419998
100	1.093605	8.264441	35.470001

lcsb  r=0.660000, L=64
Indexing Time: 49.311092 Seconds

Estimated Memory Usage: 812113920 Bytes

check_k=1
1	1.088678	0.079920	5.000000
2	1.101453	0.070350	3.000000
5	1.117030	0.064510	2.600000
10	1.139017	0.052980	2.300000
20	1.167203	0.052410	1.700000
50	1.280307	0.052230	7.460000
100	31622.777344	0.049550	3.910000

check_k=2
1	1.079204	0.090040	6.000000
2	1.087105	0.083930	4.500000
5	1.094795	0.081580	3.800000
10	1.111197	0.085460	3.400000
20	1.127880	0.087640	2.600000
50	1.214973	0.088860	12.560000
100	1.260976	0.090310	7.420000

check_k=4
1	1.067452	0.164270	8.000000
2	1.070154	0.160780	6.000000
5	1.077979	0.160550	5.400000
10	1.088409	0.156690	4.800000
20	1.104154	0.157220	4.250000
50	1.179446	0.163080	16.700001
100	1.195637	0.164560	12.280000

check_k=8
1	1.054069	0.301160	13.000000
2	1.059846	0.301180	9.500000
5	1.064740	0.298790	7.400000
10	1.073206	0.294790	6.600000
20	1.083253	0.296580	5.700000
50	1.148155	0.301550	20.180000
100	1.166363	0.313620	16.900000

check_k=16
1	1.039535	0.592780	19.000000
2	1.046969	0.566010	14.000000
5	1.051952	0.558890	11.600000
10	1.058149	0.560000	10.400000
20	1.067694	0.570230	8.750000
50	1.132223	0.566140	23.260000
100	1.140208	0.580450	20.980000

check_k=32
1	1.035294	1.121280	22.000000
2	1.037648	1.148790	20.500000
5	1.041460	1.153010	17.400000
10	1.046595	1.282580	15.200000
20	1.053060	1.128090	13.800000
50	1.120952	1.162290	26.900000
100	1.121971	1.165330	25.049999

check_k=64
1	1.023179	2.242820	28.000000
2	1.028070	2.273730	26.500000
5	1.029863	2.252680	23.000000
10	1.035648	2.270570	21.000000
20	1.041607	2.388910	19.650000
50	1.120587	2.166260	30.920000
100	1.113090	2.213830	29.290001

check_k=128
1	1.007725	4.385400	40.000000
2	1.016651	4.491630	36.500000
5	1.022646	4.326110	31.799999
10	1.027545	4.297880	29.400000
20	1.032150	4.295470	27.799999
50	1.116526	4.449000	35.080002
100	1.098957	4.317450	34.169998

check_k=256
1	1.000000	8.579170	52.000000
2	1.012619	8.463810	48.000000
5	1.015286	8.710510	43.400002
10	1.019326	8.632030	40.299999
20	1.021114	8.516629	38.650002
50	1.097449	8.776870	37.740002
100	1.089510	8.884621	37.950001

check_k=512
1	1.000000	17.353260	64.000000
2	1.007284	17.106709	57.500000
5	1.009662	17.376720	56.200001
10	1.012167	17.100420	51.900002
20	1.015060	17.545021	50.200001
50	1.098562	17.887859	39.439999
100	1.090963	18.088820	41.180000

lcsb  r=0.660000, L=128
Indexing Time: 103.530121 Seconds

Estimated Memory Usage: 1580306432 Bytes

check_k=1
1	1.062522	0.142620	11.000000
2	1.069998	0.124900	8.500000
5	1.087644	0.107820	5.000000
10	1.100552	0.094190	4.100000
20	1.120167	0.092700	3.600000
50	1.205396	0.094500	13.540000
100	1.261683	0.103430	8.060000

check_k=2
1	1.056543	0.170970	13.000000
2	1.055540	0.166190	11.000000
5	1.069540	0.163130	7.800000
10	1.079776	0.163720	6.300000
20	1.092155	0.163530	5.500000
50	1.164215	0.166870	17.719999
100	1.200634	0.171450	13.770000

check_k=4
1	1.047654	0.300180	18.000000
2	1.050106	0.294350	14.000000
5	1.054174	0.293080	10.800000
10	1.063287	0.289420	9.300000
20	1.074054	0.289920	8.100000
50	1.137173	0.294320	21.459999
100	1.159945	0.300290	18.000000

check_k=8
1	1.035294	0.556070	25.000000
2	1.038193	0.544700	21.500000
5	1.044900	0.546780	16.400000
10	1.050283	0.538420	14.400000
20	1.058109	0.534060	12.350000
50	1.120458	0.542100	25.360001
100	1.133757	0.549210	22.620001

check_k=16
1	1.033692	1.039770	27.000000
2	1.030393	1.030710	25.000000
5	1.033597	1.059310	20.799999
10	1.040411	1.041690	19.600000
20	1.045120	1.023040	17.650000
50	1.115412	1.042310	28.980000
100	1.118003	1.122490	27.420000

check_k=32
1	1.009941	2.136200	41.000000
2	1.021018	2.141680	38.000000
5	1.024380	2.295000	31.200001
10	1.028332	2.131180	27.900000
20	1.034235	2.154630	26.049999
50	1.110097	2.221040	33.560001
100	1.108738	2.212470	32.020000

check_k=64
1	1.000000	4.295310	57.000000
2	1.011870	3.932670	52.000000
5	1.017973	3.907390	42.400002
10	1.021061	4.078090	38.299999
20	1.025285	4.030090	35.750000
50	1.107422	4.239280	37.279999
100	1.093640	4.268810	36.439999

check_k=128
1	1.000000	8.155820	70.000000
2	1.004445	7.913030	65.000000
5	1.010442	7.918581	54.200001
10	1.012799	8.017799	51.400002
20	1.016757	8.278561	47.200001
50	1.100268	8.307080	39.500000
100	1.085891	7.799231	39.889999

check_k=256
1	1.000000	15.381451	81.000000
2	1.000000	15.756281	74.000000
5	1.005778	15.279510	65.800003
10	1.007527	16.224621	63.700001
20	1.010597	15.729291	60.150002
50	1.100594	15.273669	40.820000
100	1.088097	15.697590	42.599998

check_k=512
1	1.000000	30.175901	87.000000
2	1.000000	31.315950	84.000000
5	1.001356	30.691841	79.400002
10	1.003235	30.015100	77.300003
20	1.005167	29.785040	74.650002
50	1.094301	30.276279	41.880001
100	1.084039	30.420982	45.720001

lcsb  r=0.660000, L=256
Indexing Time: 206.836914 Seconds

Estimated Memory Usage: 3116691456 Bytes

check_k=1
1	1.049066	0.364700	19.000000
2	1.055708	0.255320	15.000000
5	1.064746	0.245050	10.800000
10	1.078657	0.233470	9.000000
20	1.091653	0.353120	7.200000
50	1.159715	0.230590	19.139999
100	1.188551	0.233130	14.770000

check_k=2
1	1.033842	0.363340	25.000000
2	1.042222	0.381110	21.000000
5	1.052615	0.357080	15.800000
10	1.061307	0.353020	13.600000
20	1.068572	0.357760	11.100000
50	1.135029	0.359950	22.500000
100	1.150464	0.364910	19.450001

check_k=4
1	1.024951	0.619280	30.000000
2	1.035569	0.611300	24.500000
5	1.039085	0.604810	19.600000
10	1.046366	0.609220	18.000000
20	1.054130	0.612840	15.550000
50	1.119133	0.617980	26.299999
100	1.121729	0.639830	24.830000

check_k=8
1	1.018387	1.127880	36.000000
2	1.028420	1.109720	31.000000
5	1.029200	1.117800	26.400000
10	1.033468	1.108050	24.700001
20	1.040835	1.305430	22.049999
50	1.115204	1.163090	31.080000
100	1.115467	1.139730	29.430000

check_k=16
1	1.000000	2.123300	53.000000
2	1.015731	2.134020	43.500000
5	1.021410	2.221990	36.400002
10	1.025255	2.229870	33.700001
20	1.029633	2.352820	30.700001
50	1.109970	2.232660	35.220001
100	1.102011	2.160610	33.720001

check_k=32
1	1.000000	4.103430	62.000000
2	1.009393	4.224170	56.000000
5	1.015364	4.159490	49.000000
10	1.016784	4.099440	44.500000
20	1.021472	4.059350	40.500000
50	1.102192	4.221400	38.360001
100	1.093077	4.110470	37.759998

check_k=64
1	1.000000	8.070641	71.000000
2	1.002785	7.877511	66.500000
5	1.008739	7.947510	62.000000
10	1.010755	8.154361	57.200001
20	1.013616	8.241711	52.799999
50	1.095807	8.102440	40.080002
100	1.082972	8.146100	41.270000

check_k=128
1	1.000000	15.500391	81.000000
2	1.000000	15.654461	79.000000
5	1.001822	15.547330	74.000000
10	1.005960	16.123390	70.599998
20	1.007666	16.064699	67.849998
50	1.098329	15.729731	41.139999
100	1.085232	16.798340	44.360001

check_k=256
1	1.000000	30.948410	91.000000
2	1.000000	29.882090	90.000000
5	1.000000	31.079920	86.599998
10	1.001644	31.431911	84.099998
20	1.003172	29.924999	81.150002
50	1.093279	30.456108	41.840000
100	1.081684	31.320368	46.959999

check_k=512
1	1.000000	57.418873	98.000000
2	1.000000	56.831562	96.500000
5	1.000000	58.130821	93.599998
10	1.000000	57.061203	92.300003
20	1.000769	67.310265	91.199997
50	1.089602	58.677578	42.459999
100	1.081681	56.535000	48.279999

lcsb  r=0.660000, L=512
Indexing Time: 591.451721 Seconds

Estimated Memory Usage: 6189461504 Bytes

check_k=1
1	1.034358	1.978850	28.000000
2	1.037513	0.747040	26.000000
5	1.047912	0.665720	18.600000
10	1.055867	0.641040	15.300000
20	1.066503	0.636020	12.750000
50	1.135919	0.630110	23.299999
100	1.144207	0.631830	20.129999

check_k=2
1	1.018273	1.243980	36.000000
2	1.028729	1.138990	32.500000
5	1.036663	0.970790	24.400000
10	1.042892	0.956730	21.000000
20	1.050564	0.956980	18.350000
50	1.118803	0.966980	27.219999
100	1.124493	0.975840	25.910000

check_k=4
1	1.009981	1.943470	42.000000
2	1.018349	1.644990	41.000000
5	1.026741	1.619200	32.799999
10	1.032026	1.623320	28.700001
20	1.037428	1.607310	26.049999
50	1.115679	1.642080	32.779999
100	1.115899	1.596230	31.129999

check_k=8
1	1.000000	3.080700	54.000000
2	1.011679	2.765630	50.000000
5	1.018727	2.741310	42.200001
10	1.022212	2.897050	39.099998
20	1.027011	2.782000	36.650002
50	1.107847	2.749440	36.840000
100	1.099875	2.795820	35.680000

check_k=16
1	1.000000	5.092840	65.000000
2	1.004246	5.005040	61.500000
5	1.011530	4.998020	54.200001
10	1.013722	5.169860	50.799999
20	1.017131	5.076940	48.900002
50	1.100268	4.974290	38.980000
100	1.090935	5.024490	39.700001

check_k=32
1	1.000000	9.555570	79.000000
2	1.000000	9.465961	74.000000
5	1.005791	9.271320	66.800003
10	1.008002	9.740710	64.000000
20	1.009945	9.325900	61.599998
50	1.097438	9.199790	40.720001
100	1.087030	9.620410	42.799999

check_k=64
1	1.000000	17.836220	89.000000
2	1.000000	17.670601	85.000000
5	1.000272	17.745909	82.000000
10	1.003383	18.318159	78.800003
20	1.005153	16.412800	75.849998
50	1.095507	17.361919	41.700001
100	1.084319	16.667761	45.799999

check_k=128
1	1.000000	30.179628	94.000000
2	1.000000	30.194059	92.000000
5	1.000000	30.118279	90.400002
10	1.000494	30.047459	89.500000
20	1.001309	29.906549	87.699997
50	1.092664	29.954842	42.400002
100	1.082038	29.681412	47.810001

check_k=256
1	1.000000	56.841278	99.000000
2	1.000000	56.925358	97.500000
5	1.000000	59.640907	95.800003
10	1.000000	114.433388	94.800003
20	1.000000	116.612679	94.099998
50	1.089159	111.719513	42.759998
100	1.081577	110.484138	48.560001

check_k=512
1	1.000000	201.568054	100.000000
2	1.000000	130.991714	100.000000
5	1.000000	112.668282	99.199997
10	1.000000	107.962921	99.099998
20	1.000000	104.083229	98.550003
50	1.087808	101.994423	42.959999
100	1.079051	98.359161	48.939999

