lcsb  r=0.660000, L=8
Indexing Time: 0.279391 Seconds

Estimated Memory Usage: 13275136 Bytes

check_k=1
1	1.189678	0.021300	4.000000
2	1.194728	0.018420	3.000000
5	1.218255	0.017110	1.800000
10	1.322540	0.012950	1.100000
20	31622.777344	0.010640	0.750000
50	31622.777344	0.010280	7.780000
100	31622.777344	0.010340	3.690000

check_k=2
1	1.150786	0.023790	4.000000
2	1.155114	0.021840	3.000000
5	1.165519	0.020770	2.200000
10	1.205940	0.020780	1.600000
20	1.317541	0.020530	1.250000
50	31622.777344	0.020740	15.060000
100	31622.777344	0.020510	7.410000

check_k=4
1	1.135174	0.050030	5.000000
2	1.123902	0.048110	4.000000
5	1.126485	0.047770	2.800000
10	1.151301	0.048170	2.200000
20	1.187453	0.049030	1.750000
50	1.551800	0.049650	27.160000
100	31622.777344	0.049510	14.910000

check_k=8
1	1.112922	0.099770	6.000000
2	1.110670	0.099670	5.500000
5	1.109019	0.099280	3.600000
10	1.125027	0.099550	2.800000
20	1.132347	0.099770	2.350000
50	1.424858	0.101730	31.840000
100	1.533151	0.106390	25.770000

check_k=16
1	1.083312	0.209590	11.000000
2	1.092780	0.202970	9.500000
5	1.086817	0.202830	6.600000
10	1.093442	0.201620	5.200000
20	1.105038	0.201020	4.100000
50	1.414585	0.202890	35.180000
100	1.401374	0.205890	29.290001

check_k=32
1	1.073498	0.395640	12.000000
2	1.068723	0.398330	12.500000
5	1.070825	0.398570	10.200000
10	1.072147	0.390600	7.800000
20	1.081446	0.388370	6.300000
50	1.447408	0.390630	37.959999
100	1.384510	0.399600	32.250000

check_k=64
1	1.052301	0.776290	13.000000
2	1.060910	0.769300	14.000000
5	1.062218	0.764890	12.800000
10	1.062210	0.768850	9.900000
20	1.063461	0.758490	8.750000
50	1.446758	0.739040	39.520000
100	1.377655	0.748530	34.169998

check_k=128
1	1.044978	1.505580	17.000000
2	1.045445	1.526600	18.000000
5	1.051042	1.511560	16.400000
10	1.050078	1.516280	13.600000
20	1.049317	1.523950	12.250000
50	1.440859	1.529890	40.660000
100	1.347903	1.500140	35.520000

check_k=256
1	1.025682	2.952430	28.000000
2	1.029192	2.968550	26.000000
5	1.036217	3.001350	24.000000
10	1.036915	2.949990	20.900000
20	1.036809	2.964380	18.600000
50	1.420674	3.010930	41.680000
100	1.323844	3.029780	37.180000

check_k=512
1	1.012147	5.712210	45.000000
2	1.019577	5.800100	41.500000
5	1.022517	5.647580	38.599998
10	1.026673	5.799630	33.299999
20	1.025972	5.701840	29.500000
50	1.405192	5.813530	42.720001
100	1.321947	5.739120	39.630001

lcsb  r=0.660000, L=16
Indexing Time: 0.472368 Seconds

Estimated Memory Usage: 22507520 Bytes

check_k=1
1	1.148345	0.045570	6.000000
2	1.140863	0.036660	5.000000
5	1.159449	0.033750	2.600000
10	1.192421	0.032380	2.200000
20	1.285832	0.030720	1.400000
50	31622.777344	0.029410	15.460000
100	31622.777344	0.028910	7.550000

check_k=2
1	1.124683	0.060960	7.000000
2	1.119248	0.057210	5.500000
5	1.126882	0.057660	3.600000
10	1.138097	0.058430	3.100000
20	1.169925	0.059440	2.150000
50	1.567783	0.059950	27.660000
100	31622.777344	0.059670	15.050000

check_k=4
1	1.097317	0.114280	9.000000
2	1.096182	0.117300	7.000000
5	1.098183	0.114510	4.800000
10	1.110167	0.118820	4.600000
20	1.124718	0.118350	3.350000
50	1.427855	0.128280	32.580002
100	1.540780	0.123380	26.230000

check_k=8
1	1.089293	0.220810	10.000000
2	1.084708	0.222320	9.000000
5	1.081922	0.221610	6.200000
10	1.089915	0.219980	5.700000
20	1.100389	0.219270	4.650000
50	1.432690	0.224040	35.840000
100	1.427642	0.223300	29.450001

check_k=16
1	1.069237	0.432770	13.000000
2	1.068374	0.422780	12.500000
5	1.067549	0.421270	9.400000
10	1.070700	0.422330	8.400000
20	1.077501	0.426850	6.850000
50	1.453472	0.418710	38.419998
100	1.384193	0.418480	32.320000

check_k=32
1	1.052703	0.812350	15.000000
2	1.049813	0.791050	15.500000
5	1.055692	0.792440	14.200000
10	1.055475	0.842170	12.300000
20	1.060576	0.876890	10.050000
50	1.448109	0.841770	40.040001
100	1.359188	0.834560	34.580002

check_k=64
1	1.049090	1.628250	18.000000
2	1.039930	1.626340	19.000000
5	1.041781	1.603200	19.000000
10	1.044870	1.568150	15.600000
20	1.047356	1.546070	14.100000
50	1.434799	1.633930	41.240002
100	1.340004	1.621750	35.970001

check_k=128
1	1.031685	3.180740	24.000000
2	1.028118	3.156650	26.500000
5	1.033518	3.040060	26.000000
10	1.036832	3.180160	22.000000
20	1.037187	3.165820	19.850000
50	1.422448	3.132030	41.919998
100	1.326253	3.103970	37.220001

check_k=256
1	1.012042	6.079400	39.000000
2	1.017402	5.962110	37.500000
5	1.022542	6.060230	37.599998
10	1.023682	5.961090	33.799999
20	1.025555	6.055640	31.150000
50	1.404135	5.977710	43.040001
100	1.320241	6.019960	39.980000

check_k=512
1	1.000000	11.264850	62.000000
2	1.007462	11.184979	58.500000
5	1.011107	11.271339	54.400002
10	1.013257	11.192270	50.500000
20	1.014805	11.215329	47.950001
50	1.387424	11.212710	44.119999
100	1.308153	11.222010	42.580002

lcsb  r=0.660000, L=32
Indexing Time: 0.936541 Seconds

Estimated Memory Usage: 40837120 Bytes

check_k=1
1	1.132468	0.088720	5.000000
2	1.126402	0.079430	5.500000
5	1.128062	0.077990	3.600000
10	1.146755	0.077000	3.200000
20	1.180435	0.075420	2.300000
50	1.537792	0.073860	27.180000
100	31622.777344	0.074080	14.480000

check_k=2
1	1.102532	0.126510	8.000000
2	1.107228	0.124720	7.500000
5	1.099683	0.125380	5.200000
10	1.112861	0.128460	4.600000
20	1.123089	0.126840	3.250000
50	1.413434	0.130270	32.459999
100	1.540759	0.131430	25.980000

check_k=4
1	1.087589	0.232440	12.000000
2	1.081948	0.232010	10.500000
5	1.082994	0.236150	7.600000
10	1.087204	0.234820	6.500000
20	1.095487	0.231250	5.150000
50	1.435338	0.233860	36.020000
100	1.423996	0.236120	29.590000

check_k=8
1	1.061288	0.440190	18.000000
2	1.069076	0.429830	16.500000
5	1.069954	0.428750	11.400000
10	1.072200	0.429920	9.400000
20	1.076803	0.464350	7.700000
50	1.454545	0.426140	38.419998
100	1.387168	0.433200	32.360001

check_k=16
1	1.051089	0.814530	23.000000
2	1.057937	0.788920	19.000000
5	1.055103	0.775710	15.000000
10	1.055318	0.785810	12.700000
20	1.058174	0.780240	10.800000
50	1.449269	0.814780	40.259998
100	1.379520	0.821360	34.430000

check_k=32
1	1.029811	1.581090	30.000000
2	1.042577	1.568630	24.500000
5	1.042297	1.623070	21.000000
10	1.044695	1.570710	17.299999
20	1.046016	1.539440	15.250000
50	1.437165	1.510490	41.380001
100	1.336805	1.553670	36.029999

check_k=64
1	1.016817	3.079280	37.000000
2	1.024744	3.057230	32.500000
5	1.032673	3.002570	28.400000
10	1.034433	3.009730	23.900000
20	1.034484	3.128590	21.600000
50	1.427333	3.094490	42.180000
100	1.327752	3.017870	37.770000

check_k=128
1	1.001257	5.893849	48.000000
2	1.016424	5.888910	46.000000
5	1.023305	5.907400	40.200001
10	1.022932	5.851940	34.200001
20	1.024678	5.922200	31.750000
50	1.410680	5.855270	43.080002
100	1.324003	5.958960	39.959999

check_k=256
1	1.000000	11.071050	66.000000
2	1.003533	11.043779	61.500000
5	1.010258	11.049170	56.599998
10	1.012240	11.001789	51.799999
20	1.014581	11.057520	49.200001
50	1.387500	11.047541	43.880001
100	1.310345	11.033870	42.660000

check_k=512
1	1.000000	19.724951	86.000000
2	1.000000	19.829679	82.000000
5	1.002826	19.902061	76.000000
10	1.005356	19.478199	71.500000
20	1.007120	19.503601	68.449997
50	1.392586	19.320250	44.500000
100	1.308136	19.329531	45.000000

lcsb  r=0.660000, L=64
Indexing Time: 2.000568 Seconds

Estimated Memory Usage: 77496320 Bytes

check_k=1
1	1.104015	0.187800	6.000000
2	1.102659	0.175550	7.000000
5	1.100492	0.171470	4.800000
10	1.110614	0.170910	4.500000
20	1.121399	0.168090	4.000000
50	1.415947	0.168310	32.060001
100	1.522025	0.169440	26.430000

check_k=2
1	1.084455	0.274100	9.000000
2	1.084486	0.269580	9.000000
5	1.080965	0.271840	6.800000
10	1.085406	0.270200	6.400000
20	1.094398	0.266430	5.600000
50	1.452026	0.263310	35.619999
100	1.408750	0.265490	30.100000

check_k=4
1	1.063520	0.456950	16.000000
2	1.066212	0.464900	14.000000
5	1.067052	0.457890	10.000000
10	1.065067	0.501260	8.600000
20	1.074745	0.480410	8.000000
50	1.450426	0.494690	38.639999
100	1.369410	0.498110	33.060001

check_k=8
1	1.045298	0.877930	22.000000
2	1.051735	0.879040	19.500000
5	1.056208	0.864500	15.000000
10	1.054122	0.864790	12.900000
20	1.057013	0.864420	11.700000
50	1.447556	0.873220	40.700001
100	1.366731	0.875570	35.169998

check_k=16
1	1.027256	1.633770	29.000000
2	1.037064	1.606660	24.000000
5	1.043666	1.592270	20.799999
10	1.042503	1.657210	18.000000
20	1.043171	1.656850	17.049999
50	1.436872	1.646250	41.799999
100	1.331237	1.657090	36.799999

check_k=32
1	1.014231	3.128990	39.000000
2	1.029738	3.076500	31.000000
5	1.030130	3.126760	29.799999
10	1.031055	3.179600	25.600000
20	1.033894	3.035910	23.950001
50	1.425515	3.083860	42.419998
100	1.327688	3.174310	38.759998

check_k=64
1	1.000181	5.873600	50.000000
2	1.016738	5.981840	41.500000
5	1.020395	5.914920	40.799999
10	1.021349	6.007140	36.099998
20	1.022204	5.938540	34.700001
50	1.409743	6.061090	43.599998
100	1.316315	6.003090	40.799999

check_k=128
1	1.000000	11.833440	64.000000
2	1.007861	11.831900	58.000000
5	1.009701	11.858280	55.599998
10	1.011170	11.922910	51.500000
20	1.013827	11.868551	50.349998
50	1.391100	11.807581	44.180000
100	1.311541	11.904370	42.860001

check_k=256
1	1.000000	21.107290	84.000000
2	1.000000	21.115320	77.500000
5	1.004036	21.047609	73.400002
10	1.004556	21.137138	71.500000
20	1.006149	20.987749	69.099998
50	1.397917	20.304741	44.459999
100	1.307179	20.221359	45.259998

check_k=512
1	1.000000	33.328381	96.000000
2	1.000000	34.136627	91.500000
5	1.000000	32.997440	89.199997
10	1.000361	32.933601	88.000000
20	1.001733	33.013329	87.050003
50	1.389781	32.325798	44.759998
100	1.306919	32.297970	46.919998

lcsb  r=0.660000, L=128
Indexing Time: 4.674826 Seconds

Estimated Memory Usage: 150818816 Bytes

check_k=1
1	1.071340	0.351800	14.000000
2	1.079317	0.345390	13.500000
5	1.078282	0.343320	9.400000
10	1.084253	0.340830	7.900000
20	1.093441	0.337220	6.450000
50	1.453850	0.345950	36.279999
100	1.412891	0.351040	29.910000

check_k=2
1	1.056089	0.533990	20.000000
2	1.063383	0.534670	17.500000
5	1.064244	0.520600	12.800000
10	1.065957	0.514020	11.100000
20	1.072900	0.514820	9.250000
50	1.450426	0.517020	38.759998
100	1.385897	0.521980	33.020000

check_k=4
1	1.041679	0.887300	24.000000
2	1.045876	0.900240	21.500000
5	1.050135	0.947010	16.000000
10	1.051923	0.894170	14.100000
20	1.056589	0.892250	12.850000
50	1.440930	0.891630	40.959999
100	1.359481	0.904190	35.450001

check_k=8
1	1.022479	1.612950	32.000000
2	1.034572	1.618100	29.500000
5	1.036816	1.565700	23.799999
10	1.039785	1.585970	20.200001
20	1.042790	1.624400	18.549999
50	1.435910	1.608970	42.060001
100	1.332963	1.614020	36.750000

check_k=16
1	1.007243	3.006450	44.000000
2	1.021291	3.016350	38.500000
5	1.025366	2.972760	34.599998
10	1.027875	3.073940	30.700001
20	1.030446	3.093150	27.799999
50	1.422835	2.957630	43.160000
100	1.327521	2.972110	38.970001

check_k=32
1	1.000000	5.758780	55.000000
2	1.013662	5.633870	49.500000
5	1.016102	5.679290	47.200001
10	1.017831	5.644790	41.299999
20	1.020284	5.705420	39.099998
50	1.406324	5.683580	43.639999
100	1.312935	5.624770	41.169998

check_k=64
1	1.000000	10.453840	64.000000
2	1.003726	10.423340	59.500000
5	1.007357	10.435551	58.400002
10	1.009312	10.438970	54.700001
20	1.012906	10.423501	53.299999
50	1.395707	10.521219	44.180000
100	1.311397	10.478840	43.240002

check_k=128
1	1.000000	18.448929	80.000000
2	1.000000	18.424829	78.500000
5	1.003487	18.459831	74.800003
10	1.005424	18.390631	71.199997
20	1.006568	18.456850	69.500000
50	1.403352	18.527491	44.439999
100	1.308136	18.562969	45.250000

check_k=256
1	1.000000	30.281092	92.000000
2	1.000000	30.214350	91.500000
5	1.000000	30.015320	89.800003
10	1.000770	30.146311	88.000000
20	1.001727	32.955250	86.750000
50	1.392040	32.436241	44.660000
100	1.306919	32.537720	46.779999

check_k=512
1	1.000000	49.228268	98.000000
2	1.000000	49.381699	97.500000
5	1.000000	49.922436	97.599998
10	1.000000	49.391491	97.900002
20	1.000000	49.401669	97.449997
50	1.394317	49.436909	44.880001
100	1.306919	49.527451	47.689999

lcsb  r=0.660000, L=256
Indexing Time: 9.727837 Seconds

Estimated Memory Usage: 297324544 Bytes

check_k=1
1	1.047179	0.759310	19.000000
2	1.057472	0.758790	16.000000
5	1.063324	0.749420	13.000000
10	1.067044	0.752300	11.500000
20	1.073410	0.750900	10.150000
50	1.460921	0.755280	39.419998
100	1.387271	0.752370	33.119999

check_k=2
1	1.029634	1.222060	29.000000
2	1.045313	1.223370	22.000000
5	1.047319	1.219500	17.600000
10	1.050613	1.256160	15.500000
20	1.055689	1.209230	14.150000
50	1.445171	1.213550	41.099998
100	1.354517	1.218040	35.779999

check_k=4
1	1.017645	2.077730	37.000000
2	1.031838	2.071020	30.000000
5	1.036962	2.092440	24.799999
10	1.036683	2.093970	22.500000
20	1.040841	2.090360	20.600000
50	1.425444	2.098770	42.080002
100	1.328879	2.114410	37.419998

check_k=8
1	1.000000	3.861110	51.000000
2	1.021298	3.704030	42.500000
5	1.025023	3.701990	35.599998
10	1.025787	3.788670	31.799999
20	1.028985	3.788130	29.100000
50	1.418729	3.717420	43.160000
100	1.323818	3.795940	39.630001

check_k=16
1	1.000000	6.809950	61.000000
2	1.010441	6.919650	52.500000
5	1.016560	6.930610	47.000000
10	1.017108	6.985870	43.500000
20	1.019582	7.025000	40.950001
50	1.397118	7.028390	43.720001
100	1.316459	6.846050	42.160000

check_k=32
1	1.000000	12.439170	74.000000
2	1.002236	12.582720	66.500000
5	1.008404	12.635700	61.599998
10	1.008485	12.571641	57.900002
20	1.010986	12.535989	54.950001
50	1.391094	12.510220	44.279999
100	1.313524	12.749720	43.980000

check_k=64
1	1.000000	22.328890	80.000000
2	1.000000	21.887268	77.000000
5	1.002702	22.185200	77.000000
10	1.004252	22.259741	74.000000
20	1.005405	20.957291	72.599998
50	1.400123	19.617781	44.459999
100	1.307314	19.063650	45.709999

check_k=128
1	1.000000	31.574932	91.000000
2	1.000000	31.599140	90.500000
5	1.000000	32.147861	91.000000
10	1.000990	33.123669	88.900002
20	1.001842	32.968529	87.400002
50	1.389219	33.024742	44.759998
100	1.306919	33.280689	46.889999

check_k=256
1	1.000000	48.305687	98.000000
2	1.000000	48.268234	99.000000
5	1.000000	48.382969	99.000000
10	1.000000	48.670353	98.199997
20	1.000000	48.404057	97.699997
50	1.394774	48.296318	44.919998
100	1.306919	48.383530	47.630001

check_k=512
1	1.000000	62.213402	100.000000
2	1.000000	62.323883	100.000000
5	1.000000	62.212868	100.000000
10	1.000000	62.287022	100.000000
20	1.000000	61.308762	99.900002
50	1.395577	61.144527	44.919998
100	1.306919	62.282227	47.810001

lcsb  r=0.660000, L=512
Indexing Time: 19.554352 Seconds

Estimated Memory Usage: 590602240 Bytes

check_k=1
1	1.037407	1.478850	29.000000
2	1.043269	1.485060	24.500000
5	1.050875	1.481170	19.600000
10	1.050944	1.526260	16.299999
20	1.055057	1.473720	13.950000
50	1.435187	1.476680	40.900002
100	1.355567	1.475140	35.340000

check_k=2
1	1.014902	2.295290	40.000000
2	1.028041	2.309200	32.500000
5	1.037447	2.354060	28.000000
10	1.036842	2.294380	25.000000
20	1.039030	2.296070	22.200001
50	1.428123	2.318880	42.299999
100	1.326589	2.295870	37.490002

check_k=4
1	1.000000	3.839610	52.000000
2	1.017554	3.727780	45.000000
5	1.022077	3.947690	38.599998
10	1.024665	3.973260	35.299999
20	1.027355	3.948590	32.099998
50	1.415374	3.948450	43.160000
100	1.323062	4.012390	39.939999

check_k=8
1	1.000000	7.036839	67.000000
2	1.007645	6.637661	59.500000
5	1.012622	6.920780	50.599998
10	1.014085	7.056620	48.500000
20	1.017304	7.100330	45.700001
50	1.395456	7.121520	43.779999
100	1.312935	6.714160	42.340000

check_k=16
1	1.000000	12.047940	74.000000
2	1.001087	12.364189	69.000000
5	1.006707	11.910230	63.599998
10	1.008073	12.251820	62.099998
20	1.009425	12.268991	60.200001
50	1.391094	11.898440	44.340000
100	1.309825	12.380529	44.450001

check_k=32
1	1.000000	20.938353	87.000000
2	1.000000	21.268789	81.000000
5	1.001995	21.137800	79.400002
10	1.002743	21.586390	77.800003
20	1.004003	21.004728	76.250000
50	1.401983	21.145201	44.560001
100	1.307179	21.406929	45.970001

check_k=64
1	1.000000	34.547020	93.000000
2	1.000000	34.705799	90.000000
5	1.000000	34.821438	91.400002
10	1.000193	34.598190	90.500000
20	1.001204	33.711708	88.949997
50	1.392380	32.783031	44.720001
100	1.306919	32.607899	46.959999

check_k=128
1	1.000000	48.491512	99.000000
2	1.000000	48.422852	98.500000
5	1.000000	48.487961	98.000000
10	1.000000	48.700871	97.599998
20	1.000000	48.589523	97.150002
50	1.393404	48.644100	44.860001
100	1.306919	49.023510	47.549999

check_k=256
1	1.000000	61.780098	100.000000
2	1.000000	61.706646	100.000000
5	1.000000	62.174561	100.000000
10	1.000000	61.992062	99.900002
20	1.000000	63.284248	99.800003
50	1.395577	63.550728	44.919998
100	1.306919	63.385181	47.810001

check_k=512
1	1.000000	72.107903	100.000000
2	1.000000	72.258606	100.000000
5	1.000000	72.528137	100.000000
10	1.000000	72.680885	100.000000
20	1.000000	72.846230	100.000000
50	1.395577	72.418091	44.919998
100	1.306919	70.205933	47.810001

