lcsb  r=0.660000, L=8
Indexing Time: 0.283464 Seconds

Estimated Memory Usage: 13275136 Bytes

check_k=1
1	1.189678	0.027610	4.000000
2	1.194728	0.017970	3.000000
5	1.218255	0.012690	1.800000
10	1.322540	0.011550	1.100000
20	31622.777344	0.011120	0.750000
50	31622.777344	0.012730	7.780000
100	31622.777344	0.012820	3.690000

check_k=2
1	1.150786	0.027470	4.000000
2	1.155114	0.025390	3.000000
5	1.165519	0.025370	2.200000
10	1.205940	0.023810	1.600000
20	1.317541	0.023820	1.250000
50	31622.777344	0.023990	15.060000
100	31622.777344	0.023410	7.410000

check_k=4
1	1.135174	0.061820	5.000000
2	1.123902	0.060190	4.000000
5	1.126485	0.059710	2.800000
10	1.151301	0.059230	2.200000
20	1.187453	0.058960	1.750000
50	1.551800	0.060390	27.160000
100	31622.777344	0.061580	14.910000

check_k=8
1	1.112922	0.125300	6.000000
2	1.110670	0.121590	5.500000
5	1.109019	0.119640	3.600000
10	1.125027	0.120560	2.800000
20	1.132347	0.120760	2.350000
50	1.424858	0.126210	31.840000
100	1.533151	0.129090	25.770000

check_k=16
1	1.083312	0.239440	11.000000
2	1.092780	0.244350	9.500000
5	1.086817	0.237150	6.600000
10	1.093442	0.233210	5.200000
20	1.105038	0.234670	4.100000
50	1.414585	0.242830	35.180000
100	1.401374	0.249670	29.290001

check_k=32
1	1.073498	0.466270	12.000000
2	1.068723	0.469360	12.500000
5	1.070825	0.460880	10.200000
10	1.072147	0.477210	7.800000
20	1.081446	0.506790	6.300000
50	1.447408	0.485280	37.959999
100	1.384510	0.490730	32.250000

check_k=64
1	1.052301	1.068200	13.000000
2	1.060910	0.902640	14.000000
5	1.062218	0.892300	12.800000
10	1.062210	0.836070	9.900000
20	1.063461	0.854480	8.750000
50	1.446758	0.821690	39.520000
100	1.377655	0.822220	34.169998

check_k=128
1	1.044978	1.650060	17.000000
2	1.045445	1.650580	18.000000
5	1.051042	1.645570	16.400000
10	1.050078	1.652710	13.600000
20	1.049317	1.636960	12.250000
50	1.440859	1.649530	40.660000
100	1.347903	1.689350	35.520000

check_k=256
1	1.025682	3.278740	28.000000
2	1.029192	3.200790	26.000000
5	1.036217	3.113130	24.000000
10	1.036915	3.201160	20.900000
20	1.036809	3.246420	18.600000
50	1.420674	3.181820	41.680000
100	1.323844	3.242280	37.180000

check_k=512
1	1.012147	6.097470	45.000000
2	1.019577	6.175960	41.500000
5	1.022517	6.621950	38.599998
10	1.026673	6.124610	33.299999
20	1.025972	6.013200	29.500000
50	1.405192	6.095360	42.720001
100	1.321947	6.229070	39.630001

lcsb  r=0.660000, L=16
Indexing Time: 0.482067 Seconds

Estimated Memory Usage: 22507520 Bytes

check_k=1
1	1.148345	0.056070	6.000000
2	1.140863	0.047670	5.000000
5	1.159449	0.037710	2.600000
10	1.192421	0.036990	2.200000
20	1.285832	0.036220	1.400000
50	31622.777344	0.035910	15.460000
100	31622.777344	0.035590	7.550000

check_k=2
1	1.124683	0.069150	7.000000
2	1.119248	0.070750	5.500000
5	1.126882	0.071390	3.600000
10	1.138097	0.073580	3.100000
20	1.169925	0.072180	2.150000
50	1.567783	0.071640	27.660000
100	31622.777344	0.071660	15.050000

check_k=4
1	1.097317	0.134660	9.000000
2	1.096182	0.140500	7.000000
5	1.098183	0.143730	4.800000
10	1.110167	0.148930	4.600000
20	1.124718	0.150450	3.350000
50	1.427855	0.145980	32.580002
100	1.540780	0.144740	26.230000

check_k=8
1	1.089293	0.266050	10.000000
2	1.084708	0.271610	9.000000
5	1.081922	0.282340	6.200000
10	1.089915	0.277760	5.700000
20	1.100389	0.270800	4.650000
50	1.432690	0.285130	35.840000
100	1.427642	0.287350	29.450001

check_k=16
1	1.069237	0.527910	13.000000
2	1.068374	0.520230	12.500000
5	1.067549	0.544670	9.400000
10	1.070700	0.516680	8.400000
20	1.077501	0.537470	6.850000
50	1.453472	0.519320	38.419998
100	1.384193	0.523280	32.320000

check_k=32
1	1.052703	1.028330	15.000000
2	1.049813	1.033190	15.500000
5	1.055692	1.126910	14.200000
10	1.055475	1.091030	12.300000
20	1.060576	1.027540	10.050000
50	1.448109	1.020260	40.040001
100	1.359188	1.011760	34.580002

check_k=64
1	1.049090	2.015530	18.000000
2	1.039930	2.017200	19.000000
5	1.041781	2.158640	19.000000
10	1.044870	2.134090	15.600000
20	1.047356	2.056910	14.100000
50	1.434799	2.078380	41.240002
100	1.340004	2.058600	35.970001

check_k=128
1	1.031685	4.040070	24.000000
2	1.028118	3.359150	26.500000
5	1.033518	3.295620	26.000000
10	1.036832	3.323930	22.000000
20	1.037187	3.309590	19.850000
50	1.422448	3.356190	41.919998
100	1.326253	3.262710	37.220001

check_k=256
1	1.012042	6.261800	39.000000
2	1.017402	6.171600	37.500000
5	1.022542	6.185431	37.599998
10	1.023682	6.100290	33.799999
20	1.025555	6.058450	31.150000
50	1.404135	6.026540	43.040001
100	1.320241	6.023851	39.980000

check_k=512
1	1.000000	11.243320	62.000000
2	1.007462	11.283160	58.500000
5	1.011107	10.928361	54.400002
10	1.013257	10.715200	50.500000
20	1.014805	10.774151	47.950001
50	1.387424	10.639829	44.119999
100	1.308153	11.093280	42.580002

lcsb  r=0.660000, L=32
Indexing Time: 0.910239 Seconds

Estimated Memory Usage: 40837120 Bytes

check_k=1
1	1.132468	0.091500	5.000000
2	1.126402	0.081930	5.500000
5	1.128062	0.078700	3.600000
10	1.146755	0.077510	3.200000
20	1.180435	0.076570	2.300000
50	1.537792	0.074650	27.180000
100	31622.777344	0.073410	14.480000

check_k=2
1	1.102532	0.127870	8.000000
2	1.107228	0.127400	7.500000
5	1.099683	0.125340	5.200000
10	1.112861	0.124360	4.600000
20	1.123089	0.123790	3.250000
50	1.413434	0.128100	32.459999
100	1.540759	0.127210	25.980000

check_k=4
1	1.087589	0.234590	12.000000
2	1.081948	0.227620	10.500000
5	1.082994	0.228130	7.600000
10	1.087204	0.229580	6.500000
20	1.095487	0.226050	5.150000
50	1.435338	0.230060	36.020000
100	1.423996	0.229830	29.590000

check_k=8
1	1.061288	0.441270	18.000000
2	1.069076	0.423090	16.500000
5	1.069954	0.431880	11.400000
10	1.072200	0.429320	9.400000
20	1.076803	0.438290	7.700000
50	1.454545	0.422750	38.419998
100	1.387168	0.427050	32.360001

check_k=16
1	1.051089	0.802730	23.000000
2	1.057937	0.819850	19.000000
5	1.055103	0.794910	15.000000
10	1.055318	0.802180	12.700000
20	1.058174	0.809420	10.800000
50	1.449269	0.807190	40.259998
100	1.379520	0.812330	34.430000

check_k=32
1	1.029811	1.573430	30.000000
2	1.042577	1.538210	24.500000
5	1.042297	1.536980	21.000000
10	1.044695	1.596690	17.299999
20	1.046016	1.548960	15.250000
50	1.437165	1.578250	41.380001
100	1.336805	1.560640	36.029999

check_k=64
1	1.016817	3.021810	37.000000
2	1.024744	3.025520	32.500000
5	1.032673	3.015620	28.400000
10	1.034433	3.029190	23.900000
20	1.034484	3.060250	21.600000
50	1.427333	3.031880	42.180000
100	1.327752	3.073520	37.770000

check_k=128
1	1.001257	5.787830	48.000000
2	1.016424	5.821939	46.000000
5	1.023305	5.805710	40.200001
10	1.022932	5.850820	34.200001
20	1.024678	5.800220	31.750000
50	1.410680	5.841500	43.080002
100	1.324003	5.839480	39.959999

check_k=256
1	1.000000	10.951051	66.000000
2	1.003533	10.905789	61.500000
5	1.010258	10.893760	56.599998
10	1.012240	10.940830	51.799999
20	1.014581	10.916500	49.200001
50	1.387500	11.034890	43.880001
100	1.310345	11.074040	42.660000

check_k=512
1	1.000000	19.797609	86.000000
2	1.000000	21.573181	82.000000
5	1.002826	25.648100	76.000000
10	1.005356	19.536270	71.500000
20	1.007120	19.633991	68.449997
50	1.392586	19.376791	44.500000
100	1.308136	19.487940	45.000000

lcsb  r=0.660000, L=64
Indexing Time: 1.889954 Seconds

Estimated Memory Usage: 77496320 Bytes

check_k=1
1	1.104015	0.182140	6.000000
2	1.102659	0.169980	7.000000
5	1.100492	0.151990	4.800000
10	1.110614	0.152240	4.500000
20	1.121399	0.152070	4.000000
50	1.415947	0.155020	32.060001
100	1.522025	0.154460	26.430000

check_k=2
1	1.084455	0.257840	9.000000
2	1.084486	0.255930	9.000000
5	1.080965	0.256630	6.800000
10	1.085406	0.256450	6.400000
20	1.094398	0.259330	5.600000
50	1.452026	0.260490	35.619999
100	1.408750	0.261470	30.100000

check_k=4
1	1.063520	0.458390	16.000000
2	1.066212	0.776830	14.000000
5	1.067052	1.120770	10.000000
10	1.065067	1.041600	8.600000
20	1.074745	1.493450	8.000000
50	1.450426	1.370060	38.639999
100	1.369410	0.754810	33.060001

check_k=8
1	1.045298	1.784640	22.000000
2	1.051735	1.472150	19.500000
5	1.056208	1.213750	15.000000
10	1.054122	1.204590	12.900000
20	1.057013	1.201330	11.700000
50	1.447556	1.194760	40.700001
100	1.366731	2.465960	35.169998

check_k=16
1	1.027256	2.661440	29.000000
2	1.037064	1.793320	24.000000
5	1.043666	1.879930	20.799999
10	1.042503	1.785050	18.000000
20	1.043171	1.677250	17.049999
50	1.436872	1.669170	41.799999
100	1.331237	1.627660	36.799999

check_k=32
1	1.014231	3.315580	39.000000
2	1.029738	3.012080	31.000000
5	1.030130	3.003210	29.799999
10	1.031055	3.053640	25.600000
20	1.033894	3.037430	23.950001
50	1.425515	3.011140	42.419998
100	1.327688	3.026840	38.759998

check_k=64
1	1.000181	5.792610	50.000000
2	1.016738	5.709610	41.500000
5	1.020395	5.898330	40.799999
10	1.021349	5.754820	36.099998
20	1.022204	5.738840	34.700001
50	1.409743	5.757700	43.599998
100	1.316315	5.721651	40.799999

check_k=128
1	1.000000	10.637540	64.000000
2	1.007861	10.614049	58.000000
5	1.009701	10.602330	55.599998
10	1.011170	10.712710	51.500000
20	1.013827	10.636899	50.349998
50	1.391100	10.611410	44.180000
100	1.311541	10.615530	42.860001

check_k=256
1	1.000000	18.840141	84.000000
2	1.000000	19.022829	77.500000
5	1.004036	18.895039	73.400002
10	1.004556	18.863880	71.500000
20	1.006149	18.901770	69.099998
50	1.397917	18.950451	44.459999
100	1.307179	18.854801	45.259998

check_k=512
1	1.000000	31.064810	96.000000
2	1.000000	31.209112	91.500000
5	1.000000	31.138931	89.199997
10	1.000361	31.113359	88.000000
20	1.001733	31.081020	87.050003
50	1.389781	31.275671	44.759998
100	1.306919	31.162430	46.919998

lcsb  r=0.660000, L=128
Indexing Time: 4.653770 Seconds

Estimated Memory Usage: 150818816 Bytes

check_k=1
1	1.071340	0.395680	14.000000
2	1.079317	0.357690	13.500000
5	1.078282	0.354410	9.400000
10	1.084253	0.356180	7.900000
20	1.093441	0.351530	6.450000
50	1.453850	0.427080	38.279999
100	1.412891	0.344700	33.910000

check_k=2
1	1.056089	0.542440	20.000000
2	1.063383	0.557150	17.500000
5	1.064244	0.547500	12.800000
10	1.065957	0.542410	11.100000
20	1.072900	0.541560	9.250000
50	1.450426	0.564430	40.759998
100	1.385897	0.546960	37.020000

check_k=4
1	1.041679	0.941950	24.000000
2	1.045876	0.943770	21.500000
5	1.050135	0.926080	16.000000
10	1.051923	0.941780	14.100000
20	1.056589	0.931950	12.850000
50	1.440930	0.955690	42.959999
100	1.359481	0.927930	39.450001

check_k=8
1	1.022479	1.722810	32.000000
2	1.034572	1.675540	29.500000
5	1.036816	1.769540	23.799999
10	1.039785	1.740420	20.200001
20	1.042790	1.681470	18.549999
50	1.435910	1.707250	44.060001
100	1.332963	1.697320	40.750000

check_k=16
1	1.007243	3.221190	44.000000
2	1.021291	3.189630	38.500000
5	1.025366	3.209640	34.599998
10	1.027875	3.248350	30.700001
20	1.030446	3.235220	27.799999
50	1.422835	3.203010	45.160000
100	1.327521	3.338560	42.970001

check_k=32
1	1.000000	6.982820	55.000000
2	1.013662	7.000350	49.500000
5	1.016102	6.626550	47.200001
10	1.017831	10.022130	41.299999
20	1.020284	8.700230	39.099998
50	1.406324	9.668480	45.639999
100	1.312935	6.829850	45.169998

check_k=64
1	1.000000	13.277850	64.000000
2	1.003726	10.700630	59.500000
5	1.007357	10.882250	58.400002
10	1.009312	10.590240	54.700001
20	1.012906	10.724971	53.299999
50	1.395707	10.637849	46.180000
100	1.311397	10.758131	47.240002

check_k=128
1	1.000000	18.952641	80.000000
2	1.000000	18.793301	78.500000
5	1.003487	18.868910	74.800003
10	1.005424	18.888830	71.199997
20	1.006568	18.782429	69.500000
50	1.403352	18.939709	46.439999
100	1.308136	18.842731	49.250000

check_k=256
1	1.000000	31.092930	92.000000
2	1.000000	31.043579	91.500000
5	1.000000	30.849852	89.800003
10	1.000770	30.897572	88.000000
20	1.001727	30.889622	86.750000
50	1.392040	31.076902	46.660000
100	1.306919	30.932777	50.779999

check_k=512
1	1.000000	46.048962	98.000000
2	1.000000	47.058750	97.500000
5	1.000000	47.305607	97.599998
10	1.000000	46.635952	97.900002
20	1.000000	46.611851	97.449997
50	1.394317	46.470131	46.880001
100	1.306919	46.306839	51.689999

lcsb  r=0.660000, L=256
Indexing Time: 9.569743 Seconds

Estimated Memory Usage: 297324544 Bytes

check_k=1
1	1.047179	2.924340	19.000000
2	1.057472	0.723030	16.000000
5	1.063324	0.698850	13.000000
10	1.067044	0.689470	11.500000
20	1.073410	0.687220	10.150000
50	1.460921	0.702530	39.419998
100	1.387271	0.702660	33.119999

check_k=2
1	1.029634	2.529760	29.000000
2	1.045313	1.132900	22.000000
5	1.047319	1.103110	17.600000
10	1.050613	1.091160	15.500000
20	1.055689	1.086700	14.150000
50	1.445171	1.084180	41.099998
100	1.354517	1.085770	35.779999

check_k=4
1	1.017645	2.675460	37.000000
2	1.031838	1.836180	30.000000
5	1.036962	1.819250	24.799999
10	1.036683	1.814970	22.500000
20	1.040841	1.809800	20.600000
50	1.425444	1.812100	42.080002
100	1.328879	1.818460	37.419998

check_k=8
1	1.000000	3.531540	51.000000
2	1.021298	3.248760	42.500000
5	1.025023	3.252430	35.599998
10	1.025787	3.248190	31.799999
20	1.028985	3.240490	29.100000
50	1.418729	3.237970	43.160000
100	1.323818	3.276780	39.630001

check_k=16
1	1.000000	5.957480	61.000000
2	1.010441	5.934110	52.500000
5	1.016560	5.921970	47.000000
10	1.017108	5.918620	43.500000
20	1.019582	6.101790	40.950001
50	1.397118	5.995540	43.720001
100	1.316459	6.035379	42.160000

check_k=32
1	1.000000	10.955570	74.000000
2	1.002236	11.023490	66.500000
5	1.008404	11.970590	61.599998
10	1.008485	11.999760	57.900002
20	1.010986	12.144170	54.950001
50	1.391094	12.135231	44.279999
100	1.313524	12.154560	43.980000

check_k=64
1	1.000000	21.192560	80.000000
2	1.000000	21.168900	77.000000
5	1.002702	22.034767	77.000000
10	1.004252	23.788729	74.000000
20	1.005405	24.600029	72.599998
50	1.400123	24.119728	44.459999
100	1.307314	24.673008	45.709999

check_k=128
1	1.000000	41.066860	91.000000
2	1.000000	37.772552	90.500000
5	1.000000	35.868931	91.000000
10	1.000990	34.617653	88.900002
20	1.001842	34.741711	87.400002
50	1.389219	34.098400	44.759998
100	1.306919	33.762669	46.889999

check_k=256
1	1.000000	49.652298	98.000000
2	1.000000	51.534611	99.000000
5	1.000000	51.463680	99.000000
10	1.000000	51.341152	98.199997
20	1.000000	49.631432	97.699997
50	1.394774	50.947243	44.919998
100	1.306919	51.701786	47.630001

check_k=512
1	1.000000	74.340408	100.000000
2	1.000000	74.284409	100.000000
5	1.000000	66.358398	100.000000
10	1.000000	64.926750	100.000000
20	1.000000	66.462555	99.900002
50	1.395577	71.285400	44.919998
100	1.306919	71.118645	47.810001

lcsb  r=0.660000, L=512
Indexing Time: 19.775194 Seconds

Estimated Memory Usage: 590602240 Bytes

check_k=1
1	1.037407	3.362060	29.000000
2	1.043269	1.742540	24.500000
5	1.050875	1.724280	19.600000
10	1.050944	1.583590	16.299999
20	1.055057	1.678940	13.950000
50	1.435187	1.590010	40.900002
100	1.355567	1.785500	35.340000

check_k=2
1	1.014902	2.563340	40.000000
2	1.028041	2.237970	32.500000
5	1.037447	2.382880	28.000000
10	1.036842	2.367250	25.000000
20	1.039030	2.386280	22.200001
50	1.428123	2.438420	42.299999
100	1.326589	2.459700	37.490002

check_k=4
1	1.000000	4.198210	52.000000
2	1.017554	4.235450	45.000000
5	1.022077	4.255949	38.599998
10	1.024665	4.139380	35.299999
20	1.027355	4.656870	32.099998
50	1.415374	4.510240	43.160000
100	1.323062	4.619950	39.939999

check_k=8
1	1.000000	8.424780	67.000000
2	1.007645	8.170530	59.500000
5	1.012622	8.188419	50.599998
10	1.014085	8.046100	48.500000
20	1.017304	8.237420	45.700001
50	1.395456	8.046420	43.779999
100	1.312935	8.109261	42.340000

check_k=16
1	1.000000	14.418780	74.000000
2	1.001087	14.645470	69.000000
5	1.006707	14.823931	63.599998
10	1.008073	14.616749	62.099998
20	1.009425	14.637300	60.200001
50	1.391094	14.705410	44.340000
100	1.309825	14.656630	44.450001

check_k=32
1	1.000000	24.102900	87.000000
2	1.000000	23.813091	81.000000
5	1.001995	23.882700	79.400002
10	1.002743	22.833979	77.800003
20	1.004003	22.010220	76.250000
50	1.401983	22.021469	44.560001
100	1.307179	21.570549	45.970001

check_k=64
1	1.000000	34.287888	93.000000
2	1.000000	32.402592	90.000000
5	1.000000	32.093670	91.400002
10	1.000193	34.440731	90.500000
20	1.001204	34.495560	88.949997
50	1.392380	34.481468	44.720001
100	1.306919	34.897892	46.959999

check_k=128
1	1.000000	50.876652	99.000000
2	1.000000	50.754398	98.500000
5	1.000000	51.093834	98.000000
10	1.000000	51.541927	97.599998
20	1.000000	50.848179	97.150002
50	1.393404	50.681591	44.860001
100	1.306919	51.780602	47.549999

check_k=256
1	1.000000	65.612160	100.000000
2	1.000000	65.611992	100.000000
5	1.000000	65.217155	100.000000
10	1.000000	64.056213	99.900002
20	1.000000	64.686653	99.800003
50	1.395577	73.644188	44.919998
100	1.306919	75.368294	47.810001

check_k=512
1	1.000000	79.016861	100.000000
2	1.000000	72.273445	100.000000
5	1.000000	73.907608	100.000000
10	1.000000	79.136292	100.000000
20	1.000000	79.252586	100.000000
50	1.395577	73.853439	44.919998
100	1.306919	71.390182	47.810001

