lcsb  r=0.660000, L=8
Indexing Time: 5.388045 Seconds

Estimated Memory Usage: 140087296 Bytes

check_k=1
1	1.121114	0.019080	2.000000
2	1.140696	0.008280	2.000000
5	1.186027	0.007490	0.800000
10	1.273677	0.007410	0.400000
20	31622.777344	0.007370	0.200000
50	31622.777344	0.007980	0.120000
100	31622.777344	0.007230	0.080000

check_k=2
1	1.103436	0.017750	4.000000
2	1.121727	0.014960	3.000000
5	1.148074	0.015420	1.200000
10	1.180777	0.012720	0.700000
20	1.267872	0.013000	0.350000
50	31622.777344	0.012870	0.260000
100	31622.777344	0.012800	0.170000

check_k=4
1	1.092922	0.034860	4.000000
2	1.098065	0.034050	3.000000
5	1.121791	0.029310	1.600000
10	1.140525	0.030280	1.100000
20	1.175989	0.033860	0.550000
50	1.353263	0.032020	0.360000
100	31622.777344	0.032090	0.250000

check_k=8
1	1.078339	0.073270	6.000000
2	1.087022	0.076570	4.000000
5	1.099887	0.075750	2.000000
10	1.116123	0.077940	1.300000
20	1.137041	0.077480	0.750000
50	1.188687	0.080900	0.560000
100	1.366324	0.080850	0.430000

check_k=16
1	1.070089	0.164470	6.000000
2	1.074185	0.166430	4.500000
5	1.086841	0.170690	2.400000
10	1.096927	0.163340	1.700000
20	1.111549	0.166150	1.100000
50	1.142109	0.169400	0.800000
100	1.181920	0.177400	0.650000

check_k=32
1	1.064991	0.341340	6.000000
2	1.067290	0.328810	4.500000
5	1.070310	0.316730	2.800000
10	1.081706	0.316250	2.000000
20	1.089195	0.319600	1.500000
50	1.108912	0.324850	1.120000
100	1.134529	0.333100	1.030000

check_k=64
1	1.048348	0.651300	6.000000
2	1.057942	0.647930	5.500000
5	1.062607	0.653600	3.400000
10	1.066394	0.649210	2.800000
20	1.075840	0.644030	2.000000
50	1.088620	0.654410	1.740000
100	1.103927	0.660650	1.540000

check_k=128
1	1.044591	1.318270	6.000000
2	1.048730	1.306090	6.000000
5	1.055467	1.333880	4.400000
10	1.056476	1.310690	3.500000
20	1.061159	1.291910	2.900000
50	1.070716	1.305040	2.680000
100	1.083332	1.299290	2.450000

check_k=256
1	1.039952	2.631390	8.000000
2	1.040808	2.648770	7.000000
5	1.044656	2.617970	6.000000
10	1.048066	2.641240	5.200000
20	1.051738	2.585820	4.450000
50	1.059182	2.638250	4.040000
100	1.067132	2.714590	3.720000

check_k=512
1	1.026940	5.335940	12.000000
2	1.031874	5.288900	11.000000
5	1.035776	5.275900	9.200000
10	1.040899	5.330040	7.600000
20	1.041522	5.274830	7.250000
50	1.048074	5.286300	6.400000
100	1.053405	5.279950	5.810000

lcsb  r=0.660000, L=16
Indexing Time: 10.566777 Seconds

Estimated Memory Usage: 236171264 Bytes

check_k=1
1	1.102328	0.034380	3.000000
2	1.118027	0.030360	3.000000
5	1.151157	0.028030	1.400000
10	1.192506	0.018050	0.900000
20	1.286385	0.014880	0.500000
50	31622.777344	0.014250	0.240000
100	31622.777344	0.015870	0.160000

check_k=2
1	1.091288	0.036750	4.000000
2	1.100998	0.035540	3.500000
5	1.118473	0.033000	1.600000
10	1.138359	0.033750	1.000000
20	1.181265	0.034080	0.550000
50	1.428610	0.033930	0.300000
100	31622.777344	0.033520	0.200000

check_k=4
1	1.079094	0.081330	5.000000
2	1.087258	0.083730	4.000000
5	1.100435	0.080330	2.400000
10	1.117225	0.078890	1.600000
20	1.138253	0.080480	0.950000
50	1.198814	0.081510	0.500000
100	1.416023	0.080720	0.340000

check_k=8
1	1.067999	0.158550	5.000000
2	1.069616	0.159350	4.000000
5	1.084216	0.160590	2.600000
10	1.100598	0.161160	2.100000
20	1.113692	0.163600	1.350000
50	1.141299	0.163710	0.840000
100	1.188688	0.165370	0.680000

check_k=16
1	1.060296	0.322790	5.000000
2	1.062925	0.321460	4.000000
5	1.071025	0.323200	2.800000
10	1.078967	0.328620	2.300000
20	1.092740	0.320390	1.500000
50	1.110805	0.325440	1.020000
100	1.136141	0.334640	0.930000

check_k=32
1	1.046676	0.652880	5.000000
2	1.055312	0.791900	4.000000
5	1.058722	0.647370	3.200000
10	1.067519	0.654840	2.700000
20	1.075478	0.653200	1.950000
50	1.090750	0.651080	1.660000
100	1.105932	0.656240	1.510000

check_k=64
1	1.039943	1.319920	7.000000
2	1.045435	1.307320	5.500000
5	1.049641	1.314610	4.800000
10	1.055765	1.299260	4.000000
20	1.061762	1.302460	3.150000
50	1.072341	1.296980	2.640000
100	1.082921	1.307500	2.460000

check_k=128
1	1.036160	2.649820	8.000000
2	1.038341	2.599990	7.500000
5	1.041215	2.624470	7.600000
10	1.044562	2.602490	6.500000
20	1.049447	2.766280	5.050000
50	1.057912	2.591940	4.500000
100	1.065601	2.612460	4.110000

check_k=256
1	1.027823	5.246500	11.000000
2	1.031096	5.293320	10.000000
5	1.033295	5.254429	11.400000
10	1.037689	5.349250	9.400000
20	1.041546	5.217620	8.450000
50	1.046661	5.249020	7.180000
100	1.051261	5.325630	6.840000

check_k=512
1	1.021514	10.669600	14.000000
2	1.020399	10.934679	14.500000
5	1.025605	10.509280	15.200000
10	1.029230	10.589630	14.100000
20	1.031885	10.435639	12.450000
50	1.035760	10.568160	10.760000
100	1.040618	10.434480	10.490000

lcsb  r=0.660000, L=32
Indexing Time: 22.744055 Seconds

Estimated Memory Usage: 428195840 Bytes

check_k=1
1	1.091604	0.065830	2.000000
2	1.101943	0.060980	2.500000
5	1.116887	0.058260	1.600000
10	1.139037	0.051880	1.000000
20	1.179475	0.047670	0.600000
50	1.394694	0.044850	0.340000
100	31622.777344	0.043130	0.230000

check_k=2
1	1.077022	0.085850	3.000000
2	1.083519	0.088010	3.000000
5	1.099225	0.086750	1.800000
10	1.112498	0.087970	1.100000
20	1.140538	0.087850	0.800000
50	1.194650	0.090140	0.500000
100	1.407979	0.090780	0.350000

check_k=4
1	1.067792	0.172160	3.000000
2	1.073121	0.171460	3.500000
5	1.080916	0.163790	3.000000
10	1.093673	0.164770	1.700000
20	1.111822	0.167810	1.150000
50	1.136741	0.166940	0.780000
100	1.186255	0.167480	0.600000

check_k=8
1	1.057272	0.333450	3.000000
2	1.064974	0.333110	3.500000
5	1.068560	0.333410	3.800000
10	1.077832	0.329580	2.100000
20	1.088790	0.327150	1.550000
50	1.111654	0.337540	1.160000
100	1.133377	0.344570	0.980000

check_k=16
1	1.051491	0.654270	3.000000
2	1.053936	0.678060	4.000000
5	1.058132	0.665370	4.200000
10	1.064978	0.660240	2.600000
20	1.070327	0.651530	2.000000
50	1.087647	0.652840	1.680000
100	1.101458	0.658120	1.610000

check_k=32
1	1.040607	1.311310	4.000000
2	1.047009	1.433540	4.500000
5	1.046459	1.295150	5.600000
10	1.053466	1.311140	4.100000
20	1.060382	1.321610	3.400000
50	1.070553	1.304260	2.820000
100	1.080078	1.332530	2.730000

check_k=64
1	1.035068	2.597610	7.000000
2	1.035803	2.545540	6.500000
5	1.040429	2.534100	7.600000
10	1.042587	2.542340	6.200000
20	1.047752	2.600030	5.750000
50	1.056541	2.567170	4.720000
100	1.064621	2.633860	4.640000

check_k=128
1	1.025338	5.118590	14.000000
2	1.028360	5.115670	13.500000
5	1.031038	5.122900	13.000000
10	1.034238	5.182250	11.200000
20	1.038979	5.569430	9.450000
50	1.046185	5.428360	7.880000
100	1.051177	5.430880	7.510000

check_k=256
1	1.018628	10.863420	20.000000
2	1.020780	10.814500	19.000000
5	1.023830	12.107130	18.200001
10	1.027063	10.900951	16.799999
20	1.029684	10.773170	14.750000
50	1.035145	11.746851	12.540000
100	1.038936	11.233420	12.030000

check_k=512
1	1.015718	21.958839	26.000000
2	1.015553	22.732771	24.500000
5	1.017687	22.555731	25.000000
10	1.019938	21.598640	23.700001
20	1.022426	22.647511	21.549999
50	1.026511	21.253639	19.379999
100	1.029619	22.586679	18.260000

lcsb  r=0.660000, L=64
Indexing Time: 47.891087 Seconds

Estimated Memory Usage: 812384256 Bytes

check_k=1
1	1.072523	0.135640	5.000000
2	1.083089	0.120640	4.000000
5	1.096037	0.116220	2.000000
10	1.117354	0.111300	1.300000
20	1.141811	0.114910	0.850000
50	1.193220	0.111680	0.540000
100	1.407586	0.109350	0.550000

check_k=2
1	1.061310	0.186480	5.000000
2	1.071196	0.186330	4.000000
5	1.079133	0.181460	2.600000
10	1.093505	0.181750	1.700000
20	1.112009	0.185780	1.150000
50	1.145309	0.189880	0.800000
100	1.186294	0.194570	0.780000

check_k=4
1	1.054379	0.352170	6.000000
2	1.058574	0.341810	4.500000
5	1.066781	0.333810	3.200000
10	1.076057	0.347690	2.100000
20	1.086184	0.335720	1.500000
50	1.110167	0.342100	1.280000
100	1.136118	0.344830	1.250000

check_k=8
1	1.042292	0.659350	8.000000
2	1.049431	0.653110	5.500000
5	1.055731	0.647720	5.200000
10	1.060619	0.646830	3.700000
20	1.069550	0.642670	2.850000
50	1.085184	0.653110	2.120000
100	1.103608	0.658310	1.930000

check_k=16
1	1.036045	1.405250	9.000000
2	1.043352	1.284960	6.500000
5	1.047221	1.281140	7.000000
10	1.051022	1.278070	5.400000
20	1.055563	1.272060	4.650000
50	1.067274	1.267160	3.420000
100	1.079176	1.273130	3.090000

check_k=32
1	1.028051	2.546370	13.000000
2	1.034804	2.512290	10.000000
5	1.038403	2.627850	10.000000
10	1.042566	2.481740	8.500000
20	1.045690	2.502430	7.300000
50	1.053473	2.516240	5.740000
100	1.060309	2.556950	5.050000

check_k=64
1	1.021062	5.044660	19.000000
2	1.026748	4.923210	16.500000
5	1.030394	5.054320	15.000000
10	1.034050	4.918840	12.800000
20	1.036744	4.913140	11.950000
50	1.041916	5.084150	9.460000
100	1.047806	4.956620	8.390000

check_k=128
1	1.013198	9.993191	24.000000
2	1.019839	9.936740	23.000000
5	1.022617	10.032260	21.000000
10	1.025843	9.822710	18.900000
20	1.028137	9.917680	17.049999
50	1.033405	9.995300	14.820000
100	1.036240	10.022491	13.300000

check_k=256
1	1.009519	19.989342	30.000000
2	1.011481	19.827858	34.000000
5	1.016204	19.966740	31.400000
10	1.018592	19.932280	28.100000
20	1.020866	19.903290	25.750000
50	1.024353	19.893261	22.660000
100	1.027641	19.892092	20.590000

check_k=512
1	1.005655	39.329929	37.000000
2	1.008492	39.710049	43.000000
5	1.010681	39.381889	41.000000
10	1.012631	39.317211	38.000000
20	1.014158	39.602631	35.450001
50	1.017195	39.383331	32.959999
100	1.018589	39.624969	31.120001

lcsb  r=0.660000, L=128
Indexing Time: 98.048714 Seconds

Estimated Memory Usage: 1580756992 Bytes

check_k=1
1	1.054487	0.550350	8.000000
2	1.063597	0.244600	6.000000
5	1.076715	0.230790	3.400000
10	1.089206	0.228160	2.100000
20	1.105003	0.225050	1.500000
50	1.138371	0.224210	1.060000
100	1.180987	0.227030	0.870000

check_k=2
1	1.046835	0.648850	9.000000
2	1.053214	0.409160	6.500000
5	1.063394	0.405030	4.200000
10	1.074102	0.395540	2.700000
20	1.085756	0.397770	2.150000
50	1.107024	0.407080	1.540000
100	1.130610	0.405860	1.330000

check_k=4
1	1.042949	1.199330	10.000000
2	1.044289	0.731540	7.000000
5	1.052083	0.737020	5.600000
10	1.060507	0.731350	4.500000
20	1.066643	0.736570	3.900000
50	1.082581	0.741020	2.900000
100	1.099252	0.749540	2.410000

check_k=8
1	1.034213	2.515490	16.000000
2	1.036652	1.522990	11.000000
5	1.041141	1.381570	7.800000
10	1.048221	1.384840	6.300000
20	1.052976	1.380090	5.750000
50	1.065157	1.386450	4.560000
100	1.076370	1.410650	3.890000

check_k=16
1	1.026613	4.241980	18.000000
2	1.029427	2.658040	13.000000
5	1.034804	2.659840	11.200000
10	1.036799	2.644070	9.200000
20	1.042561	2.670210	8.850000
50	1.050993	2.652310	7.240000
100	1.058216	2.678380	6.420000

check_k=32
1	1.022097	7.674530	19.000000
2	1.025456	5.942170	15.500000
5	1.026534	5.470610	16.200001
10	1.030962	5.162810	14.200000
20	1.033656	5.169510	13.000000
50	1.039890	5.151740	11.020000
100	1.046288	5.723490	9.950000

check_k=64
1	1.016835	12.752200	21.000000
2	1.017251	10.137590	20.500000
5	1.019679	10.670060	23.600000
10	1.022587	10.978251	21.900000
20	1.025607	10.259830	20.150000
50	1.029516	10.570591	17.100000
100	1.033886	11.407510	15.610000

check_k=128
1	1.011086	21.151239	29.000000
2	1.014567	21.842310	30.000000
5	1.015057	21.310661	31.400000
10	1.015797	20.320070	30.600000
20	1.018484	21.608879	28.350000
50	1.022103	21.255749	25.240000
100	1.024489	20.594959	23.610001

check_k=256
1	1.004397	41.428577	37.000000
2	1.008347	39.871639	44.000000
5	1.010061	40.140511	44.000000
10	1.011514	40.749962	42.900002
20	1.012199	40.369617	40.250000
50	1.015501	40.393322	37.080002
100	1.017006	40.630157	34.930000

check_k=512
1	1.000000	79.791710	56.000000
2	1.001609	79.207741	62.500000
5	1.004874	80.132713	60.000000
10	1.006190	80.467796	59.299999
20	1.007133	80.190926	56.400002
50	1.009965	80.174171	51.779999
100	1.010859	80.392220	49.369999

lcsb  r=0.660000, L=256
Indexing Time: 190.581863 Seconds

Estimated Memory Usage: 3117506560 Bytes

check_k=1
1	1.050440	0.548450	10.000000
2	1.055878	0.468600	9.000000
5	1.063657	0.472340	5.800000
10	1.071525	0.462780	3.600000
20	1.083329	0.460150	2.650000
50	1.106088	0.454540	1.720000
100	1.129766	0.440630	1.440000

check_k=2
1	1.039764	0.728540	13.000000
2	1.045251	0.728630	10.500000
5	1.048928	0.726350	7.600000
10	1.057401	0.730210	5.000000
20	1.066790	0.726090	3.900000
50	1.080886	0.723170	2.900000
100	1.097719	0.733760	2.610000

check_k=4
1	1.031973	1.309940	15.000000
2	1.035871	1.353270	13.000000
5	1.039762	1.498080	11.600000
10	1.045814	1.359000	8.900000
20	1.052587	1.367180	7.100000
50	1.063461	1.389480	5.300000
100	1.074367	1.372700	4.620000

check_k=8
1	1.026015	2.528170	17.000000
2	1.028581	2.529720	17.000000
5	1.030298	2.524840	13.600000
10	1.035091	2.669300	11.700000
20	1.041036	2.535770	9.750000
50	1.049293	2.533660	7.940000
100	1.057324	2.540000	7.130000

check_k=16
1	1.018115	4.852860	25.000000
2	1.022238	4.834190	22.500000
5	1.025388	4.927240	19.200001
10	1.027178	4.836260	17.100000
20	1.031659	4.849850	14.550000
50	1.038169	4.980020	12.640000
100	1.043659	4.851420	11.400000

check_k=32
1	1.013853	9.569730	30.000000
2	1.016534	9.426940	28.500000
5	1.018783	9.428921	27.200001
10	1.020796	9.512341	23.700001
20	1.024396	9.560400	21.500000
50	1.028354	9.589060	19.180000
100	1.032454	9.441791	17.650000

check_k=64
1	1.007000	18.576990	37.000000
2	1.009618	18.621201	38.500000
5	1.011564	18.618580	39.000000
10	1.014470	18.688759	34.400002
20	1.016174	18.627970	32.299999
50	1.020492	18.523420	29.080000
100	1.023208	18.728750	26.520000

check_k=128
1	1.002110	36.552948	47.000000
2	1.003592	36.568409	52.500000
5	1.007473	36.591881	51.400002
10	1.009150	37.136383	47.900002
20	1.010996	37.459679	45.150002
50	1.013451	37.188141	41.939999
100	1.015361	37.624180	39.150002

check_k=256
1	1.000000	72.722824	66.000000
2	1.000832	72.457687	65.500000
5	1.003968	70.948219	63.000000
10	1.004542	72.872009	61.799999
20	1.006335	72.320480	60.700001
50	1.007808	72.114304	57.119999
100	1.009334	72.409180	54.470001

check_k=512
1	1.000000	136.242844	80.000000
2	1.000000	136.046570	81.000000
5	1.001015	133.580688	78.800003
10	1.002234	136.013962	78.500000
20	1.003203	135.808548	76.400002
50	1.003879	135.594467	73.779999
100	1.004605	136.579041	71.660004

lcsb  r=0.660000, L=512
Indexing Time: 436.117310 Seconds

Estimated Memory Usage: 6190997504 Bytes

check_k=1
1	1.038846	3.979820	13.000000
2	1.043716	1.024710	10.500000
5	1.050711	1.027720	8.000000
10	1.056870	1.035560	5.800000
20	1.063476	1.022560	4.600000
50	1.079764	1.023490	3.380000
100	1.094437	1.025200	2.790000

check_k=2
1	1.031687	4.080200	16.000000
2	1.036406	1.674700	14.000000
5	1.040455	1.655430	11.800000
10	1.044999	1.657180	9.000000
20	1.050902	1.661260	7.350000
50	1.061745	1.725320	5.560000
100	1.072321	1.674510	4.610000

check_k=4
1	1.021155	6.702370	23.000000
2	1.027375	2.886660	18.500000
5	1.032286	2.895290	16.400000
10	1.035957	2.928970	13.800000
20	1.039236	2.872730	11.400000
50	1.048522	2.886080	8.860000
100	1.055196	2.884040	7.460000

check_k=8
1	1.017104	10.218441	27.000000
2	1.020169	5.319470	24.000000
5	1.023651	5.311621	21.000000
10	1.027417	5.448210	19.600000
20	1.030828	5.305441	17.100000
50	1.036713	5.285650	14.180000
100	1.041167	5.434530	12.310000

check_k=16
1	1.011783	14.207311	33.000000
2	1.015196	10.295771	30.500000
5	1.016540	10.155450	28.600000
10	1.019988	10.305700	28.500000
20	1.022843	10.189559	25.600000
50	1.026956	10.239901	21.860001
100	1.029969	10.319969	19.250000

check_k=32
1	1.005188	21.498430	39.000000
2	1.010486	19.806360	40.000000
5	1.009984	19.985950	39.200001
10	1.013110	19.962849	39.299999
20	1.015699	20.019381	36.150002
50	1.019159	20.009119	32.139999
100	1.021189	19.982611	29.120001

check_k=64
1	1.000000	39.375778	54.000000
2	1.002114	39.368813	56.000000
5	1.005781	39.429317	54.599998
10	1.007241	39.444382	53.799999
20	1.009440	39.468269	50.799999
50	1.012088	37.880299	46.540001
100	1.014004	37.445690	42.919998

check_k=128
1	1.000000	71.503540	70.000000
2	1.000000	71.360306	73.000000
5	1.001944	71.666367	70.000000
10	1.003717	71.565033	69.800003
20	1.004987	71.572800	66.300003
50	1.006740	71.545631	62.299999
100	1.008222	71.612457	58.599998

check_k=256
1	1.000000	132.917221	86.000000
2	1.000000	137.488129	86.000000
5	1.000418	142.756271	82.800003
10	1.001238	143.256256	81.099998
20	1.002595	142.116653	80.400002
50	1.003110	143.552719	77.279999
100	1.004228	141.947647	74.940002

check_k=512
1	1.000000	253.913452	97.000000
2	1.000000	257.764069	95.500000
5	1.000000	257.853851	94.199997
10	1.000000	239.903275	94.199997
20	1.000407	239.165741	92.400002
50	1.000852	238.905334	90.339996
100	1.001239	245.188965	89.239998

