lcsb  r=0.660000, L=8
Indexing Time: 4.295645 Seconds

Estimated Memory Usage: 166936576 Bytes

check_k=1
1	1.177442	0.014350	1.000000
2	1.178571	0.010730	0.500000
5	1.210036	0.008590	0.200000
10	1.252804	0.005440	0.100000
20	31622.777344	0.003930	0.050000
50	31622.777344	0.003790	1.300000
100	31622.777344	0.003710	0.580000

check_k=2
1	1.162274	0.008980	1.000000
2	1.162939	0.005460	0.500000
5	1.169536	0.005560	0.200000
10	1.198063	0.005860	0.100000
20	1.239207	0.006050	0.050000
50	31622.777344	0.006080	2.560000
100	31622.777344	0.006020	1.180000

check_k=4
1	1.150326	0.015720	1.000000
2	1.142611	0.009310	0.500000
5	1.151026	0.009180	0.200000
10	1.163384	0.009510	0.100000
20	1.185498	0.010150	0.050000
50	1.310468	0.010940	4.700000
100	31622.777344	0.010860	2.580000

check_k=8
1	1.130484	0.028130	1.000000
2	1.126619	0.019450	0.500000
5	1.133456	0.018130	0.200000
10	1.141789	0.018270	0.100000
20	1.153612	0.018930	0.100000
50	1.221892	0.021030	6.980000
100	1.306485	0.022050	5.010000

check_k=16
1	1.122050	0.060090	1.000000
2	1.111823	0.053850	0.500000
5	1.115105	0.047590	0.200000
10	1.119490	0.044990	0.200000
20	1.129263	0.044710	0.300000
50	1.190216	0.046280	9.300000
100	1.218383	0.049570	8.700000

check_k=32
1	1.106411	0.120470	1.000000
2	1.100106	0.112830	0.500000
5	1.099794	0.144340	0.200000
10	1.102543	0.139940	0.200000
20	1.109498	0.135390	0.300000
50	1.161330	0.173080	11.680000
100	1.179566	0.129710	11.660000

check_k=64
1	1.099705	0.247930	1.000000
2	1.088672	0.249410	0.500000
5	1.086553	0.246850	0.200000
10	1.089497	0.244610	0.200000
20	1.094522	0.244010	0.300000
50	1.139434	0.239690	15.440000
100	1.152562	0.248910	14.630000

check_k=128
1	1.089871	0.490020	1.000000
2	1.075593	0.485480	1.000000
5	1.073867	0.481190	0.400000
10	1.076795	0.485740	0.400000
20	1.079040	0.487460	0.650000
50	1.122903	0.503660	20.660000
100	1.126606	0.505640	18.410000

check_k=256
1	1.071961	0.982320	2.000000
2	1.067688	0.977640	1.500000
5	1.064124	0.994940	1.000000
10	1.064424	0.999980	1.000000
20	1.063593	0.971840	1.400000
50	1.113131	1.009630	23.600000
100	1.121792	1.052060	22.070000

check_k=512
1	1.060571	1.965170	6.000000
2	1.058729	1.963440	5.000000
5	1.055715	1.978020	2.600000
10	1.055092	1.965930	2.300000
20	1.056050	1.948410	2.400000
50	1.112302	1.998080	26.240000
100	1.109817	1.992460	26.299999

lcsb  r=0.660000, L=16
Indexing Time: 8.875334 Seconds

Estimated Memory Usage: 281530368 Bytes

check_k=1
1	1.164096	0.026540	0.000000
2	1.164814	0.022250	0.000000
5	1.174207	0.019550	0.000000
10	1.195182	0.010200	0.000000
20	1.245726	0.008660	0.000000
50	31622.777344	0.008530	2.200000
100	31622.777344	0.008490	1.200000

check_k=2
1	1.145808	0.018160	0.000000
2	1.142709	0.011910	0.000000
5	1.151834	0.011670	0.000000
10	1.165546	0.011950	0.100000
20	1.185762	0.012660	0.100000
50	1.306471	0.013350	4.200000
100	31622.777344	0.013260	2.400000

check_k=4
1	1.132290	0.030050	0.000000
2	1.130267	0.025250	0.000000
5	1.133226	0.021590	0.000000
10	1.146256	0.022580	0.100000
20	1.154368	0.022640	0.100000
50	1.226037	0.025190	6.540000
100	1.306346	0.025700	4.780000

check_k=8
1	1.119863	0.065680	0.000000
2	1.112979	0.067300	0.000000
5	1.118283	0.063310	0.000000
10	1.122568	0.055720	0.100000
20	1.128077	0.054360	0.100000
50	1.187856	0.056260	8.220000
100	1.210799	0.058690	8.260000

check_k=16
1	1.099090	0.132550	2.000000
2	1.103666	0.119420	1.000000
5	1.102345	0.120740	0.600000
10	1.106550	0.116440	0.500000
20	1.109699	0.117110	0.450000
50	1.165239	0.120270	11.340000
100	1.172385	0.127500	11.330000

check_k=32
1	1.083782	0.248700	2.000000
2	1.089190	0.258070	2.000000
5	1.087648	0.256760	1.000000
10	1.093660	0.246140	0.700000
20	1.095292	0.250240	0.650000
50	1.142989	0.249250	15.540000
100	1.144429	0.257400	14.170000

check_k=64
1	1.075213	0.504830	2.000000
2	1.077740	0.517410	3.000000
5	1.075283	0.565930	1.400000
10	1.078197	0.514110	1.000000
20	1.078578	0.519920	0.900000
50	1.132866	0.535850	20.180000
100	1.123455	0.537810	18.209999

check_k=128
1	1.068540	1.016060	4.000000
2	1.064274	1.008190	4.000000
5	1.066553	0.993620	2.200000
10	1.067058	0.986010	1.600000
20	1.065301	0.984270	1.550000
50	1.118019	0.989040	24.340000
100	1.119017	0.990300	22.610001

check_k=256
1	1.058718	1.992870	7.000000
2	1.057623	2.015030	6.500000
5	1.055428	1.982730	4.000000
10	1.055291	2.019530	3.200000
20	1.057286	2.037120	2.750000
50	1.103453	2.041370	27.040001
100	1.110657	2.026550	27.139999

check_k=512
1	1.043743	3.925320	10.000000
2	1.042670	3.894150	9.500000
5	1.041445	4.016850	7.000000
10	1.045666	4.048360	5.500000
20	1.045931	3.980630	5.000000
50	1.100777	4.045380	30.520000
100	1.098766	3.986760	30.889999

lcsb  r=0.660000, L=32
Indexing Time: 20.510172 Seconds

Estimated Memory Usage: 510439424 Bytes

check_k=1
1	1.144511	0.052440	0.000000
2	1.138848	0.043310	0.000000
5	1.152031	0.031470	0.000000
10	1.164934	0.020350	0.000000
20	1.188828	0.019420	0.000000
50	1.316430	0.019600	4.420000
100	31622.777344	0.019680	2.430000

check_k=2
1	1.133445	0.040210	0.000000
2	1.124099	0.037590	0.000000
5	1.133547	0.035470	0.000000
10	1.140850	0.032940	0.000000
20	1.152566	0.029360	0.000000
50	1.223324	0.033270	6.800000
100	1.300535	0.033920	4.960000

check_k=4
1	1.121567	0.072640	0.000000
2	1.112707	0.070920	0.000000
5	1.116115	0.059050	0.000000
10	1.118664	0.060500	0.100000
20	1.129103	0.061810	0.050000
50	1.184338	0.065240	8.740000
100	1.210361	0.070540	8.350000

check_k=8
1	1.105163	0.133020	0.000000
2	1.098161	0.131110	0.000000
5	1.097921	0.129260	0.000000
10	1.105615	0.129400	0.100000
20	1.109927	0.134070	0.150000
50	1.162925	0.133350	11.500000
100	1.158663	0.137880	11.490000

check_k=16
1	1.097578	0.264670	2.000000
2	1.084790	0.261450	1.000000
5	1.085674	0.275320	0.400000
10	1.088257	0.264520	0.400000
20	1.092755	0.335660	0.400000
50	1.142518	0.268190	15.560000
100	1.141122	0.272220	14.470000

check_k=32
1	1.079430	0.524430	3.000000
2	1.072036	0.521670	2.000000
5	1.073627	0.516620	1.200000
10	1.077513	0.517270	1.000000
20	1.077800	0.514610	0.850000
50	1.126878	0.517460	21.000000
100	1.126539	0.522830	18.370001

check_k=64
1	1.068598	1.015310	5.000000
2	1.062040	1.003830	4.000000
5	1.064609	1.001480	2.000000
10	1.065638	0.999390	1.600000
20	1.066093	1.001760	1.650000
50	1.113036	1.041030	24.160000
100	1.112656	1.101060	21.709999

check_k=128
1	1.056774	1.994360	7.000000
2	1.053888	2.060850	6.000000
5	1.055096	2.033200	3.800000
10	1.055600	1.991290	3.100000
20	1.054745	2.006840	2.950000
50	1.105727	2.057250	27.059999
100	1.105770	2.012530	27.240000

check_k=256
1	1.046382	3.984750	11.000000
2	1.041481	4.082870	10.000000
5	1.041976	4.036660	6.600000
10	1.044737	3.959750	5.600000
20	1.044525	4.019870	5.250000
50	1.093822	3.958240	30.440001
100	1.103678	4.114850	31.530001

check_k=512
1	1.035239	7.994320	15.000000
2	1.033676	7.911541	14.500000
5	1.032501	7.887220	11.200000
10	1.036212	7.933870	9.600000
20	1.036191	8.075530	9.300000
50	1.094589	7.887690	33.459999
100	1.103846	7.979920	34.240002

lcsb  r=0.660000, L=64
Indexing Time: 42.455067 Seconds

Estimated Memory Usage: 968536064 Bytes

check_k=1
1	1.135229	0.502280	0.000000
2	1.121604	0.105100	0.000000
5	1.125067	0.093000	0.000000
10	1.132905	0.088490	0.100000
20	1.150207	0.089060	0.200000
50	1.226458	0.084810	7.300000
100	1.303927	0.085650	5.090000

check_k=2
1	1.116782	0.277600	0.000000
2	1.106078	0.210570	0.000000
5	1.113909	0.125940	0.000000
10	1.118005	0.132880	0.100000
20	1.124141	0.139050	0.200000
50	1.189196	0.135030	9.160000
100	1.198541	0.133090	8.360000

check_k=4
1	1.098967	0.398570	0.000000
2	1.094623	0.263280	0.000000
5	1.096277	0.244680	0.000000
10	1.102921	0.243320	0.100000
20	1.105073	0.237960	0.250000
50	1.162259	0.243430	12.060000
100	1.165567	0.244640	11.510000

check_k=8
1	1.093610	0.684750	2.000000
2	1.084417	0.460970	1.500000
5	1.085839	0.440610	0.600000
10	1.086767	0.425350	0.400000
20	1.090846	0.428770	0.550000
50	1.137038	0.433060	16.400000
100	1.146442	0.435950	14.690000

check_k=16
1	1.076166	1.103780	4.000000
2	1.071900	0.886180	2.500000
5	1.073713	0.861280	1.200000
10	1.078629	0.881560	0.900000
20	1.078132	0.905260	1.050000
50	1.122077	0.885990	20.940001
100	1.130795	0.913120	18.260000

check_k=32
1	1.068107	1.892610	4.000000
2	1.064924	1.713630	3.000000
5	1.061341	1.717980	1.800000
10	1.067195	1.725020	1.400000
20	1.065137	1.710060	1.650000
50	1.112672	1.717010	24.059999
100	1.116227	1.752040	21.879999

check_k=64
1	1.058718	3.325370	5.000000
2	1.053064	3.018470	4.000000
5	1.049608	2.966440	3.000000
10	1.053201	3.006430	2.800000
20	1.055741	3.019510	3.050000
50	1.102181	2.989390	27.520000
100	1.107712	3.019940	27.139999

check_k=128
1	1.045321	5.951510	10.000000
2	1.042651	5.934790	8.000000
5	1.041328	6.018631	6.000000
10	1.044431	6.165820	5.300000
20	1.045158	6.180650	5.150000
50	1.096053	6.160250	30.639999
100	1.102087	6.637090	31.490000

check_k=256
1	1.033035	13.214170	14.000000
2	1.032027	13.161640	13.500000
5	1.032138	12.466160	12.200000
10	1.033359	12.486390	11.000000
20	1.036281	12.116849	10.150000
50	1.098646	11.928689	33.480000
100	1.101784	11.753990	34.709999

check_k=512
1	1.020150	23.373379	25.000000
2	1.021331	24.268831	24.500000
5	1.024485	23.460760	21.600000
10	1.024923	23.499119	20.200001
20	1.025908	23.455452	18.049999
50	1.099308	23.895760	36.799999
100	1.106608	23.319321	36.990002

lcsb  r=0.660000, L=128
Indexing Time: 85.460091 Seconds

Estimated Memory Usage: 1884459008 Bytes

check_k=1
1	1.121018	1.269590	0.000000
2	1.104110	0.176420	0.000000
5	1.111724	0.150760	0.200000
10	1.115112	0.133520	0.300000
20	1.123503	0.118160	0.250000
50	1.184625	0.121250	8.900000
100	1.199185	0.125120	8.620000

check_k=2
1	1.099626	1.159000	0.000000
2	1.096655	0.209190	0.000000
5	1.098588	0.194430	0.400000
10	1.101225	0.190700	0.400000
20	1.106019	0.190040	0.400000
50	1.158615	0.191750	12.000000
100	1.166843	0.197400	11.580000

check_k=4
1	1.089569	1.702230	1.000000
2	1.083345	0.344700	0.500000
5	1.085377	0.329870	0.800000
10	1.087255	0.325250	0.900000
20	1.091261	0.324030	0.750000
50	1.137153	0.327220	16.200001
100	1.148184	0.331800	14.920000

check_k=8
1	1.070654	1.942540	4.000000
2	1.070962	0.599260	3.500000
5	1.074199	0.590880	2.000000
10	1.075088	0.588830	1.700000
20	1.074456	0.589530	1.600000
50	1.129396	0.595160	21.160000
100	1.124503	0.605240	18.620001

check_k=16
1	1.064139	1.890550	6.000000
2	1.057893	1.122360	5.000000
5	1.062130	1.118700	3.400000
10	1.063886	1.120280	3.100000
20	1.062793	1.119640	2.700000
50	1.111217	1.128740	25.520000
100	1.115242	1.135090	22.530001

check_k=32
1	1.052413	2.309820	7.000000
2	1.050874	2.146120	6.500000
5	1.051326	2.151670	4.600000
10	1.052493	2.163280	4.000000
20	1.051851	2.164880	3.600000
50	1.103683	2.169040	28.480000
100	1.102478	2.182450	28.080000

check_k=64
1	1.043166	4.132700	11.000000
2	1.046082	4.134900	9.500000
5	1.042279	4.132250	7.200000
10	1.043613	4.151780	6.600000
20	1.042941	4.133010	6.250000
50	1.100813	4.171850	31.160000
100	1.103385	4.170580	31.850000

check_k=128
1	1.028118	7.956379	19.000000
2	1.031592	7.954089	16.000000
5	1.033211	7.958631	12.400000
10	1.033828	7.955580	11.300000
20	1.034009	7.960690	11.000000
50	1.096128	7.981590	34.000000
100	1.100228	7.976490	34.660000

check_k=256
1	1.019047	15.444269	27.000000
2	1.021085	15.440130	27.000000
5	1.023738	15.455030	22.200001
10	1.023852	15.600469	20.900000
20	1.025686	15.448260	19.100000
50	1.099133	15.431399	37.340000
100	1.105022	15.533750	37.639999

check_k=512
1	1.003237	29.900129	46.000000
2	1.011347	29.881250	42.000000
5	1.016408	30.043211	37.000000
10	1.016821	29.879639	34.700001
20	1.016846	29.886301	30.750000
50	1.093166	30.069757	41.400002
100	1.096485	29.915882	40.509998

lcsb  r=0.660000, L=256
Indexing Time: 177.894653 Seconds

Estimated Memory Usage: 3716431872 Bytes

check_k=1
1	1.101408	1.515720	2.000000
2	1.093821	0.384620	1.500000
5	1.098905	0.342590	1.000000
10	1.101402	0.321150	0.600000
20	1.106866	0.318460	0.500000
50	1.161213	0.353460	12.300000
100	1.172507	0.377000	11.980000

check_k=2
1	1.079112	1.136630	6.000000
2	1.081910	0.518560	3.500000
5	1.083448	0.507650	2.200000
10	1.084941	0.503510	1.300000
20	1.089540	0.491780	1.100000
50	1.139229	0.520040	17.559999
100	1.146897	0.521980	15.300000

check_k=4
1	1.072248	1.486480	8.000000
2	1.071364	0.819160	5.000000
5	1.073855	0.803050	3.000000
10	1.074793	0.814160	1.700000
20	1.073021	0.817640	1.550000
50	1.128391	0.814810	22.280001
100	1.128045	0.851060	18.969999

check_k=8
1	1.056369	1.812390	11.000000
2	1.061046	1.432930	7.500000
5	1.061221	1.405070	5.000000
10	1.064383	1.380520	3.800000
20	1.061955	1.378590	2.900000
50	1.113633	1.378370	26.680000
100	1.115027	1.401620	23.420000

check_k=16
1	1.046765	2.629700	14.000000
2	1.046955	2.550840	9.500000
5	1.046993	2.416480	6.600000
10	1.049500	2.435770	5.100000
20	1.051693	2.440020	4.300000
50	1.102818	2.441850	29.360001
100	1.105023	2.475560	29.120001

check_k=32
1	1.035992	4.693030	19.000000
2	1.038563	4.617860	14.000000
5	1.038941	4.743240	9.600000
10	1.039538	4.726310	8.700000
20	1.040933	4.810590	7.200000
50	1.099488	4.628000	32.099998
100	1.104989	4.538850	33.259998

check_k=64
1	1.024154	8.905890	26.000000
2	1.028394	9.014660	22.000000
5	1.029122	9.032391	15.600000
10	1.030070	8.874400	14.100000
20	1.031006	8.755120	12.450000
50	1.094693	8.781230	34.919998
100	1.102491	8.792160	35.509998

check_k=128
1	1.015240	16.981220	34.000000
2	1.019280	17.117990	30.000000
5	1.022487	17.013470	23.600000
10	1.022842	16.951200	23.200001
20	1.024045	16.922781	20.750000
50	1.097936	16.902769	38.360001
100	1.102166	17.039959	38.040001

check_k=256
1	1.000329	33.034103	50.000000
2	1.010212	33.028511	45.000000
5	1.014309	33.078781	36.799999
10	1.015690	33.103600	36.200001
20	1.015323	33.330448	32.900002
50	1.093118	33.124130	41.919998
100	1.096114	33.243000	41.130001

check_k=512
1	1.000000	63.538219	69.000000
2	1.002180	63.390800	63.000000
5	1.008346	63.912319	55.200001
10	1.008633	63.489864	52.799999
20	1.010046	62.435162	48.950001
50	1.090982	62.755150	43.900002
100	1.092196	62.662899	43.619999

lcsb  r=0.660000, L=512
Indexing Time: 375.520538 Seconds

Estimated Memory Usage: 7380385792 Bytes

check_k=1
1	1.088192	2.458020	3.000000
2	1.080333	0.760820	3.000000
5	1.082424	0.693040	2.000000
10	1.083854	0.666430	1.600000
20	1.086055	0.661850	1.250000
50	1.135999	0.665380	17.379999
100	1.148023	0.681240	15.580000

check_k=2
1	1.066937	1.651760	4.000000
2	1.072150	1.071820	4.000000
5	1.071207	1.095470	3.000000
10	1.071144	1.140800	2.700000
20	1.073431	1.076510	2.050000
50	1.124650	1.116280	21.980000
100	1.124261	1.119230	19.190001

check_k=4
1	1.063510	2.045020	4.000000
2	1.059750	1.653470	5.000000
5	1.057708	1.660190	4.800000
10	1.061298	1.675760	4.100000
20	1.059659	1.658970	3.050000
50	1.110857	1.679050	26.480000
100	1.115909	1.693420	23.900000

check_k=8
1	1.039756	2.869180	12.000000
2	1.044435	2.970100	12.000000
5	1.046733	2.854110	9.200000
10	1.048845	2.819020	8.000000
20	1.050310	2.787250	5.950000
50	1.101126	2.727450	29.379999
100	1.100709	2.701490	29.670000

check_k=16
1	1.033194	4.991510	17.000000
2	1.035101	5.176350	15.500000
5	1.037557	4.960470	11.800000
10	1.038790	5.026270	10.700000
20	1.041305	5.129270	8.650000
50	1.102700	5.016140	32.220001
100	1.105291	5.045750	33.380001

check_k=32
1	1.022055	9.128500	26.000000
2	1.023761	9.329890	24.000000
5	1.027477	9.442050	19.200001
10	1.030426	9.302230	17.700001
20	1.030765	9.413239	14.500000
50	1.095453	9.120480	34.980000
100	1.105401	9.769589	35.830002

check_k=64
1	1.014476	17.916519	34.000000
2	1.015257	17.487230	35.000000
5	1.020167	17.893869	29.000000
10	1.021037	17.594481	26.500000
20	1.023006	17.837450	23.100000
50	1.096938	18.176350	39.119999
100	1.101095	17.478270	38.730000

check_k=128
1	1.000000	33.414520	51.000000
2	1.009770	33.646393	47.000000
5	1.013993	33.505280	42.000000
10	1.014370	33.241470	39.500000
20	1.014415	33.192162	36.000000
50	1.092836	33.540958	42.240002
100	1.095647	33.239853	41.700001

check_k=256
1	1.000000	62.229492	71.000000
2	1.000862	63.075054	65.500000
5	1.006046	62.466766	59.799999
10	1.007329	63.097225	56.900002
20	1.009060	63.256279	53.650002
50	1.093630	63.465599	44.139999
100	1.091702	63.558102	44.160000

check_k=512
1	1.000000	114.575218	84.000000
2	1.000000	113.201828	82.500000
5	1.000967	114.570595	77.400002
10	1.002917	115.112236	74.599998
20	1.004432	115.377693	71.449997
50	1.093562	117.129990	44.740002
100	1.093802	117.159088	46.060001

