lcsb  r=0.660000, L=8
Indexing Time: 4.738768 Seconds

Estimated Memory Usage: 166936576 Bytes

check_k=1
1	1.177442	0.015020	1.000000
2	1.178571	0.010500	0.500000
5	1.210036	0.008870	0.200000
10	1.252804	0.006440	0.100000
20	31622.777344	0.003540	0.050000
50	31622.777344	0.003240	1.300000
100	31622.777344	0.003160	0.580000

check_k=2
1	1.162274	0.008670	1.000000
2	1.162939	0.004850	0.500000
5	1.169536	0.004760	0.200000
10	1.198063	0.005010	0.100000
20	1.239207	0.005180	0.050000
50	31622.777344	0.005190	2.560000
100	31622.777344	0.005080	1.180000

check_k=4
1	1.150326	0.014960	1.000000
2	1.142611	0.009380	0.500000
5	1.151026	0.008030	0.200000
10	1.163384	0.008090	0.100000
20	1.185498	0.008600	0.050000
50	1.310468	0.009200	4.700000
100	31622.777344	0.009220	2.580000

check_k=8
1	1.130484	0.026690	1.000000
2	1.126619	0.020110	0.500000
5	1.133456	0.017000	0.200000
10	1.141789	0.016290	0.100000
20	1.153612	0.016620	0.100000
50	1.221892	0.018370	6.980000
100	1.306485	0.019150	5.010000

check_k=16
1	1.122050	0.057070	1.000000
2	1.111823	0.057770	0.500000
5	1.115105	0.049250	0.200000
10	1.119490	0.048660	0.200000
20	1.129263	0.049770	0.300000
50	1.190216	0.052700	9.300000
100	1.218383	0.055930	8.700000

check_k=32
1	1.106411	0.119920	1.000000
2	1.100106	0.120850	0.500000
5	1.099794	0.174600	0.200000
10	1.102543	0.127860	0.200000
20	1.109498	0.128580	0.300000
50	1.161330	0.131770	11.680000
100	1.179566	0.137290	11.660000

check_k=64
1	1.099705	0.269450	1.000000
2	1.088672	0.266400	0.500000
5	1.086553	0.266420	0.200000
10	1.089497	0.279870	0.200000
20	1.094522	0.271990	0.300000
50	1.139434	0.272240	15.440000
100	1.152562	0.281880	14.630000

check_k=128
1	1.089871	0.547880	1.000000
2	1.075593	0.573430	1.000000
5	1.073867	0.550740	0.400000
10	1.076795	0.541290	0.400000
20	1.079040	0.538190	0.650000
50	1.122903	0.549080	20.660000
100	1.126606	0.555610	18.410000

check_k=256
1	1.071961	1.074930	2.000000
2	1.067688	1.069430	1.500000
5	1.064124	1.110520	1.000000
10	1.064424	1.088440	1.000000
20	1.063593	1.141390	1.400000
50	1.113131	1.093500	23.600000
100	1.121792	1.095240	22.070000

check_k=512
1	1.060571	2.207750	6.000000
2	1.058729	2.212950	5.000000
5	1.055715	2.215230	2.600000
10	1.055092	2.230710	2.300000
20	1.056050	2.225850	2.400000
50	1.112302	2.221830	26.240000
100	1.109817	2.209330	26.299999

lcsb  r=0.660000, L=16
Indexing Time: 9.604541 Seconds

Estimated Memory Usage: 281530368 Bytes

check_k=1
1	1.164096	0.026900	0.000000
2	1.164814	0.021350	0.000000
5	1.174207	0.016600	0.000000
10	1.195182	0.008440	0.000000
20	1.245726	0.008560	0.000000
50	31622.777344	0.008660	3.420000
100	31622.777344	0.008380	2.410000

check_k=2
1	1.145808	0.016960	0.000000
2	1.142709	0.012070	0.000000
5	1.151834	0.010810	0.000000
10	1.165546	0.010840	0.100000
20	1.185762	0.011110	0.100000
50	1.306471	0.011740	6.200000
100	31622.777344	0.011800	4.850000

check_k=4
1	1.132290	0.030810	0.000000
2	1.130267	0.028660	0.000000
5	1.133226	0.025090	0.000000
10	1.146256	0.026090	0.100000
20	1.154368	0.026600	0.100000
50	1.226037	0.029180	8.540000
100	1.306346	0.030870	8.780000

check_k=8
1	1.119863	0.065120	0.000000
2	1.112979	0.066030	0.000000
5	1.118283	0.063830	0.000000
10	1.122568	0.063290	0.100000
20	1.128077	0.063490	0.100000
50	1.187856	0.065930	10.220000
100	1.210799	0.069840	12.260000

check_k=16
1	1.099090	0.135290	2.000000
2	1.103666	0.131330	1.000000
5	1.102345	0.131730	0.600000
10	1.106550	0.132270	0.500000
20	1.109699	0.133150	0.450000
50	1.165239	0.134610	13.340000
100	1.172385	0.140030	15.330000

check_k=32
1	1.083782	0.268720	2.000000
2	1.089190	0.270340	2.000000
5	1.087648	0.271650	1.000000
10	1.093660	0.272040	0.700000
20	1.095292	0.270770	0.650000
50	1.142989	0.273310	17.540001
100	1.144429	0.280150	18.170000

check_k=64
1	1.075213	0.539920	2.000000
2	1.077740	0.529470	3.000000
5	1.075283	0.523260	1.400000
10	1.078197	0.527970	1.000000
20	1.078578	0.546500	0.900000
50	1.132866	0.553930	22.180000
100	1.123455	0.552650	22.209999

check_k=128
1	1.068540	1.071510	4.000000
2	1.064274	1.146470	4.000000
5	1.066553	1.088390	2.200000
10	1.067058	1.054950	1.600000
20	1.065301	1.046690	1.550000
50	1.118019	1.087170	26.340000
100	1.119017	1.082840	26.610001

check_k=256
1	1.058718	2.168280	7.000000
2	1.057623	2.128310	6.500000
5	1.055428	2.231680	4.000000
10	1.055291	2.188150	3.200000
20	1.057286	2.162300	2.750000
50	1.103453	2.150870	29.040001
100	1.110657	2.166600	31.139999

check_k=512
1	1.043743	4.305160	10.000000
2	1.042670	4.253360	9.500000
5	1.041445	4.198010	7.000000
10	1.045666	4.291790	5.500000
20	1.045931	4.212840	5.000000
50	1.100777	4.284900	32.520000
100	1.098766	4.268450	34.889999

lcsb  r=0.660000, L=32
Indexing Time: 20.583548 Seconds

Estimated Memory Usage: 510439424 Bytes

check_k=1
1	1.144511	0.051960	0.000000
2	1.138848	0.032320	0.000000
5	1.152031	0.020770	0.000000
10	1.164934	0.016180	0.000000
20	1.188828	0.015780	0.000000
50	1.316430	0.015880	4.420000
100	31622.777344	0.016010	2.430000

check_k=2
1	1.133445	0.035350	0.000000
2	1.124099	0.033250	0.000000
5	1.133547	0.031390	0.000000
10	1.140850	0.029380	0.000000
20	1.152566	0.028260	0.000000
50	1.223324	0.029900	6.800000
100	1.300535	0.031260	4.960000

check_k=4
1	1.121567	0.073710	0.000000
2	1.112707	0.082420	0.000000
5	1.116115	0.080470	0.000000
10	1.118664	0.080910	0.100000
20	1.129103	0.079180	0.050000
50	1.184338	0.087480	8.740000
100	1.210361	0.086880	8.350000

check_k=8
1	1.105163	0.156340	0.000000
2	1.098161	0.151700	0.000000
5	1.097921	0.150840	0.000000
10	1.105615	0.153500	0.100000
20	1.109927	0.227940	0.150000
50	1.162925	0.160520	11.500000
100	1.158663	0.163270	11.490000

check_k=16
1	1.097578	0.297240	2.000000
2	1.084790	0.289080	1.000000
5	1.085674	0.304690	0.400000
10	1.088257	0.289510	0.400000
20	1.092755	0.290370	0.400000
50	1.142518	0.294360	15.560000
100	1.141122	0.298180	14.470000

check_k=32
1	1.079430	0.561170	3.000000
2	1.072036	0.568740	2.000000
5	1.073627	0.560110	1.200000
10	1.077513	0.566710	1.000000
20	1.077800	0.572360	0.850000
50	1.126878	0.570770	21.000000
100	1.126539	0.595020	18.370001

check_k=64
1	1.068598	1.113220	5.000000
2	1.062040	1.099450	4.000000
5	1.064609	1.085140	2.000000
10	1.065638	1.083820	1.600000
20	1.066093	1.154020	1.650000
50	1.113036	1.120900	24.160000
100	1.112656	1.131600	21.709999

check_k=128
1	1.056774	2.159830	7.000000
2	1.053888	2.135090	6.000000
5	1.055096	2.146540	3.800000
10	1.055600	2.247830	3.100000
20	1.054745	2.183800	2.950000
50	1.105727	2.196030	27.059999
100	1.105770	2.153850	27.240000

check_k=256
1	1.046382	4.266110	11.000000
2	1.041481	4.305430	10.000000
5	1.041976	4.232030	6.600000
10	1.044737	4.280550	5.600000
20	1.044525	4.258350	5.250000
50	1.093822	4.191270	30.440001
100	1.103678	4.289220	31.530001

check_k=512
1	1.035239	8.404950	15.000000
2	1.033676	8.447470	14.500000
5	1.032501	8.452290	11.200000
10	1.036212	8.446170	9.600000
20	1.036191	8.243600	9.300000
50	1.094589	8.510620	33.459999
100	1.103846	8.493649	34.240002

lcsb  r=0.660000, L=64
Indexing Time: 42.561592 Seconds

Estimated Memory Usage: 968536064 Bytes

check_k=1
1	1.135229	0.101600	0.000000
2	1.121604	0.087040	0.000000
5	1.125067	0.082810	0.000000
10	1.132905	0.078580	0.100000
20	1.150207	0.077680	0.200000
50	1.226458	0.078290	9.300000
100	1.303927	0.076280	9.090000

check_k=2
1	1.116782	0.113130	0.000000
2	1.106078	0.109460	0.000000
5	1.113909	0.106070	0.000000
10	1.118005	0.104960	0.100000
20	1.124141	0.105280	0.200000
50	1.189196	0.106060	11.160000
100	1.198541	0.109430	12.360000

check_k=4
1	1.098967	0.175470	0.000000
2	1.094623	0.174720	0.000000
5	1.096277	0.173570	0.000000
10	1.102921	0.172260	0.100000
20	1.105073	0.177690	0.250000
50	1.162259	0.177670	14.060000
100	1.165567	0.182290	15.510000

check_k=8
1	1.093610	0.313920	2.000000
2	1.084417	0.312820	1.500000
5	1.085839	0.313400	0.600000
10	1.086767	0.309250	0.400000
20	1.090846	0.304820	0.550000
50	1.137038	0.304730	18.400000
100	1.146442	0.309370	18.690001

check_k=16
1	1.076166	0.577430	4.000000
2	1.071900	0.702340	2.500000
5	1.073713	0.592550	1.200000
10	1.078629	0.594970	0.900000
20	1.078132	0.591400	1.050000
50	1.122077	0.597470	22.940001
100	1.130795	0.605110	22.260000

check_k=32
1	1.068107	1.138640	4.000000
2	1.064924	1.125410	3.000000
5	1.061341	1.135120	1.800000
10	1.067195	1.136870	1.400000
20	1.065137	1.142340	1.650000
50	1.112672	1.150590	26.059999
100	1.116227	1.155250	25.879999

check_k=64
1	1.058718	2.319170	5.000000
2	1.053064	2.227500	4.000000
5	1.049608	2.227260	3.000000
10	1.053201	2.219950	2.800000
20	1.055741	2.222100	3.050000
50	1.102181	2.223750	29.520000
100	1.107712	2.333890	31.139999

check_k=128
1	1.045321	4.316420	10.000000
2	1.042651	4.309810	8.000000
5	1.041328	4.393380	6.000000
10	1.044431	4.340710	5.300000
20	1.045158	4.292420	5.150000
50	1.096053	4.427360	32.639999
100	1.102087	4.383020	35.490002

check_k=256
1	1.033035	8.668280	14.000000
2	1.032027	8.514700	13.500000
5	1.032138	8.659270	12.200000
10	1.033359	8.649570	11.000000
20	1.036281	8.526279	10.150000
50	1.098646	8.588590	35.480000
100	1.101784	8.570860	38.709999

check_k=512
1	1.020150	16.834759	25.000000
2	1.021331	16.951099	24.500000
5	1.024485	16.850430	21.600000
10	1.024923	16.862909	20.200001
20	1.025908	16.979752	18.049999
50	1.099308	16.940771	38.799999
100	1.106608	16.900730	40.990002

lcsb  r=0.660000, L=128
Indexing Time: 92.287697 Seconds

Estimated Memory Usage: 1884459008 Bytes

check_k=1
1	1.121018	0.216450	0.000000
2	1.104110	0.182440	0.000000
5	1.111724	0.174000	0.200000
10	1.115112	0.172020	0.300000
20	1.123503	0.173380	0.250000
50	1.184625	0.173810	10.900000
100	1.199185	0.177400	12.620000

check_k=2
1	1.099626	0.253330	0.000000
2	1.096655	0.252310	0.000000
5	1.098588	0.251750	0.400000
10	1.101225	0.253390	0.400000
20	1.106019	0.251750	0.400000
50	1.158615	0.255260	14.000000
100	1.166843	0.262010	15.580000

check_k=4
1	1.089569	0.405360	1.000000
2	1.083345	0.404860	0.500000
5	1.085377	0.403370	0.800000
10	1.087255	0.408020	0.900000
20	1.091261	0.410190	0.750000
50	1.137153	0.552820	18.200001
100	1.148184	0.426000	18.920000

check_k=8
1	1.070654	0.716870	4.000000
2	1.070962	0.709190	3.500000
5	1.074199	0.709450	2.000000
10	1.075088	0.709870	1.700000
20	1.074456	0.715610	1.600000
50	1.129396	0.714280	23.160000
100	1.124503	0.713070	22.620001

check_k=16
1	1.064139	1.277560	6.000000
2	1.057893	1.288740	5.000000
5	1.062130	1.301720	3.400000
10	1.063886	1.297960	3.100000
20	1.062793	1.294420	2.700000
50	1.111217	1.310740	27.520000
100	1.115242	1.320080	26.530001

check_k=32
1	1.052413	2.409140	7.000000
2	1.050874	2.363100	6.500000
5	1.051326	2.390340	4.600000
10	1.052493	2.502040	4.000000
20	1.051851	2.382630	3.600000
50	1.103683	2.372900	30.480000
100	1.102478	2.365320	32.080002

check_k=64
1	1.043166	4.546880	11.000000
2	1.046082	4.558140	9.500000
5	1.042279	4.561250	7.200000
10	1.043613	4.703610	6.600000
20	1.042941	4.540170	6.250000
50	1.100813	4.561840	33.160000
100	1.103385	4.582120	35.849998

check_k=128
1	1.028118	9.076950	19.000000
2	1.031592	8.894000	16.000000
5	1.033211	8.943500	12.400000
10	1.033828	9.060360	11.300000
20	1.034009	8.937680	11.000000
50	1.096128	8.999770	36.000000
100	1.100228	9.277410	38.660000

check_k=256
1	1.019047	17.926470	27.000000
2	1.021085	17.708549	27.000000
5	1.023738	17.969110	22.200001
10	1.023852	17.816441	20.900000
20	1.025686	17.677820	19.100000
50	1.099133	17.881180	39.340000
100	1.105022	17.759571	41.639999

check_k=512
1	1.003237	34.630600	46.000000
2	1.011347	34.084400	42.000000
5	1.016408	30.825100	37.000000
10	1.016821	30.740070	34.700001
20	1.016846	30.924122	30.750000
50	1.093166	30.835100	43.400002
100	1.096485	30.790861	44.509998

lcsb  r=0.660000, L=256
Indexing Time: 167.771042 Seconds

Estimated Memory Usage: 3716431872 Bytes

check_k=1
1	1.101408	0.600680	2.000000
2	1.093821	0.327310	1.500000
5	1.098905	0.306490	1.000000
10	1.101402	0.299350	0.600000
20	1.106866	0.296780	0.500000
50	1.161213	0.315110	12.300000
100	1.172507	0.313340	11.980000

check_k=2
1	1.079112	0.441510	6.000000
2	1.081910	0.445370	3.500000
5	1.083448	0.440580	2.200000
10	1.084941	0.440880	1.300000
20	1.089540	0.444260	1.100000
50	1.139229	0.445880	17.559999
100	1.146897	0.446360	15.300000

check_k=4
1	1.072248	0.723410	8.000000
2	1.071364	0.722290	5.000000
5	1.073855	0.720000	3.000000
10	1.074793	0.729540	1.700000
20	1.073021	0.739610	1.550000
50	1.128391	0.746430	22.280001
100	1.128045	0.739740	18.969999

check_k=8
1	1.056369	1.295880	11.000000
2	1.061046	1.305360	7.500000
5	1.061221	1.401280	5.000000
10	1.064383	1.336890	3.800000
20	1.061955	1.293550	2.900000
50	1.113633	1.307330	26.680000
100	1.115027	1.308140	23.420000

check_k=16
1	1.046765	2.401710	14.000000
2	1.046955	2.404270	9.500000
5	1.046993	2.506750	6.600000
10	1.049500	2.400620	5.100000
20	1.051693	2.380800	4.300000
50	1.102818	2.399550	29.360001
100	1.105023	2.404860	29.120001

check_k=32
1	1.035992	4.595350	19.000000
2	1.038563	4.560390	14.000000
5	1.038941	4.550180	9.600000
10	1.039538	4.700400	8.700000
20	1.040933	4.584710	7.200000
50	1.099488	4.588750	32.099998
100	1.104989	4.674250	33.259998

check_k=64
1	1.024154	8.729860	26.000000
2	1.028394	8.866369	22.000000
5	1.029122	8.779420	15.600000
10	1.030070	8.744081	14.100000
20	1.031006	8.847580	12.450000
50	1.094693	8.831531	34.919998
100	1.102491	8.700270	35.509998

check_k=128
1	1.015240	16.999519	34.000000
2	1.019280	16.917049	30.000000
5	1.022487	16.830690	23.600000
10	1.022842	16.864719	23.200001
20	1.024045	17.021170	20.750000
50	1.097936	16.866280	38.360001
100	1.102166	16.909611	38.040001

check_k=256
1	1.000329	32.654282	50.000000
2	1.010212	32.473782	45.000000
5	1.014309	32.511078	36.799999
10	1.015690	32.519180	36.200001
20	1.015323	32.443680	32.900002
50	1.093118	32.629269	41.919998
100	1.096114	33.582062	41.130001

check_k=512
1	1.000000	63.323341	69.000000
2	1.002180	64.660980	63.000000
5	1.008346	64.743690	55.200001
10	1.008633	64.767395	52.799999
20	1.010046	64.885094	48.950001
50	1.090982	64.956970	43.900002
100	1.092196	64.568558	43.619999

lcsb  r=0.660000, L=512
Indexing Time: 354.569946 Seconds

Estimated Memory Usage: 7380385792 Bytes

check_k=1
1	1.088192	0.825810	3.000000
2	1.080333	0.706500	3.000000
5	1.082424	0.671030	2.000000
10	1.083854	0.652610	1.600000
20	1.086055	0.649050	1.250000
50	1.135999	0.648810	17.379999
100	1.148023	0.654590	15.580000

check_k=2
1	1.066937	1.089410	4.000000
2	1.072150	0.948410	4.000000
5	1.071207	0.943530	3.000000
10	1.071144	0.952390	2.700000
20	1.073431	0.948170	2.050000
50	1.124650	0.955250	21.980000
100	1.124261	0.957960	19.190001

check_k=4
1	1.063510	1.525180	4.000000
2	1.059750	1.525230	5.000000
5	1.057708	1.530970	4.800000
10	1.061298	1.523130	4.100000
20	1.059659	1.612160	3.050000
50	1.110857	1.546680	26.480000
100	1.115909	1.538150	23.900000

check_k=8
1	1.039756	2.634910	12.000000
2	1.044435	2.635100	12.000000
5	1.046733	2.642030	9.200000
10	1.048845	2.794790	8.000000
20	1.050310	2.654230	5.950000
50	1.101126	2.656670	29.379999
100	1.100709	2.658260	29.670000

check_k=16
1	1.033194	4.928390	17.000000
2	1.035101	4.775900	15.500000
5	1.037557	4.775460	11.800000
10	1.038790	4.949890	10.700000
20	1.041305	4.775860	8.650000
50	1.102700	4.854311	32.220001
100	1.105291	4.781410	33.380001

check_k=32
1	1.022055	9.011150	26.000000
2	1.023761	8.888050	24.000000
5	1.027477	9.061090	19.200001
10	1.030426	9.026910	17.700001
20	1.030765	8.910810	14.500000
50	1.095453	8.986810	34.980000
100	1.105401	9.077649	35.830002

check_k=64
1	1.014476	16.986420	34.000000
2	1.015257	16.956409	35.000000
5	1.020167	16.841690	29.000000
10	1.021037	16.758150	26.500000
20	1.023006	16.880890	23.100000
50	1.096938	16.889339	39.119999
100	1.101095	17.002932	38.730000

check_k=128
1	1.000000	31.979080	51.000000
2	1.009770	32.083858	47.000000
5	1.013993	32.167221	42.000000
10	1.014370	32.092533	39.500000
20	1.014415	32.160500	36.000000
50	1.092836	32.233536	42.240002
100	1.095647	32.022041	41.700001

check_k=256
1	1.000000	60.178520	71.000000
2	1.000862	60.226303	65.500000
5	1.006046	58.266930	59.799999
10	1.007329	58.930092	56.900002
20	1.009060	59.632378	53.650002
50	1.093630	60.136021	44.139999
100	1.091702	60.280781	44.160000

check_k=512
1	1.000000	108.398720	84.000000
2	1.000000	108.380615	82.500000
5	1.000967	108.516151	77.400002
10	1.002917	107.928230	74.599998
20	1.004432	107.944748	71.449997
50	1.093562	108.579041	44.740002
100	1.093802	108.327522	46.060001

