lcsb  r=0.660000, L=8
Indexing Time: 10.722494 Seconds

Estimated Memory Usage: 327725056 Bytes

check_k=1
1	1.229178	0.124200	0.000000
2	1.263623	0.010500	0.000000
5	1.317247	0.004960	0.000000
10	1.419046	0.004970	0.000000
20	31622.777344	0.004850	0.000000
50	31622.777344	0.004740	2.640000
100	31622.777344	0.004660	1.920000

check_k=2
1	1.197379	0.092580	0.000000
2	1.232449	0.007460	0.000000
5	1.276510	0.006540	0.000000
10	1.316890	0.006760	0.000000
20	1.409578	0.007070	0.000000
50	31622.777344	0.007140	5.280000
100	31622.777344	0.007160	3.860000

check_k=4
1	1.165298	0.162890	0.000000
2	1.193621	0.013740	0.000000
5	1.225876	0.010610	0.000000
10	1.262389	0.010880	0.000000
20	1.304885	0.011360	0.050000
50	1.538821	0.012050	10.240000
100	31622.777344	0.012070	7.780000

check_k=8
1	1.139766	0.277850	0.000000
2	1.165310	0.032450	0.000000
5	1.190823	0.018960	0.000000
10	1.220885	0.018690	0.100000
20	1.242995	0.019420	0.200000
50	1.351409	0.021080	16.260000
100	1.569763	0.022270	14.320000

check_k=16
1	1.127961	0.486230	0.000000
2	1.133726	0.065790	0.000000
5	1.160776	0.057590	0.200000
10	1.180374	0.049630	0.300000
20	1.203290	0.048590	0.400000
50	1.290758	0.049180	22.719999
100	1.369143	0.053030	20.010000

check_k=32
1	1.105077	0.919600	0.000000
2	1.115640	0.160770	0.000000
5	1.134055	0.143210	1.000000
10	1.151544	0.140790	0.900000
20	1.168930	0.130830	0.700000
50	1.250699	0.125370	26.340000
100	1.296720	0.133620	24.389999

check_k=64
1	1.094574	1.731230	0.000000
2	1.102810	0.348340	0.000000
5	1.111848	0.309800	1.800000
10	1.125743	0.292310	1.400000
20	1.140021	0.288820	1.100000
50	1.220320	0.288450	29.080000
100	1.298374	0.293320	29.209999

check_k=128
1	1.077725	2.906970	1.000000
2	1.087448	0.648200	1.000000
5	1.098869	0.594880	2.800000
10	1.104814	0.591110	2.100000
20	1.115997	0.575500	1.700000
50	1.201375	0.570170	30.100000
100	1.252550	0.583950	32.669998

check_k=256
1	1.067953	3.690640	2.000000
2	1.075300	1.212060	2.000000
5	1.082967	1.164460	3.800000
10	1.090389	1.154080	3.400000
20	1.098010	1.121280	3.050000
50	1.188353	1.113950	32.240002
100	1.237179	1.180400	34.930000

check_k=512
1	1.057312	5.583130	5.000000
2	1.061556	2.209180	5.500000
5	1.069031	2.216720	6.200000
10	1.075545	2.200660	5.600000
20	1.081899	2.207300	5.550000
50	1.176784	2.171790	34.660000
100	1.221411	2.120000	36.619999

lcsb  r=0.660000, L=16
Indexing Time: 33.477650 Seconds

Estimated Memory Usage: 552415232 Bytes

check_k=1
1	1.184491	0.324140	0.000000
2	1.201493	0.027180	0.000000
5	1.235290	0.022240	0.000000
10	1.291864	0.018710	0.000000
20	1.391153	0.013980	0.050000
50	31622.777344	0.008840	6.720000
100	31622.777344	0.008690	5.050000

check_k=2
1	1.163694	0.212040	0.000000
2	1.178850	0.016970	0.000000
5	1.204508	0.012070	0.000000
10	1.237244	0.012460	0.000000
20	1.278767	0.013720	0.050000
50	1.482347	0.013070	12.520000
100	31622.777344	0.013090	9.470000

check_k=4
1	1.145673	0.313810	0.000000
2	1.164379	0.034170	0.500000
5	1.169970	0.019790	0.200000
10	1.190860	0.019790	0.100000
20	1.223847	0.022170	0.100000
50	1.343485	0.021680	18.379999
100	1.537863	0.022060	17.400000

check_k=8
1	1.130861	0.520220	1.000000
2	1.129538	0.058090	1.000000
5	1.154451	0.054620	0.400000
10	1.164567	0.051870	0.300000
20	1.182478	0.046680	0.300000
50	1.272226	0.046960	22.540001
100	1.355211	0.048140	23.940001

check_k=16
1	1.111059	0.912430	1.000000
2	1.114204	0.130780	1.000000
5	1.125942	0.120880	0.400000
10	1.139778	0.116580	0.500000
20	1.150290	0.114910	0.500000
50	1.241618	0.116830	26.860001
100	1.316973	0.121030	27.250000

check_k=32
1	1.091488	1.291960	1.000000
2	1.096095	0.246840	1.500000
5	1.104739	0.239190	1.400000
10	1.116639	0.233310	1.400000
20	1.128408	0.231060	1.250000
50	1.219693	0.231250	28.860001
100	1.285690	0.235260	30.520000

check_k=64
1	1.074491	2.714420	1.000000
2	1.079626	0.484900	2.500000
5	1.087095	0.436740	2.000000
10	1.097918	0.420360	2.400000
20	1.107344	0.414380	2.250000
50	1.214876	0.410440	32.180000
100	1.249516	0.415920	33.290001

check_k=128
1	1.069076	3.926020	3.000000
2	1.066583	0.856750	5.000000
5	1.074448	0.792860	3.800000
10	1.080387	0.775940	3.800000
20	1.089378	0.770360	3.850000
50	1.200050	0.770020	33.900002
100	1.240703	0.776000	35.020000

check_k=256
1	1.057172	5.409410	8.000000
2	1.058645	1.533260	8.500000
5	1.063275	1.469230	6.000000
10	1.067833	1.462150	6.100000
20	1.073730	1.462820	5.800000
50	1.184141	1.466590	35.040001
100	1.227771	1.476470	36.900002

check_k=512
1	1.044763	6.227830	11.000000
2	1.049271	2.846210	12.000000
5	1.052497	2.769610	9.000000
10	1.054301	2.804760	8.800000
20	1.062106	2.772280	8.450000
50	1.186174	2.758190	36.220001
100	1.218824	2.834220	38.340000

lcsb  r=0.660000, L=32
Indexing Time: 94.791733 Seconds

Estimated Memory Usage: 1001787392 Bytes

check_k=1
1	1.124308	0.385750	2.000000
2	1.148665	0.035140	1.000000
5	1.182665	0.023260	0.800000
10	1.238472	0.009860	0.700000
20	1.346538	0.009550	0.500000
50	31622.777344	0.009560	13.840000
100	31622.777344	0.009560	6.860000

check_k=2
1	1.100668	0.236370	2.000000
2	1.121657	0.026820	1.000000
5	1.151587	0.012960	1.000000
10	1.182908	0.013200	1.200000
20	1.231393	0.013560	1.150000
50	31622.777344	0.013930	18.500000
100	31622.777344	0.014030	12.850000

check_k=4
1	1.085075	0.336010	3.000000
2	1.105796	0.047680	1.500000
5	1.120388	0.044150	1.400000
10	1.146028	0.032690	1.700000
20	1.174205	0.022660	1.550000
50	1.332173	0.024350	23.379999
100	31622.777344	0.025020	18.250000

check_k=8
1	1.073582	0.401960	3.000000
2	1.081274	0.089040	2.000000
5	1.099572	0.082360	2.200000
10	1.117115	0.077700	2.500000
20	1.136327	0.072550	2.250000
50	1.256886	0.065620	26.540001
100	1.327590	0.073260	23.420000

check_k=16
1	1.065018	0.915340	5.000000
2	1.073080	0.159040	3.000000
5	1.083731	0.146730	3.400000
10	1.093450	0.140220	3.500000
20	1.109300	0.135270	3.150000
50	1.230498	0.141440	29.040001
100	1.246318	0.141950	26.750000

check_k=32
1	1.055462	1.525760	6.000000
2	1.063658	0.301800	5.000000
5	1.072743	0.286020	6.000000
10	1.080414	0.273160	5.400000
20	1.091552	0.266010	4.750000
50	1.205745	0.265540	30.920000
100	1.248504	0.266430	29.360001

check_k=64
1	1.049563	2.367230	9.000000
2	1.052106	0.536770	8.500000
5	1.060082	0.501830	8.800000
10	1.063737	0.490190	8.400000
20	1.073033	0.475930	7.400000
50	1.207364	0.472970	32.820000
100	1.240433	0.474700	31.930000

check_k=128
1	1.038178	3.549760	14.000000
2	1.043911	1.008070	12.000000
5	1.047760	0.915110	11.600000
10	1.051907	0.891400	11.400000
20	1.057831	0.884240	10.450000
50	1.191616	0.886440	35.279999
100	1.248186	0.894750	33.730000

check_k=256
1	1.031880	5.433980	18.000000
2	1.033613	1.835130	15.500000
5	1.040287	1.757100	15.600000
10	1.040999	1.740240	15.700000
20	1.047691	1.736830	14.150000
50	1.178207	1.747770	37.119999
100	1.239774	1.752780	35.259998

check_k=512
1	1.027753	5.850450	21.000000
2	1.026526	3.538360	19.500000
5	1.031530	3.510410	20.400000
10	1.034001	3.484290	20.200001
20	1.036282	3.484660	18.900000
50	1.178339	3.482400	39.020000
100	1.226665	3.513380	37.459999

lcsb  r=0.660000, L=64
Indexing Time: 233.181381 Seconds

Estimated Memory Usage: 1900539904 Bytes

check_k=1
1	1.096766	0.430030	2.000000
2	1.119975	0.048910	2.500000
5	1.149947	0.041990	1.400000
10	1.184977	0.025900	1.400000
20	1.263060	0.014400	1.350000
50	31622.777344	0.014320	14.660000
100	31622.777344	0.014280	8.390000

check_k=2
1	1.086404	0.188290	5.000000
2	1.108344	0.043400	4.000000
5	1.123561	0.036700	2.400000
10	1.144576	0.027050	2.000000
20	1.174924	0.022060	2.000000
50	1.386030	0.021890	23.000000
100	31622.777344	0.022390	14.970000

check_k=4
1	1.074605	0.295180	6.000000
2	1.086767	0.060380	5.500000
5	1.103524	0.056570	3.200000
10	1.121959	0.053450	2.900000
20	1.137570	0.047700	3.000000
50	1.233186	0.043270	29.459999
100	1.475386	0.043670	24.900000

check_k=8
1	1.062061	0.857030	8.000000
2	1.070042	0.143750	7.000000
5	1.082702	0.133030	4.400000
10	1.095740	0.125690	4.000000
20	1.109093	0.119270	4.200000
50	1.216301	0.117690	31.799999
100	1.282278	0.117330	30.889999

check_k=16
1	1.050167	1.593390	11.000000
2	1.058972	0.274910	9.000000
5	1.070188	0.254030	6.400000
10	1.080167	0.244630	6.000000
20	1.089623	0.239690	6.250000
50	1.200210	0.238830	33.639999
100	1.252420	0.239310	34.150002

check_k=32
1	1.038763	2.274990	15.000000
2	1.043651	0.525720	13.000000
5	1.052429	0.489550	9.800000
10	1.062162	0.465520	9.500000
20	1.071708	0.454160	9.550000
50	1.191339	0.450870	35.759998
100	1.233527	0.453610	35.919998

check_k=64
1	1.031584	3.063210	20.000000
2	1.036729	0.881280	19.000000
5	1.043776	0.840990	15.200000
10	1.048225	0.858250	14.500000
20	1.056537	0.850030	13.650000
50	1.183907	0.849350	38.099998
100	1.246248	0.853690	37.820000

check_k=128
1	1.023265	4.232680	25.000000
2	1.028367	1.757430	23.500000
5	1.033591	1.685430	21.400000
10	1.038550	1.678990	20.100000
20	1.045492	1.670530	18.799999
50	1.169809	1.674250	40.439999
100	1.237633	1.690030	39.980000

check_k=256
1	1.018628	6.066280	31.000000
2	1.021815	3.404040	28.500000
5	1.026646	3.384180	27.400000
10	1.029768	3.373820	25.400000
20	1.034608	3.395630	24.000000
50	1.170676	3.378040	42.480000
100	1.234172	3.390860	42.169998

check_k=512
1	1.010104	7.618990	43.000000
2	1.015593	6.909210	36.500000
5	1.020759	7.026530	37.000000
10	1.020705	7.001450	34.400002
20	1.024994	6.894650	32.400002
50	1.162722	6.961760	44.040001
100	1.219890	7.053250	44.419998

lcsb  r=0.660000, L=128
Indexing Time: 488.542389 Seconds

Estimated Memory Usage: 3698180096 Bytes

check_k=1
1	1.082741	0.409340	2.000000
2	1.091504	0.090940	2.000000
5	1.114471	0.086620	2.000000
10	1.138214	0.079900	1.800000
20	1.170212	0.071930	1.850000
50	1.397840	0.055830	18.760000
100	31622.777344	0.038530	11.040000

check_k=2
1	1.070876	0.295670	6.000000
2	1.072359	0.105650	4.500000
5	1.092814	0.100700	3.400000
10	1.110054	0.101670	3.100000
20	1.124741	0.098270	2.950000
50	1.229187	0.095180	27.120001
100	1.405147	0.097050	20.549999

check_k=4
1	1.053178	0.515580	9.000000
2	1.061147	0.186510	7.000000
5	1.073541	0.180140	5.600000
10	1.085987	0.177380	5.500000
20	1.100719	0.176250	4.950000
50	1.200430	0.177440	30.139999
100	1.253823	0.178060	27.420000

check_k=8
1	1.044842	0.960010	11.000000
2	1.051033	0.326090	9.000000
5	1.059101	0.310080	7.600000
10	1.067246	0.326040	7.300000
20	1.081314	0.319180	7.450000
50	1.196234	0.315330	32.119999
100	1.226512	0.319240	31.500000

check_k=16
1	1.038631	2.065450	15.000000
2	1.045004	0.588750	12.000000
5	1.048294	0.538480	11.000000
10	1.054128	0.556940	11.400000
20	1.063731	0.553810	11.000000
50	1.184796	0.538940	34.439999
100	1.233059	0.544940	33.360001

check_k=32
1	1.029949	2.915240	23.000000
2	1.033502	1.079470	18.500000
5	1.038587	1.049490	17.600000
10	1.043857	1.021930	17.100000
20	1.048420	1.053830	15.950000
50	1.180033	0.994970	36.480000
100	1.241751	1.014040	35.060001

check_k=64
1	1.021432	3.988000	33.000000
2	1.024226	1.884220	28.000000
5	1.030212	1.773920	25.000000
10	1.032847	1.767390	24.600000
20	1.037710	1.738680	22.850000
50	1.181003	1.769510	39.080002
100	1.226335	1.800520	36.320000

check_k=128
1	1.009816	5.130870	43.000000
2	1.017495	3.755240	35.500000
5	1.023978	4.142360	34.400002
10	1.024003	3.852160	33.000000
20	1.029327	3.854140	30.049999
50	1.165158	3.833340	40.900002
100	1.221839	3.875450	38.310001

check_k=256
1	1.000000	7.855100	55.000000
2	1.009855	6.962710	47.500000
5	1.014929	7.195220	45.400002
10	1.017164	7.777760	43.299999
20	1.019941	7.696830	40.000000
50	1.158978	7.744670	42.599998
100	1.224331	7.456210	40.700001

check_k=512
1	1.000000	14.751269	68.000000
2	1.003690	15.347770	60.500000
5	1.008804	15.286381	58.599998
10	1.011089	14.488230	57.400002
20	1.012144	15.702620	53.400002
50	1.162965	14.921109	44.459999
100	1.216973	15.121770	42.389999

lcsb  r=0.660000, L=256
Indexing Time: 1009.491089 Seconds

Estimated Memory Usage: 7293325312 Bytes

check_k=1
1	1.063954	0.858180	5.000000
2	1.069185	0.194150	5.000000
5	1.088348	0.182410	4.600000
10	1.101022	0.176350	4.600000
20	1.123018	0.167970	4.150000
50	1.232263	0.166350	27.639999
100	1.386949	0.164400	21.080000

check_k=2
1	1.054152	0.590400	12.000000
2	1.056976	0.239380	11.000000
5	1.067512	0.225710	8.600000
10	1.080430	0.218280	7.300000
20	1.093724	0.216580	6.650000
50	1.211418	0.215960	31.360001
100	1.258326	0.220890	28.230000

check_k=4
1	1.036577	1.073930	16.000000
2	1.045876	0.384800	16.000000
5	1.056360	0.370640	12.800000
10	1.062588	0.358590	11.200000
20	1.073136	0.360560	9.800000
50	1.197280	0.361350	33.639999
100	1.236509	0.362880	31.860001

check_k=8
1	1.031419	1.772010	22.000000
2	1.033737	0.632280	20.500000
5	1.043649	0.633950	17.600000
10	1.048798	0.630990	16.600000
20	1.055684	0.608180	14.600000
50	1.186501	0.604460	36.980000
100	1.250875	0.623680	33.889999

check_k=16
1	1.023951	2.924760	26.000000
2	1.027057	1.234760	25.500000
5	1.032976	1.147310	24.400000
10	1.037646	1.137920	23.100000
20	1.042735	1.090010	20.549999
50	1.181101	1.072300	39.060001
100	1.228933	1.050890	35.849998

check_k=32
1	1.009536	3.986030	38.000000
2	1.016092	2.034700	36.000000
5	1.022883	2.019940	34.200001
10	1.027134	2.022850	32.400002
20	1.032273	2.012490	29.350000
50	1.171736	2.176470	40.599998
100	1.223937	2.078780	37.950001

check_k=64
1	1.002877	5.196860	47.000000
2	1.012340	3.850870	46.000000
5	1.013811	4.005560	43.200001
10	1.018246	3.933560	41.200001
20	1.022313	4.063950	39.049999
50	1.164024	3.911710	42.279999
100	1.220510	3.850660	39.959999

check_k=128
1	1.000000	8.017750	58.000000
2	1.004009	7.739450	55.000000
5	1.010875	7.609591	53.799999
10	1.012988	7.526860	52.599998
20	1.015031	7.578390	50.450001
50	1.161977	7.663960	43.980000
100	1.209411	7.718660	41.750000

check_k=256
1	1.000000	15.006870	68.000000
2	1.000319	15.179829	66.000000
5	1.006014	15.346091	65.400002
10	1.006943	15.167429	64.900002
20	1.009803	15.074201	62.400002
50	1.163468	15.194220	45.820000
100	1.210774	15.154641	43.049999

check_k=512
1	1.000000	30.046700	79.000000
2	1.000000	30.181080	77.500000
5	1.002719	29.885239	76.800003
10	1.003040	29.806990	76.099998
20	1.005533	31.298471	73.599998
50	1.172871	32.294178	46.520000
100	1.204869	31.963579	44.330002

lcsb  r=0.660000, L=512
Indexing Time: 2100.034424 Seconds

Estimated Memory Usage: 14483607552 Bytes

check_k=1
1	1.044932	1.320050	14.000000
2	1.051292	0.354220	13.000000
5	1.064791	0.325150	10.000000
10	1.073601	0.310720	9.000000
20	1.088070	0.305960	7.900000
50	1.218182	0.295110	31.559999
100	1.264837	0.295400	28.450001

check_k=2
1	1.029015	1.099520	17.000000
2	1.039477	0.434570	17.000000
5	1.050516	0.418660	14.800000
10	1.058675	0.408970	13.200000
20	1.067656	0.405890	12.250000
50	1.198513	0.412290	34.240002
100	1.232829	0.408880	32.750000

check_k=4
1	1.023277	1.768850	24.000000
2	1.030345	0.684250	23.500000
5	1.038509	0.647130	21.200001
10	1.044518	0.636330	20.299999
20	1.052794	0.629100	18.299999
50	1.183427	0.786810	37.180000
100	1.251394	0.670320	34.910000

check_k=8
1	1.013582	2.821870	33.000000
2	1.020362	1.143220	30.000000
5	1.027659	1.088670	27.000000
10	1.034491	1.081700	27.500000
20	1.041018	1.070660	24.850000
50	1.181830	1.077350	39.560001
100	1.244403	1.079110	36.930000

check_k=16
1	1.004339	4.005300	43.000000
2	1.013698	1.950200	40.500000
5	1.018636	1.904610	35.400002
10	1.023268	1.892000	35.599998
20	1.029811	1.895440	32.799999
50	1.172636	1.908080	41.360001
100	1.224671	1.908300	38.720001

check_k=32
1	1.000000	4.962060	52.000000
2	1.008441	3.606550	51.500000
5	1.011585	3.560460	48.000000
10	1.015988	3.669870	46.200001
20	1.020903	3.561910	42.799999
50	1.163921	3.576820	43.119999
100	1.218020	3.606790	41.009998

check_k=64
1	1.000000	7.188650	65.000000
2	1.001897	6.814460	61.500000
5	1.008339	6.833580	57.200001
10	1.010499	6.979840	57.000000
20	1.012265	6.961540	54.250000
50	1.168414	6.854120	44.820000
100	1.220992	6.918310	42.540001

check_k=128
1	1.000000	13.354179	78.000000
2	1.000000	13.189151	70.500000
5	1.003472	13.231239	69.199997
10	1.005563	13.093559	69.199997
20	1.007251	13.322789	66.599998
50	1.174816	13.086120	45.820000
100	1.212918	12.932260	43.970001

check_k=256
1	1.000000	24.864841	92.000000
2	1.000000	24.949169	83.500000
5	1.000503	24.943409	81.599998
10	1.002559	24.895550	80.599998
20	1.003626	24.807489	78.500000
50	1.178159	24.912510	46.599998
100	1.202068	24.900520	45.299999

check_k=512
1	1.000000	47.988373	97.000000
2	1.000000	48.282471	91.500000
5	1.000000	48.291031	91.000000
10	1.000327	48.229530	89.599998
20	1.000896	48.091969	88.900002
50	1.183691	48.270161	47.200001
100	1.202031	48.191051	46.169998

