lcsb  r=0.660000, L=8
Indexing Time: 12.877270 Seconds

Estimated Memory Usage: 327725056 Bytes

check_k=1
1	1.229178	0.021590	0.000000
2	1.263623	0.007980	0.000000
5	1.317247	0.004840	0.000000
10	1.419046	0.004810	0.000000
20	31622.777344	0.004710	0.000000
50	31622.777344	0.004690	2.000000
100	31622.777344	0.004690	1.280000

check_k=2
1	1.197379	0.009250	0.000000
2	1.232449	0.006280	0.000000
5	1.276510	0.006380	0.000000
10	1.316890	0.006620	0.000000
20	1.409578	0.007060	0.000000
50	31622.777344	0.007060	4.000000
100	31622.777344	0.007040	2.580000

check_k=4
1	1.165298	0.015990	0.000000
2	1.193621	0.010870	0.000000
5	1.225876	0.010370	0.000000
10	1.262389	0.010620	0.000000
20	1.304885	0.011270	0.050000
50	1.538821	0.012190	8.240000
100	31622.777344	0.012440	5.220000

check_k=8
1	1.139766	0.030210	0.000000
2	1.165310	0.024780	0.000000
5	1.190823	0.023110	0.000000
10	1.220885	0.022520	0.100000
20	1.242995	0.022640	0.200000
50	1.351409	0.024420	14.260000
100	1.569763	0.025500	10.320000

check_k=16
1	1.127961	0.070380	0.000000
2	1.133726	0.072200	0.000000
5	1.160776	0.070510	0.200000
10	1.180374	0.071210	0.300000
20	1.203290	0.072520	0.400000
50	1.290758	0.075830	20.719999
100	1.369143	0.079430	16.010000

check_k=32
1	1.105077	0.172690	0.000000
2	1.115640	0.181000	0.000000
5	1.134055	0.177030	1.000000
10	1.151544	0.177630	0.900000
20	1.168930	0.174990	0.700000
50	1.250699	0.165800	24.340000
100	1.296720	0.162340	20.389999

check_k=64
1	1.094574	0.316690	0.000000
2	1.102810	0.333800	0.000000
5	1.111848	0.352460	1.800000
10	1.125743	0.364450	1.400000
20	1.140021	0.367870	1.100000
50	1.220320	0.371910	27.080000
100	1.298374	0.378340	25.209999

check_k=128
1	1.077725	0.708700	1.000000
2	1.087448	0.672050	1.000000
5	1.098869	0.673930	2.800000
10	1.104814	0.676920	2.100000
20	1.115997	0.676250	1.700000
50	1.201375	0.677970	28.100000
100	1.252550	0.684440	28.670000

check_k=256
1	1.067953	1.447570	2.000000
2	1.075300	1.373860	2.000000
5	1.082967	1.345880	3.800000
10	1.090389	1.322250	3.400000
20	1.098010	1.305720	3.050000
50	1.188353	1.357880	30.240000
100	1.237179	1.362370	30.930000

check_k=512
1	1.057312	2.529520	5.000000
2	1.061556	2.544130	5.500000
5	1.069031	2.594290	6.200000
10	1.075545	2.530290	5.600000
20	1.081899	2.517940	5.550000
50	1.176784	2.273190	32.660000
100	1.221411	2.199420	32.619999

lcsb  r=0.660000, L=16
Indexing Time: 32.473469 Seconds

Estimated Memory Usage: 552415232 Bytes

check_k=1
1	1.184491	0.031340	0.000000
2	1.201493	0.023120	0.000000
5	1.235290	0.012800	0.000000
10	1.291864	0.008770	0.000000
20	1.391153	0.008760	0.050000
50	31622.777344	0.008730	5.440000
100	31622.777344	0.008680	3.910000

check_k=2
1	1.163694	0.017700	0.000000
2	1.178850	0.012010	0.000000
5	1.204508	0.011830	0.000000
10	1.237244	0.012100	0.000000
20	1.278767	0.012640	0.050000
50	1.482347	0.013210	10.520000
100	31622.777344	0.013270	7.250000

check_k=4
1	1.145673	0.029800	0.000000
2	1.164379	0.022830	0.500000
5	1.169970	0.021630	0.200000
10	1.190860	0.021550	0.100000
20	1.223847	0.022120	0.100000
50	1.343485	0.023450	16.379999
100	1.537863	0.024300	13.900000

check_k=8
1	1.130861	0.059860	1.000000
2	1.129538	0.053090	1.000000
5	1.154451	0.053600	0.400000
10	1.164567	0.050760	0.300000
20	1.182478	0.051040	0.300000
50	1.272226	0.052930	20.540001
100	1.355211	0.054870	19.940001

check_k=16
1	1.111059	0.114660	1.000000
2	1.114204	0.111500	1.000000
5	1.125942	0.110160	0.400000
10	1.139778	0.108710	0.500000
20	1.150290	0.108660	0.500000
50	1.241618	0.111500	24.860001
100	1.316973	0.115460	23.250000

check_k=32
1	1.091488	0.230830	1.000000
2	1.096095	0.219620	1.500000
5	1.104739	0.215820	1.400000
10	1.116639	0.215180	1.400000
20	1.128408	0.214870	1.250000
50	1.219693	0.216520	26.860001
100	1.285690	0.221730	26.520000

check_k=64
1	1.074491	0.432360	1.000000
2	1.079626	0.411120	2.500000
5	1.087095	0.402990	2.000000
10	1.097918	0.398700	2.400000
20	1.107344	0.395930	2.250000
50	1.214876	0.403560	30.180000
100	1.249516	0.406100	29.290001

check_k=128
1	1.069076	0.779460	3.000000
2	1.066583	0.766400	5.000000
5	1.074448	0.759890	3.800000
10	1.080387	0.754860	3.800000
20	1.089378	0.761600	3.850000
50	1.200050	0.947160	31.900000
100	1.240703	0.834100	31.020000

check_k=256
1	1.057172	1.574910	8.000000
2	1.058645	1.584630	8.500000
5	1.063275	1.573980	6.000000
10	1.067833	1.563460	6.100000
20	1.073730	1.454330	5.800000
50	1.184141	1.470980	33.040001
100	1.227771	1.468280	32.900002

check_k=512
1	1.044763	2.975020	11.000000
2	1.049271	2.853560	12.000000
5	1.052497	2.868440	9.000000
10	1.054301	2.882100	8.800000
20	1.062106	2.827380	8.450000
50	1.186174	2.964420	34.220001
100	1.218824	2.837620	34.340000

lcsb  r=0.660000, L=32
Indexing Time: 94.623924 Seconds

Estimated Memory Usage: 1001787392 Bytes

check_k=1
1	1.124308	0.033910	2.000000
2	1.148665	0.028490	1.000000
5	1.182665	0.016290	0.800000
10	1.238472	0.009780	0.700000
20	1.346538	0.009590	0.500000
50	31622.777344	0.009620	13.840000
100	31622.777344	0.009590	6.860000

check_k=2
1	1.100668	0.020300	2.000000
2	1.121657	0.013230	1.000000
5	1.151587	0.013090	1.000000
10	1.182908	0.013160	1.200000
20	1.231393	0.013630	1.150000
50	31622.777344	0.014130	18.500000
100	31622.777344	0.014070	12.850000

check_k=4
1	1.085075	0.034250	3.000000
2	1.105796	0.028140	1.500000
5	1.120388	0.026510	1.400000
10	1.146028	0.026130	1.700000
20	1.174205	0.026770	1.550000
50	1.332173	0.028050	23.379999
100	31622.777344	0.028680	18.250000

check_k=8
1	1.073582	0.072140	3.000000
2	1.081274	0.064650	2.000000
5	1.099572	0.056220	2.200000
10	1.117115	0.060690	2.500000
20	1.136327	0.063840	2.250000
50	1.256886	0.065910	26.540001
100	1.327590	0.065260	23.420000

check_k=16
1	1.065018	0.142750	5.000000
2	1.073080	0.124600	3.000000
5	1.083731	0.125190	3.400000
10	1.093450	0.125510	3.500000
20	1.109300	0.123200	3.150000
50	1.230498	0.127180	29.040001
100	1.246318	0.130880	26.750000

check_k=32
1	1.055462	0.255540	6.000000
2	1.063658	0.252070	5.000000
5	1.072743	0.249930	6.000000
10	1.080414	0.251970	5.400000
20	1.091552	0.247950	4.750000
50	1.205745	0.249930	30.920000
100	1.248504	0.255120	29.360001

check_k=64
1	1.049563	0.494110	9.000000
2	1.052106	0.483260	8.500000
5	1.060082	0.475860	8.800000
10	1.063737	0.475150	8.400000
20	1.073033	0.466490	7.400000
50	1.207364	0.466210	32.820000
100	1.240433	0.473470	31.930000

check_k=128
1	1.038178	1.077350	14.000000
2	1.043911	0.908160	12.000000
5	1.047760	0.924430	11.600000
10	1.051907	0.914270	11.400000
20	1.057831	0.918130	10.450000
50	1.191616	0.917520	35.279999
100	1.248186	0.923100	33.730000

check_k=256
1	1.031880	1.826630	18.000000
2	1.033613	1.818280	15.500000
5	1.040287	1.797290	15.600000
10	1.040999	1.809620	15.700000
20	1.047691	1.851790	14.150000
50	1.178207	1.835760	37.119999
100	1.239774	1.841720	35.259998

check_k=512
1	1.027753	3.615770	21.000000
2	1.026526	3.793980	19.500000
5	1.031530	3.649580	20.400000
10	1.034001	3.623680	20.200001
20	1.036282	3.642120	18.900000
50	1.178339	3.712830	39.020000
100	1.226665	3.665770	37.459999

lcsb  r=0.660000, L=64
Indexing Time: 222.437653 Seconds

Estimated Memory Usage: 1900539904 Bytes

check_k=1
1	1.096766	0.051080	2.000000
2	1.119975	0.043440	2.500000
5	1.149947	0.026400	1.400000
10	1.184977	0.014620	1.400000
20	1.263060	0.014470	1.350000
50	31622.777344	0.014440	13.080000
100	31622.777344	0.014650	6.650000

check_k=2
1	1.086404	0.029830	5.000000
2	1.108344	0.021300	4.000000
5	1.123561	0.020610	2.400000
10	1.144576	0.020840	2.000000
20	1.174924	0.021440	2.000000
50	1.386030	0.022420	21.000000
100	31622.777344	0.022260	11.860000

check_k=4
1	1.074605	0.056220	6.000000
2	1.086767	0.052760	5.500000
5	1.103524	0.046490	3.200000
10	1.121959	0.044640	2.900000
20	1.137570	0.044090	3.000000
50	1.233186	0.045180	27.459999
100	1.475386	0.046180	20.900000

check_k=8
1	1.062061	0.120850	8.000000
2	1.070042	0.104010	7.000000
5	1.082702	0.100300	4.400000
10	1.095740	0.102430	4.000000
20	1.109093	0.103560	4.200000
50	1.216301	0.105880	29.799999
100	1.282278	0.109320	26.889999

check_k=16
1	1.050167	0.220180	11.000000
2	1.058972	0.218190	9.000000
5	1.070188	0.241170	6.400000
10	1.080167	0.296430	6.000000
20	1.089623	0.292760	6.250000
50	1.200210	0.289350	31.639999
100	1.252420	0.290180	30.150000

check_k=32
1	1.038763	0.523180	15.000000
2	1.043651	0.657530	13.000000
5	1.052429	0.505960	9.800000
10	1.062162	0.504120	9.500000
20	1.071708	0.507220	9.550000
50	1.191339	0.508520	33.759998
100	1.233527	0.508850	31.920000

check_k=64
1	1.031584	0.975110	20.000000
2	1.036729	0.983940	19.000000
5	1.043776	0.975130	15.200000
10	1.048225	0.981550	14.500000
20	1.056537	0.974570	13.650000
50	1.183907	0.985410	36.099998
100	1.246248	0.994820	33.820000

check_k=128
1	1.023265	1.934250	25.000000
2	1.028367	1.897270	23.500000
5	1.033591	1.920790	21.400000
10	1.038550	1.785380	20.100000
20	1.045492	1.780470	18.799999
50	1.169809	1.785830	38.439999
100	1.237633	1.788880	35.980000

check_k=256
1	1.018628	3.760080	31.000000
2	1.021815	3.574750	28.500000
5	1.026646	3.535360	27.400000
10	1.029768	3.565610	25.400000
20	1.034608	3.635860	24.000000
50	1.170676	3.619650	40.480000
100	1.234172	3.575190	38.169998

check_k=512
1	1.010104	7.391750	43.000000
2	1.015593	7.210061	36.500000
5	1.020759	7.264880	37.000000
10	1.020705	7.333790	34.400002
20	1.024994	7.317800	32.400002
50	1.162722	7.309030	42.040001
100	1.219890	7.230310	40.419998

lcsb  r=0.660000, L=128
Indexing Time: 473.446899 Seconds

Estimated Memory Usage: 3698180096 Bytes

check_k=1
1	1.082741	0.095320	2.000000
2	1.091504	0.091070	2.000000
5	1.114471	0.055530	2.000000
10	1.138214	0.041590	1.800000
20	1.170212	0.037010	1.850000
50	1.397840	0.036940	20.719999
100	31622.777344	0.036000	13.370000

check_k=2
1	1.070876	0.074820	6.000000
2	1.072359	0.069610	4.500000
5	1.092814	0.066010	3.400000
10	1.110054	0.064610	3.100000
20	1.124741	0.064380	2.950000
50	1.229187	0.065160	29.120001
100	1.405147	0.065830	24.139999

check_k=4
1	1.053178	0.140520	9.000000
2	1.061147	0.123490	7.000000
5	1.073541	0.124010	5.600000
10	1.085987	0.125350	5.500000
20	1.100719	0.126430	4.950000
50	1.200430	0.129720	32.139999
100	1.253823	0.134510	31.420000

check_k=8
1	1.044842	0.248160	11.000000
2	1.051033	0.244800	9.000000
5	1.059101	0.243180	7.600000
10	1.067246	0.242620	7.300000
20	1.081314	0.243230	7.450000
50	1.196234	0.246110	34.119999
100	1.226512	0.251770	35.500000

check_k=16
1	1.038631	0.471030	15.000000
2	1.045004	0.462380	12.000000
5	1.048294	0.456510	11.000000
10	1.054128	0.454100	11.400000
20	1.063731	0.452560	11.000000
50	1.184796	0.455020	36.439999
100	1.233059	0.460980	37.360001

check_k=32
1	1.029949	0.881700	23.000000
2	1.033502	1.009390	18.500000
5	1.038587	0.941930	17.600000
10	1.043857	0.889920	17.100000
20	1.048420	0.878830	15.950000
50	1.180033	0.885540	38.480000
100	1.241751	0.894920	39.060001

check_k=64
1	1.021432	1.741140	33.000000
2	1.024226	1.736900	28.000000
5	1.030212	1.723610	25.000000
10	1.032847	1.735410	24.600000
20	1.037710	1.881460	22.850000
50	1.181003	1.728950	41.080002
100	1.226335	1.739880	40.320000

check_k=128
1	1.009816	3.428260	43.000000
2	1.017495	3.409940	35.500000
5	1.023978	3.490450	34.400002
10	1.024003	3.434200	33.000000
20	1.029327	3.443460	30.049999
50	1.165158	3.451770	42.900002
100	1.221839	3.634420	42.310001

check_k=256
1	1.000000	6.820610	55.000000
2	1.009855	6.971119	47.500000
5	1.014929	6.812090	45.400002
10	1.017164	6.847670	43.299999
20	1.019941	6.800119	40.000000
50	1.158978	6.965140	44.599998
100	1.224331	6.980870	44.700001

check_k=512
1	1.000000	13.734790	68.000000
2	1.003690	13.853981	60.500000
5	1.008804	13.813190	58.599998
10	1.011089	13.734701	57.400002
20	1.012144	13.830360	53.400002
50	1.162965	13.837741	46.459999
100	1.216973	13.666379	46.389999

lcsb  r=0.660000, L=256
Indexing Time: 875.730774 Seconds

Estimated Memory Usage: 7293325312 Bytes

check_k=1
1	1.063954	0.354270	5.000000
2	1.069185	0.171110	5.000000
5	1.088348	0.150510	4.600000
10	1.101022	0.126040	4.600000
20	1.123018	0.126560	4.150000
50	1.232263	0.134210	27.639999
100	1.386949	0.140060	21.080000

check_k=2
1	1.054152	0.205470	12.000000
2	1.056976	0.201920	11.000000
5	1.067512	0.172710	8.600000
10	1.080430	0.174190	7.300000
20	1.093724	0.175810	6.650000
50	1.211418	0.179380	31.360001
100	1.258326	0.182550	28.230000

check_k=4
1	1.036577	0.299850	16.000000
2	1.045876	0.298040	16.000000
5	1.056360	0.295440	12.800000
10	1.062588	0.300770	11.200000
20	1.073136	0.296600	9.800000
50	1.197280	0.298980	33.639999
100	1.236509	0.302820	31.860001

check_k=8
1	1.031419	0.531110	22.000000
2	1.033737	0.525610	20.500000
5	1.043649	0.519600	17.600000
10	1.048798	0.516850	16.600000
20	1.055684	0.517920	14.600000
50	1.186501	0.518210	36.980000
100	1.250875	0.526850	33.889999

check_k=16
1	1.023951	0.957950	26.000000
2	1.027057	0.961900	25.500000
5	1.032976	1.090560	24.400000
10	1.037646	0.961620	23.100000
20	1.042735	0.957560	20.549999
50	1.181101	0.960250	39.060001
100	1.228933	0.970230	35.849998

check_k=32
1	1.009536	1.843220	38.000000
2	1.016092	1.846850	36.000000
5	1.022883	1.837020	34.200001
10	1.027134	1.834360	32.400002
20	1.032273	1.870540	29.350000
50	1.171736	1.840610	40.599998
100	1.223937	1.847860	37.950001

check_k=64
1	1.002877	3.580940	47.000000
2	1.012340	3.679200	46.000000
5	1.013811	3.602820	43.200001
10	1.018246	3.588910	41.200001
20	1.022313	3.721630	39.049999
50	1.164024	3.605700	42.279999
100	1.220510	3.609230	39.959999

check_k=128
1	1.000000	7.101280	58.000000
2	1.004009	6.969190	55.000000
5	1.010875	6.970180	53.799999
10	1.012988	6.997670	52.599998
20	1.015031	6.970580	50.450001
50	1.161977	7.070070	43.980000
100	1.209411	6.976210	41.750000

check_k=256
1	1.000000	13.981050	68.000000
2	1.000319	13.686759	66.000000
5	1.006014	13.687650	65.400002
10	1.006943	13.753810	64.900002
20	1.009803	13.823430	62.400002
50	1.163468	13.824771	45.820000
100	1.210774	13.736390	43.049999

check_k=512
1	1.000000	27.260550	79.000000
2	1.000000	27.223000	77.500000
5	1.002719	27.301079	76.800003
10	1.003040	27.223661	76.099998
20	1.005533	27.279091	73.599998
50	1.172871	27.225901	46.520000
100	1.204869	27.211969	44.330002

lcsb  r=0.660000, L=512
Indexing Time: 1840.801392 Seconds

Estimated Memory Usage: 14483607552 Bytes

check_k=1
1	1.044932	0.563520	14.000000
2	1.051292	0.352860	13.000000
5	1.064791	0.349280	10.000000
10	1.073601	0.337770	9.000000
20	1.088070	0.307710	7.900000
50	1.218182	0.299100	31.559999
100	1.264837	0.298060	28.450001

check_k=2
1	1.029015	0.414350	17.000000
2	1.039477	0.409140	17.000000
5	1.050516	0.404990	14.800000
10	1.058675	0.403980	13.200000
20	1.067656	0.402930	12.250000
50	1.198513	0.401460	34.240002
100	1.232829	0.404430	32.750000

check_k=4
1	1.023277	0.626670	24.000000
2	1.030345	0.623180	23.500000
5	1.038509	0.644100	21.200001
10	1.044518	0.615640	20.299999
20	1.052794	0.620100	18.299999
50	1.183427	0.619900	37.180000
100	1.251394	0.620320	34.910000

check_k=8
1	1.013582	1.058780	33.000000
2	1.020362	1.060870	30.000000
5	1.027659	1.061650	27.000000
10	1.034491	1.069290	27.500000
20	1.041018	1.061830	24.850000
50	1.181830	1.061170	39.560001
100	1.244403	1.100540	36.930000

check_k=16
1	1.004339	1.909060	43.000000
2	1.013698	1.907980	40.500000
5	1.018636	1.900180	35.400002
10	1.023268	1.895970	35.599998
20	1.029811	1.897730	32.799999
50	1.172636	1.981110	41.360001
100	1.224671	1.920860	38.720001

check_k=32
1	1.000000	3.585950	52.000000
2	1.008441	3.578760	51.500000
5	1.011585	3.675460	48.000000
10	1.015988	3.584640	46.200001
20	1.020903	3.614810	42.799999
50	1.163921	3.720000	43.119999
100	1.218020	3.610120	41.009998

check_k=64
1	1.000000	6.792580	65.000000
2	1.001897	6.854150	61.500000
5	1.008339	6.852301	57.200001
10	1.010499	6.747990	57.000000
20	1.012265	6.802490	54.250000
50	1.168414	6.829380	44.820000
100	1.220992	6.797740	42.540001

check_k=128
1	1.000000	13.007720	78.000000
2	1.000000	13.085759	70.500000
5	1.003472	13.123070	69.199997
10	1.005563	13.046300	69.199997
20	1.007251	13.013511	66.599998
50	1.174816	12.965529	45.820000
100	1.212918	13.004700	43.970001

check_k=256
1	1.000000	25.077620	92.000000
2	1.000000	25.292870	83.500000
5	1.000503	25.153898	81.599998
10	1.002559	25.107031	80.599998
20	1.003626	25.197220	78.500000
50	1.178159	25.322910	46.599998
100	1.202068	25.179131	45.299999

check_k=512
1	1.000000	48.796181	97.000000
2	1.000000	48.627472	91.500000
5	1.000000	48.885742	91.000000
10	1.000327	48.762169	89.599998
20	1.000896	49.035503	88.900002
50	1.183691	48.801163	47.200001
100	1.202031	49.036709	46.169998

