lcsb  r=0.660000, L=8
Indexing Time: 0.801827 Seconds

Estimated Memory Usage: 41046016 Bytes

check_k=1
1	1.001659	0.002020	0.000000
2	1.002337	0.001400	0.000000
5	1.003127	0.001490	0.200000
10	1.004945	0.001500	0.200000
20	31622.777344	0.001480	0.150000
50	31622.777344	0.001420	0.220000
100	31622.777344	0.001360	0.180000

check_k=2
1	1.001434	0.001830	0.000000
2	1.001739	0.001730	0.000000
5	1.002537	0.001840	0.400000
10	1.003018	0.001980	0.600000
20	31622.777344	0.001970	0.350000
50	31622.777344	0.001860	0.380000
100	31622.777344	0.001750	0.350000

check_k=4
1	1.001209	0.002400	1.000000
2	1.001519	0.002260	1.500000
5	1.002133	0.002430	1.000000
10	1.002604	0.002750	1.200000
20	1.003010	0.002880	0.700000
50	31622.777344	0.002850	0.620000
100	31622.777344	0.002760	0.570000

check_k=8
1	1.001203	0.003340	1.000000
2	1.001485	0.003090	1.500000
5	1.001916	0.003280	1.000000
10	1.002470	0.003530	1.300000
20	1.002748	0.003970	0.850000
50	31622.777344	0.004250	0.820000
100	31622.777344	0.004200	0.710000

check_k=16
1	1.001026	0.005440	2.000000
2	1.001267	0.005040	2.000000
5	1.001517	0.005290	1.800000
10	1.001852	0.005610	2.200000
20	1.002199	0.006140	1.450000
50	1.002769	0.007330	1.400000
100	31622.777344	0.007600	1.310000

check_k=32
1	1.000851	0.009100	5.000000
2	1.000968	0.008590	4.500000
5	1.001253	0.008890	3.400000
10	1.001483	0.009330	3.300000
20	1.001766	0.010200	2.500000
50	1.002215	0.011890	2.580000
100	1.002529	0.013760	2.350000

check_k=64
1	1.000643	0.021170	9.000000
2	1.000658	0.020160	7.000000
5	1.000867	0.020470	5.600000
10	1.001098	0.020950	5.800000
20	1.001336	0.022120	4.400000
50	1.001683	0.024950	4.440000
100	1.001987	0.028600	4.080000

check_k=128
1	1.000341	0.053690	15.000000
2	1.000486	0.052490	12.000000
5	1.000678	0.053190	11.200000
10	1.000823	0.053730	11.100000
20	1.000979	0.055060	9.350000
50	1.001221	0.059050	8.620000
100	1.001449	0.065320	7.920000

check_k=256
1	1.000209	0.104270	29.000000
2	1.000289	0.101320	23.000000
5	1.000412	0.101830	20.799999
10	1.000551	0.102630	19.400000
20	1.000686	0.104340	17.700001
50	1.000896	0.108690	16.180000
100	1.001138	0.117930	14.530000

check_k=512
1	1.000088	0.188410	46.000000
2	1.000149	0.184480	39.500000
5	1.000260	0.184410	33.599998
10	1.000376	0.185240	31.900000
20	1.000438	0.186850	28.900000
50	1.000644	0.192190	25.559999
100	1.000839	0.203050	22.930000

lcsb  r=0.660000, L=16
Indexing Time: 2.404914 Seconds

Estimated Memory Usage: 69103616 Bytes

check_k=1
1	1.001200	0.003790	0.000000
2	1.001484	0.002830	0.500000
5	1.002031	0.003170	0.400000
10	1.002657	0.003160	0.500000
20	1.003323	0.003240	0.450000
50	31622.777344	0.003170	0.480000
100	31622.777344	0.003040	0.460000

check_k=2
1	1.001154	0.003260	1.000000
2	1.001388	0.003190	1.500000
5	1.001852	0.003380	0.800000
10	1.002400	0.003660	0.800000
20	1.002839	0.003930	0.600000
50	31622.777344	0.003880	0.680000
100	31622.777344	0.003910	0.650000

check_k=4
1	1.001072	0.004060	1.000000
2	1.001326	0.003900	1.500000
5	1.001724	0.004120	0.800000
10	1.002135	0.004470	0.900000
20	1.002628	0.004920	0.750000
50	31622.777344	0.005120	0.820000
100	31622.777344	0.005050	0.850000

check_k=8
1	1.000875	0.006000	1.000000
2	1.001078	0.005760	2.000000
5	1.001419	0.006000	1.200000
10	1.001742	0.006350	1.500000
20	1.002213	0.007010	1.300000
50	1.002589	0.008120	1.420000
100	31622.777344	0.008360	1.330000

check_k=16
1	1.000632	0.012020	4.000000
2	1.000829	0.011410	5.000000
5	1.001059	0.011750	3.600000
10	1.001320	0.012260	3.600000
20	1.001577	0.013070	2.850000
50	1.002077	0.015380	2.840000
100	1.002354	0.017840	2.740000

check_k=32
1	1.000458	0.025600	7.000000
2	1.000600	0.024510	7.500000
5	1.000893	0.024500	6.800000
10	1.001040	0.024750	6.300000
20	1.001229	0.025970	5.650000
50	1.001591	0.029110	4.960000
100	1.001976	0.033420	4.720000

check_k=64
1	1.000301	0.053580	14.000000
2	1.000390	0.050780	16.500000
5	1.000552	0.048980	15.200000
10	1.000753	0.049340	13.700000
20	1.000913	0.053090	11.800000
50	1.001174	0.055310	10.260000
100	1.001420	0.059930	9.280000

check_k=128
1	1.000219	0.099800	24.000000
2	1.000245	0.094480	25.000000
5	1.000390	0.097230	23.400000
10	1.000480	0.096240	22.000000
20	1.000614	0.094560	19.549999
50	1.000838	0.099920	16.900000
100	1.001042	0.102800	15.430000

check_k=256
1	1.000098	0.164510	34.000000
2	1.000139	0.165800	35.500000
5	1.000260	0.165720	33.599998
10	1.000333	0.166260	32.700001
20	1.000405	0.169080	29.400000
50	1.000619	0.162770	25.980000
100	1.000739	0.173280	23.889999

check_k=512
1	1.000040	0.262120	46.000000
2	1.000111	0.254610	43.000000
5	1.000160	0.255820	41.200001
10	1.000225	0.256120	40.799999
20	1.000306	0.257700	38.150002
50	1.000429	0.278100	34.660000
100	1.000547	0.282390	32.610001

lcsb  r=0.660000, L=32
Indexing Time: 9.572823 Seconds

Estimated Memory Usage: 125218816 Bytes

check_k=1
1	1.001055	0.021690	2.000000
2	1.001368	0.005270	2.000000
5	1.001773	0.005480	2.000000
10	1.002246	0.005560	1.700000
20	1.002749	0.005800	1.350000
50	31622.777344	0.005840	1.180000
100	31622.777344	0.005780	0.880000

check_k=2
1	1.000923	0.013300	3.000000
2	1.001165	0.006450	2.500000
5	1.001595	0.006400	2.200000
10	1.002128	0.006700	1.900000
20	1.002465	0.007150	1.650000
50	1.003275	0.007460	1.380000
100	31622.777344	0.007390	1.050000

check_k=4
1	1.000794	0.022750	3.000000
2	1.000987	0.008630	3.500000
5	1.001373	0.008810	3.400000
10	1.001749	0.009310	3.200000
20	1.002138	0.009870	2.500000
50	1.002611	0.010870	2.100000
100	31622.777344	0.011240	1.690000

check_k=8
1	1.000598	0.036810	8.000000
2	1.000838	0.014190	7.000000
5	1.001122	0.014330	6.200000
10	1.001404	0.014790	5.200000
20	1.001635	0.015540	4.150000
50	1.002163	0.017450	3.480000
100	1.002467	0.019190	2.850000

check_k=16
1	1.000535	0.051820	10.000000
2	1.000582	0.025760	10.000000
5	1.000814	0.026000	9.000000
10	1.001055	0.026480	7.400000
20	1.001358	0.027450	6.400000
50	1.001748	0.030330	5.340000
100	1.002063	0.033650	4.460000

check_k=32
1	1.000434	0.092710	12.000000
2	1.000483	0.046830	11.500000
5	1.000707	0.047210	11.600000
10	1.000839	0.047580	10.400000
20	1.001050	0.049000	9.200000
50	1.001355	0.052110	7.960000
100	1.001652	0.057720	6.850000

check_k=64
1	1.000284	0.151540	15.000000
2	1.000307	0.085770	15.000000
5	1.000468	0.086460	16.000000
10	1.000603	0.087080	15.500000
20	1.000765	0.088610	14.550000
50	1.000981	0.092120	12.680000
100	1.001234	0.100070	10.940000

check_k=128
1	1.000203	0.257200	21.000000
2	1.000245	0.163560	21.500000
5	1.000368	0.162520	21.400000
10	1.000462	0.162310	20.900000
20	1.000543	0.163200	20.450001
50	1.000746	0.167960	18.940001
100	1.000960	0.176810	16.830000

check_k=256
1	1.000100	0.384150	33.000000
2	1.000146	0.303500	34.000000
5	1.000215	0.303000	33.400002
10	1.000295	0.304810	32.500000
20	1.000368	0.305210	30.850000
50	1.000476	0.311360	29.080000
100	1.000600	0.321640	26.940001

check_k=512
1	1.000005	0.694130	49.000000
2	1.000079	0.544210	47.000000
5	1.000136	0.543720	47.799999
10	1.000184	0.545420	46.099998
20	1.000229	0.548030	44.549999
50	1.000303	0.553070	41.540001
100	1.000383	0.566420	39.459999

lcsb  r=0.660000, L=64
Indexing Time: 37.211147 Seconds

Estimated Memory Usage: 237584384 Bytes

check_k=1
1	1.000839	0.031450	3.000000
2	1.001055	0.018160	3.000000
5	1.001449	0.018970	2.400000
10	1.001778	0.019060	1.900000
20	1.002220	0.019800	1.400000
50	1.002649	0.020450	1.580000
100	31622.777344	0.020530	1.180000

check_k=2
1	1.000786	0.027030	3.000000
2	1.000913	0.022070	3.000000
5	1.001325	0.022130	2.800000
10	1.001568	0.022360	2.300000
20	1.001957	0.024100	1.750000
50	1.002425	0.024700	1.880000
100	1.003265	0.025960	1.540000

check_k=4
1	1.000659	0.037340	6.000000
2	1.000787	0.028590	5.000000
5	1.001100	0.029080	4.800000
10	1.001334	0.029740	3.900000
20	1.001609	0.030740	3.100000
50	1.002044	0.032690	3.060000
100	1.002287	0.034240	2.550000

check_k=8
1	1.000525	0.052190	8.000000
2	1.000634	0.041050	7.500000
5	1.000916	0.041170	7.200000
10	1.001110	0.041550	6.200000
20	1.001320	0.042450	5.300000
50	1.001669	0.046430	5.100000
100	1.001900	0.049290	4.430000

check_k=16
1	1.000420	0.079060	10.000000
2	1.000487	0.061440	11.000000
5	1.000690	0.061290	11.200000
10	1.000865	0.061700	10.000000
20	1.001111	0.062770	8.950000
50	1.001350	0.067440	8.140000
100	1.001571	0.073550	7.140000

check_k=32
1	1.000320	0.124120	14.000000
2	1.000398	0.098300	16.000000
5	1.000552	0.099070	16.600000
10	1.000642	0.100120	15.800000
20	1.000827	0.101470	14.350000
50	1.001084	0.154710	12.340000
100	1.001259	0.112920	11.320000

check_k=64
1	1.000168	0.205140	28.000000
2	1.000231	0.167030	25.000000
5	1.000361	0.166680	24.799999
10	1.000480	0.168110	23.900000
20	1.000585	0.170080	22.100000
50	1.000825	0.174440	18.840000
100	1.000938	0.183500	17.330000

check_k=128
1	1.000044	0.356620	45.000000
2	1.000122	0.294170	38.500000
5	1.000223	0.295990	36.000000
10	1.000296	0.295040	35.500000
20	1.000370	0.297520	32.849998
50	1.000555	0.305280	28.540001
100	1.000664	0.317550	25.920000

check_k=256
1	1.000000	0.610130	60.000000
2	1.000064	0.553650	54.000000
5	1.000142	0.624470	49.200001
10	1.000183	0.554640	48.200001
20	1.000236	0.555940	44.849998
50	1.000359	0.561260	41.240002
100	1.000417	0.574540	38.369999

check_k=512
1	1.000000	1.030360	71.000000
2	1.000000	1.001250	68.000000
5	1.000076	1.070100	63.000000
10	1.000088	0.998920	62.400002
20	1.000118	1.029820	59.549999
50	1.000193	1.009950	55.959999
100	1.000254	1.012550	52.630001

lcsb  r=0.660000, L=128
Indexing Time: 137.954636 Seconds

Estimated Memory Usage: 462311424 Bytes

check_k=1
1	1.000684	0.066870	2.000000
2	1.000894	0.044220	2.000000
5	1.001205	0.045230	2.600000
10	1.001435	0.044760	3.000000
20	1.001754	0.046610	2.900000
50	1.002184	0.049230	2.980000
100	1.002552	0.048100	2.560000

check_k=2
1	1.000660	0.060750	3.000000
2	1.000781	0.050710	3.500000
5	1.000959	0.050410	4.400000
10	1.001207	0.052380	4.800000
20	1.001438	0.053360	4.450000
50	1.001786	0.055130	4.440000
100	1.002206	0.057770	3.850000

check_k=4
1	1.000492	0.074370	7.000000
2	1.000640	0.061700	7.000000
5	1.000785	0.061030	7.400000
10	1.000978	0.061900	7.400000
20	1.001164	0.062630	6.950000
50	1.001593	0.066570	6.440000
100	1.001817	0.072960	5.590000

check_k=8
1	1.000323	0.111190	17.000000
2	1.000423	0.088490	16.500000
5	1.000611	0.089280	14.000000
10	1.000747	0.084760	12.500000
20	1.000909	0.083240	11.800000
50	1.001227	0.086730	10.200000
100	1.001467	0.092660	8.920000

check_k=16
1	1.000247	0.146950	23.000000
2	1.000301	0.117150	23.500000
5	1.000476	0.118160	22.600000
10	1.000538	0.118350	19.799999
20	1.000692	0.118790	17.950001
50	1.000934	0.122760	16.080000
100	1.001137	0.131950	14.090000

check_k=32
1	1.000160	0.224400	34.000000
2	1.000204	0.182720	33.000000
5	1.000290	0.183750	29.400000
10	1.000362	0.184140	29.700001
20	1.000457	0.203670	27.049999
50	1.000669	0.192750	24.340000
100	1.000863	0.198950	21.700001

check_k=64
1	1.000052	0.354810	46.000000
2	1.000102	0.306020	42.500000
5	1.000193	0.300950	40.200001
10	1.000229	0.305670	40.900002
20	1.000305	0.306580	39.700001
50	1.000436	0.309870	36.240002
100	1.000614	0.321970	32.910000

check_k=128
1	1.000000	0.580610	59.000000
2	1.000056	0.511740	58.500000
5	1.000090	0.510830	54.000000
10	1.000146	0.507410	54.700001
20	1.000157	0.509850	53.700001
50	1.000264	0.520510	50.259998
100	1.000362	0.532390	46.919998

check_k=256
1	1.000000	0.933360	74.000000
2	1.000000	0.940580	72.000000
5	1.000047	0.910100	67.400002
10	1.000055	0.923140	67.599998
20	1.000075	0.880870	67.650002
50	1.000144	0.908270	64.680000
100	1.000204	0.949250	60.970001

check_k=512
1	1.000000	1.654490	86.000000
2	1.000000	1.542370	86.500000
5	1.000000	1.511650	82.000000
10	1.000022	1.577200	81.900002
20	1.000023	1.576050	80.800003
50	1.000053	1.530360	78.180000
100	1.000088	1.493930	74.529999

lcsb  r=0.660000, L=256
Indexing Time: 409.843445 Seconds

Estimated Memory Usage: 911765504 Bytes

check_k=1
1	1.000439	0.173960	15.000000
2	1.000615	0.083920	12.000000
5	1.000877	0.083940	7.600000
10	1.001033	0.084450	7.400000
20	1.001322	0.085450	6.400000
50	1.001633	0.088390	5.380000
100	1.001943	0.091720	4.520000

check_k=2
1	1.000383	0.118230	17.000000
2	1.000484	0.095070	14.500000
5	1.000688	0.095250	9.800000
10	1.000863	0.095840	9.800000
20	1.001092	0.097060	8.700000
50	1.001399	0.100460	7.080000
100	1.001630	0.105460	6.260000

check_k=4
1	1.000308	0.152310	20.000000
2	1.000414	0.114950	17.000000
5	1.000551	0.115250	13.600000
10	1.000702	0.115780	13.900000
20	1.000860	0.117140	12.700000
50	1.001158	0.121020	10.680000
100	1.001389	0.128070	9.470000

check_k=8
1	1.000233	0.200810	30.000000
2	1.000284	0.150960	25.000000
5	1.000401	0.152170	19.600000
10	1.000541	0.153610	19.299999
20	1.000652	0.155310	18.200001
50	1.000916	0.159510	15.740000
100	1.001112	0.167750	14.020000

check_k=16
1	1.000131	0.290530	35.000000
2	1.000209	0.216110	32.000000
5	1.000263	0.216780	29.200001
10	1.000341	0.216410	28.200001
20	1.000446	0.218690	26.150000
50	1.000620	0.223910	22.840000
100	1.000835	0.233730	20.650000

check_k=32
1	1.000046	0.446860	46.000000
2	1.000099	0.332280	42.000000
5	1.000161	0.331550	41.200001
10	1.000206	0.332150	40.200001
20	1.000270	0.333380	39.000000
50	1.000404	0.338810	34.279999
100	1.000564	0.349550	31.760000

check_k=64
1	1.000000	0.680080	62.000000
2	1.000037	0.536820	58.000000
5	1.000092	0.536110	57.400002
10	1.000112	0.536990	56.099998
20	1.000149	0.539390	54.000000
50	1.000240	0.544660	48.360001
100	1.000343	0.554850	45.160000

check_k=128
1	1.000000	1.020200	79.000000
2	1.000000	0.882070	74.000000
5	1.000020	0.883040	72.199997
10	1.000047	0.881930	71.300003
20	1.000065	0.885160	70.400002
50	1.000134	0.892220	64.580002
100	1.000186	0.905460	61.340000

check_k=256
1	1.000000	1.632970	90.000000
2	1.000000	1.506240	87.000000
5	1.000000	1.506030	85.599998
10	1.000000	1.510200	84.300003
20	1.000010	1.507860	83.250000
50	1.000033	1.518480	79.360001
100	1.000066	1.532050	76.010002

check_k=512
1	1.000000	2.893320	93.000000
2	1.000000	2.758130	91.500000
5	1.000000	2.767880	91.400002
10	1.000000	2.767470	91.800003
20	1.000000	2.764960	91.349998
50	1.000009	2.767460	89.320000
100	1.000027	2.789480	86.870003

lcsb  r=0.660000, L=512
Indexing Time: 1301.288940 Seconds

Estimated Memory Usage: 1810538496 Bytes

check_k=1
1	1.000341	0.319230	13.000000
2	1.000447	0.167020	12.000000
5	1.000620	0.166670	11.200000
10	1.000777	0.166500	11.200000
20	1.001015	0.167650	9.700000
50	1.001295	0.170820	7.920000
100	1.001557	0.176170	7.030000

check_k=2
1	1.000284	0.224470	16.000000
2	1.000321	0.184880	15.500000
5	1.000488	0.184800	16.400000
10	1.000625	0.185550	15.500000
20	1.000852	0.187000	13.700000
50	1.001076	0.190660	11.360000
100	1.001303	0.197740	10.240000

check_k=4
1	1.000163	0.278790	27.000000
2	1.000242	0.220230	26.000000
5	1.000377	0.220170	23.799999
10	1.000484	0.220940	22.900000
20	1.000653	0.222240	20.049999
50	1.000875	0.226490	16.559999
100	1.001064	0.234670	15.110000

check_k=8
1	1.000069	0.372700	41.000000
2	1.000140	0.288430	35.000000
5	1.000260	0.288650	32.599998
10	1.000330	0.288600	32.400002
20	1.000436	0.290110	29.600000
50	1.000629	0.294840	25.799999
100	1.000797	0.304620	23.610001

check_k=16
1	1.000014	0.529390	50.000000
2	1.000059	0.410780	47.000000
5	1.000145	0.410630	47.000000
10	1.000181	0.410460	44.900002
20	1.000274	0.411960	41.950001
50	1.000414	0.417840	36.939999
100	1.000530	0.428630	33.990002

check_k=32
1	1.000000	0.756520	67.000000
2	1.000004	0.614950	64.500000
5	1.000069	0.615500	60.400002
10	1.000093	0.615470	60.500000
20	1.000129	0.617080	57.000000
50	1.000217	0.623370	51.740002
100	1.000317	0.635230	48.340000

check_k=64
1	1.000000	1.145640	79.000000
2	1.000000	0.982390	77.500000
5	1.000021	0.989980	74.000000
10	1.000034	0.982250	73.699997
20	1.000055	0.984680	71.199997
50	1.000111	0.992000	66.559998
100	1.000168	1.003450	63.240002

check_k=128
1	1.000000	1.794240	87.000000
2	1.000000	1.628590	89.500000
5	1.000000	1.624920	85.800003
10	1.000000	1.629660	86.199997
20	1.000014	1.629240	84.250000
50	1.000051	1.632800	80.400002
100	1.000067	1.646690	77.980003

check_k=256
1	1.000000	3.039970	97.000000
2	1.000000	2.899430	97.500000
5	1.000000	2.905350	95.400002
10	1.000000	2.900710	95.199997
20	1.000000	2.899990	93.750000
50	1.000004	2.923480	91.699997
100	1.000014	2.922620	90.279999

check_k=512
1	1.000000	5.383541	99.000000
2	1.000000	5.503191	99.500000
5	1.000000	5.261070	98.199997
10	1.000000	5.257650	98.500000
20	1.000000	5.254630	98.099998
50	1.000000	5.256490	97.480003
100	1.000001	5.286630	96.540001

