lcsb  r=0.660000, L=8
Indexing Time: 0.695966 Seconds

Estimated Memory Usage: 41046016 Bytes

check_k=1
1	1.001659	0.001880	0.000000
2	1.002337	0.001190	0.000000
5	1.003127	0.001680	0.200000
10	1.004945	0.001510	0.200000
20	31622.777344	0.001550	0.150000
50	31622.777344	0.001410	0.220000
100	31622.777344	0.001360	0.180000

check_k=2
1	1.001434	0.001800	0.000000
2	1.001739	0.001690	0.000000
5	1.002537	0.001840	0.400000
10	1.003018	0.001970	0.600000
20	31622.777344	0.001960	0.350000
50	31622.777344	0.001860	0.380000
100	31622.777344	0.001760	0.350000

check_k=4
1	1.001209	0.002380	1.000000
2	1.001519	0.002250	1.500000
5	1.002133	0.002410	1.000000
10	1.002604	0.002650	1.200000
20	1.003010	0.002870	0.700000
50	31622.777344	0.002850	0.620000
100	31622.777344	0.002750	0.570000

check_k=8
1	1.001203	0.003310	1.000000
2	1.001485	0.003120	1.500000
5	1.001916	0.003240	1.000000
10	1.002470	0.003500	1.300000
20	1.002748	0.003900	0.850000
50	31622.777344	0.004220	0.820000
100	31622.777344	0.004150	0.710000

check_k=16
1	1.001026	0.005330	2.000000
2	1.001267	0.004920	2.000000
5	1.001517	0.005160	1.800000
10	1.001852	0.005600	2.200000
20	1.002199	0.006050	1.450000
50	1.002769	0.007220	1.400000
100	31622.777344	0.007510	1.310000

check_k=32
1	1.000851	0.009110	5.000000
2	1.000968	0.008700	4.500000
5	1.001253	0.008880	3.400000
10	1.001483	0.009360	3.300000
20	1.001766	0.010070	2.500000
50	1.002215	0.011970	2.580000
100	1.002529	0.013740	2.350000

check_k=64
1	1.000643	0.022100	9.000000
2	1.000658	0.020760	7.000000
5	1.000867	0.021230	5.600000
10	1.001098	0.021550	5.800000
20	1.001336	0.022580	4.400000
50	1.001683	0.025330	4.440000
100	1.001987	0.028280	4.080000

check_k=128
1	1.000341	0.052900	15.000000
2	1.000486	0.048150	12.000000
5	1.000678	0.048480	11.200000
10	1.000823	0.048900	11.100000
20	1.000979	0.051120	9.350000
50	1.001221	0.053290	8.620000
100	1.001449	0.058700	7.920000

check_k=256
1	1.000209	0.095750	29.000000
2	1.000289	0.088470	23.000000
5	1.000412	0.089110	20.799999
10	1.000551	0.092320	19.400000
20	1.000686	0.095880	17.700001
50	1.000896	0.094270	16.180000
100	1.001138	0.102180	14.530000

check_k=512
1	1.000088	0.165520	46.000000
2	1.000149	0.160920	39.500000
5	1.000260	0.159950	33.599998
10	1.000376	0.163200	31.900000
20	1.000438	0.163780	28.900000
50	1.000644	0.166090	25.559999
100	1.000839	0.174770	22.930000

lcsb  r=0.660000, L=16
Indexing Time: 2.402640 Seconds

Estimated Memory Usage: 69103616 Bytes

check_k=1
1	1.001200	0.003470	0.000000
2	1.001484	0.002830	0.500000
5	1.002031	0.003200	0.400000
10	1.002657	0.002660	0.500000
20	1.003323	0.002710	0.450000
50	31622.777344	0.002680	0.480000
100	31622.777344	0.002550	0.460000

check_k=2
1	1.001154	0.002760	1.000000
2	1.001388	0.002680	1.500000
5	1.001852	0.002850	0.800000
10	1.002400	0.003010	0.800000
20	1.002839	0.003260	0.600000
50	31622.777344	0.003230	0.680000
100	31622.777344	0.003150	0.650000

check_k=4
1	1.001072	0.004440	1.000000
2	1.001326	0.004670	1.500000
5	1.001724	0.004080	0.800000
10	1.002135	0.004410	0.900000
20	1.002628	0.004850	0.750000
50	31622.777344	0.005060	0.820000
100	31622.777344	0.004960	0.850000

check_k=8
1	1.000875	0.005830	1.000000
2	1.001078	0.006170	2.000000
5	1.001419	0.005820	1.200000
10	1.001742	0.006140	1.500000
20	1.002213	0.006850	1.300000
50	1.002589	0.007930	1.420000
100	31622.777344	0.008000	1.330000

check_k=16
1	1.000632	0.012760	4.000000
2	1.000829	0.010960	5.000000
5	1.001059	0.011260	3.600000
10	1.001320	0.012410	3.600000
20	1.001577	0.012660	2.850000
50	1.002077	0.014970	2.840000
100	1.002354	0.015090	2.740000

check_k=32
1	1.000458	0.024470	7.000000
2	1.000600	0.024330	7.500000
5	1.000893	0.022890	6.800000
10	1.001040	0.025180	6.300000
20	1.001229	0.025200	5.650000
50	1.001591	0.028160	4.960000
100	1.001976	0.032840	4.720000

check_k=64
1	1.000301	0.045690	14.000000
2	1.000390	0.044120	16.500000
5	1.000552	0.043890	15.200000
10	1.000753	0.047420	13.700000
20	1.000913	0.045310	11.800000
50	1.001174	0.048360	10.260000
100	1.001420	0.053930	9.280000

check_k=128
1	1.000219	0.091900	24.000000
2	1.000245	0.087490	25.000000
5	1.000390	0.087220	23.400000
10	1.000480	0.087490	22.000000
20	1.000614	0.088960	19.549999
50	1.000838	0.092640	16.900000
100	1.001042	0.099200	15.430000

check_k=256
1	1.000098	0.159510	34.000000
2	1.000139	0.152280	35.500000
5	1.000260	0.154800	33.599998
10	1.000333	0.156210	32.700001
20	1.000405	0.158010	29.400000
50	1.000619	0.162670	25.980000
100	1.000739	0.171250	23.889999

check_k=512
1	1.000040	0.281570	46.000000
2	1.000111	0.265930	43.000000
5	1.000160	0.262360	41.200001
10	1.000225	0.263580	40.799999
20	1.000306	0.267470	38.150002
50	1.000429	0.270120	34.660000
100	1.000547	0.291090	32.610001

lcsb  r=0.660000, L=32
Indexing Time: 10.158619 Seconds

Estimated Memory Usage: 125218816 Bytes

check_k=1
1	1.001055	0.007170	2.000000
2	1.001368	0.005430	2.000000
5	1.001773	0.005400	2.000000
10	1.002246	0.005570	1.700000
20	1.002749	0.005850	1.350000
50	31622.777344	0.005970	1.180000
100	31622.777344	0.005880	0.880000

check_k=2
1	1.000923	0.006370	3.000000
2	1.001165	0.006340	2.500000
5	1.001595	0.006340	2.200000
10	1.002128	0.006660	1.900000
20	1.002465	0.007020	1.650000
50	1.003275	0.007390	1.380000
100	31622.777344	0.007340	1.050000

check_k=4
1	1.000794	0.010360	3.000000
2	1.000987	0.010030	3.500000
5	1.001373	0.010270	3.400000
10	1.001749	0.010760	3.200000
20	1.002138	0.011690	2.500000
50	1.002611	0.012840	2.100000
100	31622.777344	0.012170	1.690000

check_k=8
1	1.000598	0.014450	8.000000
2	1.000838	0.013780	7.000000
5	1.001122	0.014070	6.200000
10	1.001404	0.014690	5.200000
20	1.001635	0.015480	4.150000
50	1.002163	0.017470	3.480000
100	1.002467	0.019010	2.850000

check_k=16
1	1.000535	0.027010	10.000000
2	1.000582	0.025690	10.000000
5	1.000814	0.025900	9.000000
10	1.001055	0.028360	7.400000
20	1.001358	0.028580	6.400000
50	1.001748	0.030150	5.340000
100	1.002063	0.033490	4.460000

check_k=32
1	1.000434	0.053020	12.000000
2	1.000483	0.052670	11.500000
5	1.000707	0.048670	11.600000
10	1.000839	0.047490	10.400000
20	1.001050	0.048650	9.200000
50	1.001355	0.051890	7.960000
100	1.001652	0.057380	6.850000

check_k=64
1	1.000284	0.088520	15.000000
2	1.000307	0.086340	15.000000
5	1.000468	0.088310	16.000000
10	1.000603	0.096110	15.500000
20	1.000765	0.092230	14.550000
50	1.000981	0.101270	12.680000
100	1.001234	0.101470	10.940000

check_k=128
1	1.000203	0.163350	21.000000
2	1.000245	0.163920	21.500000
5	1.000368	0.164240	21.400000
10	1.000462	0.161340	20.900000
20	1.000543	0.166150	20.450001
50	1.000746	0.167520	18.940001
100	1.000960	0.184240	16.830000

check_k=256
1	1.000100	0.313330	33.000000
2	1.000146	0.306050	34.000000
5	1.000215	0.308170	33.400002
10	1.000295	0.307740	32.500000
20	1.000368	0.308580	30.850000
50	1.000476	0.314780	29.080000
100	1.000600	0.325840	26.940001

check_k=512
1	1.000005	0.558790	49.000000
2	1.000079	0.557250	47.000000
5	1.000136	0.564500	47.799999
10	1.000184	0.561580	46.099998
20	1.000229	0.576780	44.549999
50	1.000303	0.564120	41.540001
100	1.000383	0.578830	39.459999

lcsb  r=0.660000, L=64
Indexing Time: 36.439205 Seconds

Estimated Memory Usage: 237584384 Bytes

check_k=1
1	1.000839	0.021090	3.000000
2	1.001055	0.017480	3.000000
5	1.001449	0.017470	2.400000
10	1.001778	0.017660	1.900000
20	1.002220	0.018160	1.400000
50	1.002649	0.018970	1.580000
100	31622.777344	0.018840	1.180000

check_k=2
1	1.000786	0.020530	3.000000
2	1.000913	0.020070	3.000000
5	1.001325	0.020410	2.800000
10	1.001568	0.020670	2.300000
20	1.001957	0.021520	1.750000
50	1.002425	0.022850	1.880000
100	1.003265	0.023310	1.540000

check_k=4
1	1.000659	0.027210	6.000000
2	1.000787	0.026580	5.000000
5	1.001100	0.026830	4.800000
10	1.001334	0.027350	3.900000
20	1.001609	0.028320	3.100000
50	1.002044	0.030390	3.060000
100	1.002287	0.032350	2.550000

check_k=8
1	1.000525	0.039830	8.000000
2	1.000634	0.038820	7.500000
5	1.000916	0.039240	7.200000
10	1.001110	0.039720	6.200000
20	1.001320	0.040710	5.300000
50	1.001669	0.043670	5.100000
100	1.001900	0.047580	4.430000

check_k=16
1	1.000420	0.061140	10.000000
2	1.000487	0.059720	11.000000
5	1.000690	0.060150	11.200000
10	1.000865	0.060740	10.000000
20	1.001111	0.061980	8.950000
50	1.001350	0.065360	8.140000
100	1.001571	0.070950	7.140000

check_k=32
1	1.000320	0.099580	14.000000
2	1.000398	0.097400	16.000000
5	1.000552	0.097910	16.600000
10	1.000642	0.098380	15.800000
20	1.000827	0.099670	14.350000
50	1.001084	0.104000	12.340000
100	1.001259	0.111530	11.320000

check_k=64
1	1.000168	0.168780	28.000000
2	1.000231	0.165550	25.000000
5	1.000361	0.166410	24.799999
10	1.000480	0.167950	23.900000
20	1.000585	0.168260	22.100000
50	1.000825	0.171710	18.840000
100	1.000938	0.182540	17.330000

check_k=128
1	1.000044	0.311440	45.000000
2	1.000122	0.309760	38.500000
5	1.000223	0.300600	36.000000
10	1.000296	0.301770	35.500000
20	1.000370	0.303860	32.849998
50	1.000555	0.304520	28.540001
100	1.000664	0.315850	25.920000

check_k=256
1	1.000000	0.548730	60.000000
2	1.000064	0.562250	54.000000
5	1.000142	0.619540	49.200001
10	1.000183	0.567710	48.200001
20	1.000236	0.558010	44.849998
50	1.000359	0.564020	41.240002
100	1.000417	0.562280	38.369999

check_k=512
1	1.000000	1.113150	71.000000
2	1.000000	1.125950	68.000000
5	1.000076	1.002330	63.000000
10	1.000088	1.093200	62.400002
20	1.000118	1.096320	59.549999
50	1.000193	1.011990	55.959999
100	1.000254	1.128530	52.630001

lcsb  r=0.660000, L=128
Indexing Time: 132.749542 Seconds

Estimated Memory Usage: 462311424 Bytes

check_k=1
1	1.000684	0.048910	2.000000
2	1.000894	0.041730	2.000000
5	1.001205	0.041550	2.600000
10	1.001435	0.041840	3.000000
20	1.001754	0.046450	2.900000
50	1.002184	0.044020	2.980000
100	1.002552	0.044990	2.560000

check_k=2
1	1.000660	0.051100	3.000000
2	1.000781	0.046720	3.500000
5	1.000959	0.046970	4.400000
10	1.001207	0.050920	4.800000
20	1.001438	0.048330	4.450000
50	1.001786	0.054330	4.440000
100	1.002206	0.056940	3.850000

check_k=4
1	1.000492	0.057980	7.000000
2	1.000640	0.060560	7.000000
5	1.000785	0.056870	7.400000
10	1.000978	0.057570	7.400000
20	1.001164	0.062070	6.950000
50	1.001593	0.065190	6.440000
100	1.001817	0.065310	5.590000

check_k=8
1	1.000323	0.081490	17.000000
2	1.000423	0.079970	16.500000
5	1.000611	0.080250	14.000000
10	1.000747	0.077080	12.500000
20	1.000909	0.081890	11.800000
50	1.001227	0.124280	10.200000
100	1.001467	0.091120	8.920000

check_k=16
1	1.000247	0.114220	23.000000
2	1.000301	0.111780	23.500000
5	1.000476	0.115860	22.600000
10	1.000538	0.112500	19.799999
20	1.000692	0.113670	17.950001
50	1.000934	0.117700	16.080000
100	1.001137	0.132450	14.090000

check_k=32
1	1.000160	0.190160	34.000000
2	1.000204	0.179260	33.000000
5	1.000290	0.191000	29.400000
10	1.000362	0.176590	29.700001
20	1.000457	0.177790	27.049999
50	1.000669	0.186350	24.340000
100	1.000863	0.194880	21.700001

check_k=64
1	1.000052	0.302190	46.000000
2	1.000102	0.293790	42.500000
5	1.000193	0.296820	40.200001
10	1.000229	0.314900	40.900002
20	1.000305	0.317300	39.700001
50	1.000436	0.305860	36.240002
100	1.000614	0.315590	32.910000

check_k=128
1	1.000000	0.500310	59.000000
2	1.000056	0.490800	58.500000
5	1.000090	0.490550	54.000000
10	1.000146	0.495010	54.700001
20	1.000157	0.500670	53.700001
50	1.000264	0.499480	50.259998
100	1.000362	0.512640	46.919998

check_k=256
1	1.000000	0.804930	74.000000
2	1.000000	0.799990	72.000000
5	1.000047	0.832770	67.400002
10	1.000055	0.866110	67.599998
20	1.000075	0.910910	67.650002
50	1.000144	0.852790	64.680000
100	1.000204	0.852580	60.970001

check_k=512
1	1.000000	1.511900	86.000000
2	1.000000	1.393450	86.500000
5	1.000000	1.456430	82.000000
10	1.000022	1.473500	81.900002
20	1.000023	1.495880	80.800003
50	1.000053	1.562680	78.180000
100	1.000088	1.511970	74.529999

lcsb  r=0.660000, L=256
Indexing Time: 440.880676 Seconds

Estimated Memory Usage: 911765504 Bytes

check_k=1
1	1.000439	0.125710	15.000000
2	1.000615	0.087530	12.000000
5	1.000877	0.087820	7.600000
10	1.001033	0.088680	7.400000
20	1.001322	0.090110	6.400000
50	1.001633	0.094170	5.380000
100	1.001943	0.096680	4.520000

check_k=2
1	1.000383	0.105510	17.000000
2	1.000484	0.099540	14.500000
5	1.000688	0.099830	9.800000
10	1.000863	0.102480	9.800000
20	1.001092	0.102200	8.700000
50	1.001399	0.106970	7.080000
100	1.001630	0.110980	6.260000

check_k=4
1	1.000308	0.129290	20.000000
2	1.000414	0.121010	17.000000
5	1.000551	0.120960	13.600000
10	1.000702	0.121460	13.900000
20	1.000860	0.123290	12.700000
50	1.001158	0.128090	10.680000
100	1.001389	0.134410	9.470000

check_k=8
1	1.000233	0.172940	30.000000
2	1.000284	0.160310	25.000000
5	1.000401	0.158020	19.600000
10	1.000541	0.157450	19.299999
20	1.000652	0.159200	18.200001
50	1.000916	0.162690	15.740000
100	1.001112	0.171170	14.020000

check_k=16
1	1.000131	0.238570	35.000000
2	1.000209	0.224390	32.000000
5	1.000263	0.223230	29.200001
10	1.000341	0.224060	28.200001
20	1.000446	0.224910	26.150000
50	1.000620	0.232410	22.840000
100	1.000835	0.247950	20.650000

check_k=32
1	1.000046	0.364740	46.000000
2	1.000099	0.347980	42.000000
5	1.000161	0.352900	41.200001
10	1.000206	0.346470	40.200001
20	1.000270	0.348320	39.000000
50	1.000404	0.353480	34.279999
100	1.000564	0.365160	31.760000

check_k=64
1	1.000000	0.581470	62.000000
2	1.000037	0.558800	58.000000
5	1.000092	0.558670	57.400002
10	1.000112	0.562600	56.099998
20	1.000149	0.573820	54.000000
50	1.000240	0.572150	48.360001
100	1.000343	0.585510	45.160000

check_k=128
1	1.000000	0.973340	79.000000
2	1.000000	0.938690	74.000000
5	1.000020	0.937930	72.199997
10	1.000047	0.937180	71.300003
20	1.000065	0.948480	70.400002
50	1.000134	0.951260	64.580002
100	1.000186	0.958730	61.340000

check_k=256
1	1.000000	1.692750	90.000000
2	1.000000	1.735100	87.000000
5	1.000000	1.708270	85.599998
10	1.000000	1.630070	84.300003
20	1.000010	1.666570	83.250000
50	1.000033	1.602540	79.360001
100	1.000066	1.623620	76.010002

check_k=512
1	1.000000	3.392240	93.000000
2	1.000000	3.424670	91.500000
5	1.000000	3.373090	91.400002
10	1.000000	3.340330	91.800003
20	1.000000	3.376000	91.349998
50	1.000009	3.605810	89.320000
100	1.000027	3.590320	86.870003

lcsb  r=0.660000, L=512
Indexing Time: 1296.306274 Seconds

Estimated Memory Usage: 1810538496 Bytes

check_k=1
1	1.000341	0.287860	13.000000
2	1.000447	0.166980	12.000000
5	1.000620	0.166710	11.200000
10	1.000777	0.167110	11.200000
20	1.001015	0.168900	9.700000
50	1.001295	0.172830	7.920000
100	1.001557	0.177210	7.030000

check_k=2
1	1.000284	0.224470	16.000000
2	1.000321	0.185630	15.500000
5	1.000488	0.185980	16.400000
10	1.000625	0.186640	15.500000
20	1.000852	0.189180	13.700000
50	1.001076	0.192260	11.360000
100	1.001303	0.199220	10.240000

check_k=4
1	1.000163	0.276530	27.000000
2	1.000242	0.221890	26.000000
5	1.000377	0.221640	23.799999
10	1.000484	0.222110	22.900000
20	1.000653	0.224290	20.049999
50	1.000875	0.228980	16.559999
100	1.001064	0.236490	15.110000

check_k=8
1	1.000069	0.380120	41.000000
2	1.000140	0.290430	35.000000
5	1.000260	0.289790	32.599998
10	1.000330	0.290380	32.400002
20	1.000436	0.291670	29.600000
50	1.000629	0.295540	25.799999
100	1.000797	0.305260	23.610001

check_k=16
1	1.000014	0.534520	50.000000
2	1.000059	0.412870	47.000000
5	1.000145	0.413220	47.000000
10	1.000181	0.412370	44.900002
20	1.000274	0.413700	41.950001
50	1.000414	0.420010	36.939999
100	1.000530	0.429650	33.990002

check_k=32
1	1.000000	0.771960	67.000000
2	1.000004	0.617740	64.500000
5	1.000069	0.619760	60.400002
10	1.000093	0.617860	60.500000
20	1.000129	0.620020	57.000000
50	1.000217	0.626070	51.740002
100	1.000317	0.638170	48.340000

check_k=64
1	1.000000	1.180390	79.000000
2	1.000000	0.996490	77.500000
5	1.000021	0.995970	74.000000
10	1.000034	0.997310	73.699997
20	1.000055	0.997520	71.199997
50	1.000111	1.005950	66.559998
100	1.000168	1.018640	63.240002

check_k=128
1	1.000000	1.882670	87.000000
2	1.000000	1.727330	89.500000
5	1.000000	1.727230	85.800003
10	1.000000	1.733030	86.199997
20	1.000014	1.732760	84.250000
50	1.000051	1.740350	80.400002
100	1.000067	1.756810	77.980003

check_k=256
1	1.000000	3.007710	97.000000
2	1.000000	2.786590	97.500000
5	1.000000	2.788800	95.400002
10	1.000000	2.783330	95.199997
20	1.000000	2.787020	93.750000
50	1.000004	2.795130	91.699997
100	1.000014	2.810730	90.279999

check_k=512
1	1.000000	5.323480	99.000000
2	1.000000	5.187920	99.500000
5	1.000000	5.234180	98.199997
10	1.000000	5.246660	98.500000
20	1.000000	5.250730	98.099998
50	1.000000	5.285000	97.480003
100	1.000001	5.241701	96.540001

