lcsb  r=0.660000, L=8
Indexing Time: 3.681057 Seconds

Estimated Memory Usage: 138874880 Bytes

check_k=1
1	1.223446	0.098910	0.000000
2	1.266615	0.016890	0.000000
5	1.310354	0.007570	0.000000
10	1.425007	0.006910	0.000000
20	31622.777344	0.007020	0.050000
50	31622.777344	0.007070	4.760000
100	31622.777344	0.006790	1.830000

check_k=2
1	1.185594	0.060880	0.000000
2	1.208241	0.013140	0.000000
5	1.258282	0.010820	0.000000
10	1.307716	0.010860	0.000000
20	1.424536	0.011200	0.050000
50	31622.777344	0.011170	9.320000
100	31622.777344	0.011190	3.620000

check_k=4
1	1.161928	0.092870	1.000000
2	1.176448	0.026720	1.000000
5	1.217980	0.025360	0.400000
10	1.246278	0.021020	0.200000
20	1.295471	0.021400	0.200000
50	1.620386	0.020950	17.600000
100	31622.777344	0.022600	7.240000

check_k=8
1	1.152265	0.171610	1.000000
2	1.158769	0.062070	1.500000
5	1.183861	0.059390	1.200000
10	1.203769	0.058850	0.800000
20	1.237318	0.054660	0.550000
50	1.428573	0.058340	22.760000
100	1.570866	0.059730	13.340000

check_k=16
1	1.126569	0.324590	2.000000
2	1.135393	0.126280	2.000000
5	1.154689	0.122900	1.400000
10	1.171995	0.122940	1.000000
20	1.189994	0.123070	0.900000
50	1.355028	0.124830	26.520000
100	1.390915	0.128770	18.389999

check_k=32
1	1.107818	0.407810	2.000000
2	1.118955	0.263380	2.000000
5	1.129967	0.352820	1.800000
10	1.141856	0.261360	1.600000
20	1.159090	0.258640	1.450000
50	1.328397	0.268010	29.700001
100	1.330262	0.262240	22.350000

check_k=64
1	1.093301	0.748800	2.000000
2	1.097607	0.528660	2.000000
5	1.108699	0.510400	2.400000
10	1.117095	0.496460	2.200000
20	1.128145	0.500440	2.100000
50	1.306898	0.513150	32.299999
100	1.284576	0.513150	27.400000

check_k=128
1	1.079952	1.476380	4.000000
2	1.085189	1.112360	3.000000
5	1.091033	1.043190	3.200000
10	1.095728	1.026320	3.700000
20	1.104832	1.254230	3.250000
50	1.263368	1.103890	34.200001
100	1.264046	1.030400	31.600000

check_k=256
1	1.064515	2.625550	6.000000
2	1.065000	2.117250	4.000000
5	1.073537	2.075170	5.200000
10	1.077476	2.481250	6.400000
20	1.086131	2.208030	5.900000
50	1.249911	2.197000	36.580002
100	1.233830	2.141520	33.980000

check_k=512
1	1.049491	5.185980	8.000000
2	1.048318	4.368270	6.500000
5	1.056049	4.341680	8.000000
10	1.063195	4.327720	9.600000
20	1.070593	4.432460	9.500000
50	1.234302	4.058790	38.680000
100	1.208669	3.999460	35.990002

lcsb  r=0.660000, L=16
Indexing Time: 7.288378 Seconds

Estimated Memory Usage: 234188800 Bytes

check_k=1
1	1.187822	0.066850	0.000000
2	1.206344	0.030370	0.000000
5	1.247017	0.020810	0.000000
10	1.306103	0.016220	0.100000
20	1.429149	0.015130	0.100000
50	31622.777344	0.014860	8.980000
100	31622.777344	0.015130	3.810000

check_k=2
1	1.168486	0.054260	0.000000
2	1.180224	0.032740	0.000000
5	1.206904	0.029630	0.000000
10	1.235280	0.028290	0.300000
20	1.290819	0.028490	0.300000
50	1.621009	0.029100	17.520000
100	31622.777344	0.027650	7.290000

check_k=4
1	1.143192	0.116260	0.000000
2	1.155966	0.073740	0.500000
5	1.175243	0.072220	0.200000
10	1.196830	0.072260	0.400000
20	1.226123	0.071980	0.450000
50	1.396915	0.073310	23.280001
100	1.559182	0.073890	13.530000

check_k=8
1	1.117132	0.222880	2.000000
2	1.127784	0.152000	2.000000
5	1.144227	0.153150	1.400000
10	1.163051	0.157020	1.100000
20	1.183818	0.155800	1.050000
50	1.352464	0.154970	27.559999
100	1.413095	0.155640	18.270000

check_k=16
1	1.103872	0.433120	4.000000
2	1.114718	0.291080	4.000000
5	1.128447	0.293360	2.400000
10	1.140738	0.293950	1.800000
20	1.154055	0.293600	1.700000
50	1.315909	0.295420	30.340000
100	1.333802	0.299710	22.600000

check_k=32
1	1.086127	0.818900	4.000000
2	1.093135	0.572420	4.000000
5	1.104033	0.560310	3.200000
10	1.118929	0.568220	2.800000
20	1.128717	0.572280	2.650000
50	1.292023	0.576220	32.419998
100	1.284111	0.576810	26.590000

check_k=64
1	1.078936	1.570460	5.000000
2	1.074843	1.123670	4.500000
5	1.087186	1.150800	4.200000
10	1.094364	1.121930	3.700000
20	1.105550	1.132910	3.550000
50	1.248271	1.115140	34.240002
100	1.263145	1.130310	31.299999

check_k=128
1	1.059801	2.722660	7.000000
2	1.066392	2.236540	6.500000
5	1.073395	2.251890	6.000000
10	1.074210	2.247480	6.000000
20	1.082666	2.259110	5.600000
50	1.246890	2.323810	37.080002
100	1.232897	2.302910	34.070000

check_k=256
1	1.047488	4.668200	12.000000
2	1.050881	4.301970	11.000000
5	1.058846	4.002069	9.400000
10	1.059950	3.988400	9.400000
20	1.067276	3.956280	9.200000
50	1.232262	3.901150	39.040001
100	1.207420	5.189570	36.240002

check_k=512
1	1.035424	8.705740	17.000000
2	1.040139	8.237690	15.000000
5	1.044616	8.288940	13.600000
10	1.049010	8.169411	14.300000
20	1.052031	8.307730	14.250000
50	1.220367	8.307080	40.520000
100	1.189223	7.919500	38.470001

lcsb  r=0.660000, L=32
Indexing Time: 15.231936 Seconds

Estimated Memory Usage: 424820736 Bytes

check_k=1
1	1.164562	0.156410	0.000000
2	1.178283	0.071770	0.000000
5	1.208098	0.067310	0.200000
10	1.242381	0.064620	0.200000
20	1.293285	0.061850	0.150000
50	1.639158	0.061220	18.360001
100	31622.777344	0.059820	9.190000

check_k=2
1	1.146713	0.161340	1.000000
2	1.152405	0.088950	0.500000
5	1.170521	0.090930	0.400000
10	1.195933	0.090270	0.400000
20	1.226744	0.089800	0.300000
50	1.419820	0.090510	25.000000
100	1.580826	0.088670	17.110001

check_k=4
1	1.130117	0.294020	2.000000
2	1.137206	0.166800	1.500000
5	1.148010	0.163330	1.600000
10	1.159094	0.160600	1.100000
20	1.182787	0.160340	0.650000
50	1.342487	0.163190	29.100000
100	1.377472	0.163980	22.270000

check_k=8
1	1.107501	0.556860	5.000000
2	1.114312	0.304730	3.500000
5	1.126413	0.300640	2.800000
10	1.136639	0.299410	2.100000
20	1.150315	0.297900	1.400000
50	1.324400	0.296870	32.799999
100	1.328442	0.303870	26.580000

check_k=16
1	1.086548	1.051000	6.000000
2	1.095008	0.590020	5.000000
5	1.105464	0.577890	3.800000
10	1.119220	0.595310	3.200000
20	1.123560	0.598520	2.500000
50	1.275380	0.613870	34.320000
100	1.284670	0.636380	30.180000

check_k=32
1	1.072871	1.750990	7.000000
2	1.075235	1.108260	6.000000
5	1.087989	1.124500	5.200000
10	1.097137	1.117100	4.500000
20	1.106597	1.102660	4.200000
50	1.247150	1.114670	36.240002
100	1.256114	1.130870	34.830002

check_k=64
1	1.054348	2.923830	10.000000
2	1.064447	2.233800	8.500000
5	1.072939	2.216530	7.800000
10	1.075641	2.220560	7.400000
20	1.084652	2.212860	6.700000
50	1.243758	2.217800	38.680000
100	1.232873	2.230850	38.599998

check_k=128
1	1.043163	4.940930	13.000000
2	1.049393	4.366320	11.500000
5	1.054936	4.333930	11.600000
10	1.060464	4.369200	11.900000
20	1.065515	3.954050	11.100000
50	1.229070	3.919080	41.320000
100	1.198149	4.074830	40.860001

check_k=256
1	1.029819	8.144170	17.000000
2	1.034967	8.086530	17.500000
5	1.042024	8.108840	18.600000
10	1.044037	8.151501	18.400000
20	1.050390	8.144480	17.700001
50	1.217059	8.123990	42.820000
100	1.191440	8.330340	43.419998

check_k=512
1	1.020644	15.528781	27.000000
2	1.027642	15.276019	25.500000
5	1.030453	15.574450	25.799999
10	1.032522	15.297971	26.700001
20	1.036632	16.100300	25.799999
50	1.228017	15.470359	44.020000
100	1.194124	15.188860	45.209999

lcsb  r=0.660000, L=64
Indexing Time: 31.646004 Seconds

Estimated Memory Usage: 806088704 Bytes

check_k=1
1	1.131036	0.343180	1.000000
2	1.145547	0.135500	1.000000
5	1.166466	0.129890	1.000000
10	1.190249	0.126840	1.300000
20	1.218625	0.125400	0.850000
50	1.395829	0.126500	23.740000
100	1.578311	0.124600	13.230000

check_k=2
1	1.110149	0.350210	3.000000
2	1.125424	0.213160	2.000000
5	1.144644	0.188290	1.600000
10	1.160026	0.184070	1.900000
20	1.179764	0.183880	1.300000
50	1.330401	0.187010	27.260000
100	1.388193	0.193560	18.559999

check_k=4
1	1.095613	0.614330	6.000000
2	1.103181	0.337770	4.500000
5	1.121590	0.323920	2.800000
10	1.130453	0.339530	2.900000
20	1.146224	0.361920	2.050000
50	1.307055	0.321960	30.959999
100	1.316559	0.323060	22.809999

check_k=8
1	1.084594	1.087620	9.000000
2	1.092284	0.589170	7.000000
5	1.101099	0.598230	4.600000
10	1.114283	0.578250	4.200000
20	1.124755	0.558300	3.200000
50	1.275824	0.571800	32.860001
100	1.285354	0.606940	26.910000

check_k=16
1	1.062820	1.854440	11.000000
2	1.072354	1.151280	9.500000
5	1.082846	1.119760	6.800000
10	1.089169	1.119830	6.400000
20	1.102896	1.118120	5.100000
50	1.251865	1.088970	34.799999
100	1.253070	1.069010	31.160000

check_k=32
1	1.055280	2.946090	12.000000
2	1.062497	2.092900	10.500000
5	1.070541	2.027870	8.600000
10	1.072362	2.015760	8.600000
20	1.083237	1.989450	7.800000
50	1.240818	2.025260	37.340000
100	1.233132	2.011340	34.689999

check_k=64
1	1.040277	4.759130	16.000000
2	1.047520	4.281220	14.500000
5	1.051866	4.272020	13.400000
10	1.059335	4.237770	12.800000
20	1.061355	4.247920	12.550000
50	1.216508	4.312780	39.700001
100	1.201887	4.401050	37.270000

check_k=128
1	1.034023	8.556021	18.000000
2	1.037287	8.437660	17.000000
5	1.040176	8.042350	18.400000
10	1.041304	7.779580	17.799999
20	1.047206	7.810740	17.950001
50	1.213438	7.691880	40.759998
100	1.193050	7.985150	39.880001

check_k=256
1	1.020427	16.021269	28.000000
2	1.025692	16.011000	26.500000
5	1.025229	15.919900	29.000000
10	1.030051	15.574150	28.900000
20	1.033283	15.468080	29.100000
50	1.230665	15.655281	42.020000
100	1.190004	15.376279	41.720001

check_k=512
1	1.003184	30.671211	46.000000
2	1.017953	31.493521	42.000000
5	1.018957	31.832590	42.200001
10	1.020675	31.802219	41.200001
20	1.021697	32.096889	40.700001
50	1.239504	32.403927	43.759998
100	1.196791	32.597973	43.669998

lcsb  r=0.660000, L=128
Indexing Time: 67.863701 Seconds

Estimated Memory Usage: 1568481280 Bytes

check_k=1
1	1.110649	0.737620	3.000000
2	1.120873	0.297120	2.000000
5	1.139926	0.287350	2.000000
10	1.158693	0.277800	1.600000
20	1.176523	0.275850	1.250000
50	1.334333	0.275090	30.139999
100	1.391934	0.273430	23.530001

check_k=2
1	1.090449	0.760030	5.000000
2	1.103520	0.436180	4.000000
5	1.118107	0.422130	3.400000
10	1.129006	0.429800	2.400000
20	1.145691	0.435860	2.150000
50	1.314471	0.419500	33.480000
100	1.324941	0.425060	27.520000

check_k=4
1	1.079354	1.311950	9.000000
2	1.088720	0.726530	7.000000
5	1.098098	0.709490	5.400000
10	1.107301	0.698480	4.400000
20	1.115645	0.700980	4.200000
50	1.284799	0.734150	36.060001
100	1.275685	0.721360	32.080002

check_k=8
1	1.071384	2.202600	11.000000
2	1.072354	1.283940	9.000000
5	1.080964	1.251390	7.600000
10	1.086404	1.259420	6.800000
20	1.095739	1.242160	6.400000
50	1.249088	1.238400	38.459999
100	1.250974	1.249840	36.290001

check_k=16
1	1.053922	3.493490	13.000000
2	1.062726	2.309870	12.000000
5	1.066310	2.358250	9.800000
10	1.072077	2.304180	9.800000
20	1.075352	2.312160	9.300000
50	1.237929	2.356430	40.599998
100	1.224751	2.323800	38.990002

check_k=32
1	1.041132	5.351670	17.000000
2	1.047872	4.476960	15.000000
5	1.053844	4.431310	14.000000
10	1.057311	4.395890	14.600000
20	1.058874	4.395980	13.950000
50	1.214615	4.471260	42.040001
100	1.199254	4.530509	41.290001

check_k=64
1	1.024988	8.864380	25.000000
2	1.032899	8.512990	23.000000
5	1.038754	8.436900	21.200001
10	1.041897	8.528070	22.299999
20	1.044550	8.463650	21.200001
50	1.217647	8.426410	43.220001
100	1.189902	8.574130	44.299999

check_k=128
1	1.013271	16.513639	36.000000
2	1.021986	16.370581	32.500000
5	1.026258	16.456932	32.200001
10	1.029211	16.417240	32.500000
20	1.032052	16.303421	31.000000
50	1.233736	16.624931	44.580002
100	1.188681	16.364889	46.570000

check_k=256
1	1.000000	31.856230	52.000000
2	1.012626	32.165051	46.000000
5	1.011680	31.257689	48.599998
10	1.016710	27.508892	48.000000
20	1.019582	27.181347	45.650002
50	1.235758	27.336899	46.299999
100	1.195083	27.289881	48.389999

check_k=512
1	1.000000	52.059361	71.000000
2	1.003086	52.129814	63.000000
5	1.007173	51.934338	63.000000
10	1.008626	51.981441	64.599998
20	1.010458	51.749493	62.549999
50	1.229747	51.946590	47.680000
100	1.193439	51.790150	49.540001

lcsb  r=0.660000, L=256
Indexing Time: 127.134979 Seconds

Estimated Memory Usage: 3093401600 Bytes

check_k=1
1	1.090382	2.237610	3.000000
2	1.096475	0.586090	2.000000
5	1.114126	0.569200	2.200000
10	1.123304	0.563480	2.300000
20	1.139032	0.555880	2.050000
50	1.303988	0.557660	31.780001
100	1.316344	0.558180	24.400000

check_k=2
1	1.081270	1.698880	3.000000
2	1.079595	0.910950	3.500000
5	1.091526	0.858470	3.200000
10	1.102479	0.865050	3.300000
20	1.113001	0.833560	3.550000
50	1.271699	0.807590	34.459999
100	1.270953	0.799550	29.270000

check_k=4
1	1.068253	2.574020	12.000000
2	1.064894	1.352770	10.500000
5	1.076444	1.312970	8.000000
10	1.083750	1.296850	6.900000
20	1.090730	1.293500	6.850000
50	1.249109	1.337230	37.139999
100	1.245758	1.378980	32.959999

check_k=8
1	1.050759	4.079080	13.000000
2	1.053713	2.529500	13.000000
5	1.063739	2.903230	12.600000
10	1.063683	3.090640	10.700000
20	1.071939	2.492900	10.400000
50	1.223043	2.503330	39.160000
100	1.210131	2.567590	35.820000

check_k=16
1	1.040205	6.148840	19.000000
2	1.041714	4.428630	17.500000
5	1.049602	4.179870	16.400000
10	1.052913	4.215260	15.700000
20	1.056546	4.397740	15.200000
50	1.213416	4.444430	40.520000
100	1.201075	4.515460	37.700001

check_k=32
1	1.022348	10.470520	32.000000
2	1.031373	8.548749	27.000000
5	1.033625	7.868550	24.200001
10	1.038022	8.115020	23.299999
20	1.043532	8.462120	23.400000
50	1.217644	8.320110	41.459999
100	1.191837	8.593090	40.380001

check_k=64
1	1.009963	15.274361	41.000000
2	1.019246	16.008560	38.000000
5	1.021602	16.223949	36.400002
10	1.025382	15.450700	35.799999
20	1.028743	16.132870	34.650002
50	1.238113	15.728939	43.020000
100	1.190416	15.616380	42.910000

check_k=128
1	1.000000	30.201550	60.000000
2	1.008373	30.711702	57.000000
5	1.011218	29.763880	53.000000
10	1.014524	29.043159	50.400002
20	1.016760	29.674839	49.200001
50	1.233318	29.199169	45.080002
100	1.190288	29.055420	45.020000

check_k=256
1	1.000000	55.760910	75.000000
2	1.000000	55.610458	73.000000
5	1.004364	55.624706	71.000000
10	1.007711	56.125858	68.199997
20	1.008652	56.399151	67.199997
50	1.232388	55.739246	46.040001
100	1.193835	56.712692	46.049999

check_k=512
1	1.000000	104.125862	89.000000
2	1.000000	103.006386	86.000000
5	1.000018	101.910049	84.800003
10	1.002197	103.070290	83.599998
20	1.003714	102.897598	82.449997
50	1.232882	103.771301	46.919998
100	1.189002	103.327278	46.580002

lcsb  r=0.660000, L=512
Indexing Time: 265.256653 Seconds

Estimated Memory Usage: 6143115264 Bytes

check_k=1
1	1.079614	3.844100	4.000000
2	1.079034	1.193140	3.000000
5	1.091917	1.190860	4.800000
10	1.099348	1.188840	4.400000
20	1.110706	1.138870	4.100000
50	1.270212	1.149430	34.180000
100	1.264803	1.128690	29.660000

check_k=2
1	1.070507	3.406870	4.000000
2	1.068498	1.665970	6.500000
5	1.072650	1.780960	8.600000
10	1.080689	1.769290	7.700000
20	1.088900	1.750660	7.400000
50	1.247473	1.745730	37.439999
100	1.245640	1.732270	33.610001

check_k=4
1	1.049101	5.013190	13.000000
2	1.055625	2.879680	12.000000
5	1.058441	2.855380	13.600000
10	1.065540	2.792310	11.900000
20	1.072106	2.946620	11.050000
50	1.230520	2.815850	39.459999
100	1.209211	2.838290	36.480000

check_k=8
1	1.037756	6.447790	17.000000
2	1.037252	4.582690	18.000000
5	1.046340	4.785950	19.799999
10	1.049759	4.794270	18.100000
20	1.054775	4.804880	17.049999
50	1.212448	4.818590	40.740002
100	1.202653	4.802090	38.680000

check_k=16
1	1.027651	9.299730	27.000000
2	1.029787	8.318291	24.500000
5	1.030759	8.664430	25.000000
10	1.037569	8.663080	25.700001
20	1.039952	8.658919	24.549999
50	1.223262	8.363800	41.599998
100	1.190867	8.454660	40.570000

check_k=32
1	1.010067	16.300671	41.000000
2	1.017087	15.776210	38.000000
5	1.020033	15.984699	38.799999
10	1.023585	16.162830	38.700001
20	1.027475	15.856331	36.400002
50	1.237199	16.370262	43.119999
100	1.194697	16.068741	42.910000

check_k=64
1	1.000000	29.869461	57.000000
2	1.007531	29.851839	55.500000
5	1.009851	29.851931	55.599998
10	1.013407	30.550339	54.099998
20	1.016796	29.873529	52.650002
50	1.230470	30.096708	45.320000
100	1.191559	30.369350	45.070000

check_k=128
1	1.000000	54.916641	74.000000
2	1.000000	55.497997	75.500000
5	1.003145	55.859642	74.199997
10	1.006076	55.232941	70.599998
20	1.008312	55.814312	69.900002
50	1.234288	56.160385	46.380001
100	1.193835	56.242134	46.049999

check_k=256
1	1.000000	102.580261	86.000000
2	1.000000	103.891602	89.500000
5	1.000000	102.214050	89.800003
10	1.000098	100.568108	87.900002
20	1.002228	101.573395	86.650002
50	1.233457	101.421867	47.200001
100	1.184511	102.857040	46.630001

check_k=512
1	1.000000	177.843063	98.000000
2	1.000000	174.588608	98.000000
5	1.000000	174.659576	97.599998
10	1.000000	176.272614	96.000000
20	1.000000	177.833969	95.800003
50	1.235078	176.616287	47.360001
100	1.182758	177.391205	46.889999

