lcsb  r=0.660000, L=8
Indexing Time: 3.400851 Seconds

Estimated Memory Usage: 138874880 Bytes

check_k=1
1	1.223446	0.020730	0.000000
2	1.266615	0.008040	0.000000
5	1.310354	0.005750	0.000000
10	1.425007	0.005540	0.000000
20	31622.777344	0.005450	0.050000
50	31622.777344	0.005340	4.760000
100	31622.777344	0.005290	1.830000

check_k=2
1	1.185594	0.013930	0.000000
2	1.208241	0.009670	0.000000
5	1.258282	0.008560	0.000000
10	1.307716	0.008660	0.000000
20	1.424536	0.009050	0.050000
50	31622.777344	0.009090	9.320000
100	31622.777344	0.009030	3.620000

check_k=4
1	1.161928	0.025680	1.000000
2	1.176448	0.023980	1.000000
5	1.217980	0.022290	0.400000
10	1.246278	0.020060	0.200000
20	1.295471	0.019370	0.200000
50	1.620386	0.019000	17.600000
100	31622.777344	0.018460	7.240000

check_k=8
1	1.152265	0.054370	1.000000
2	1.158769	0.055780	1.500000
5	1.183861	0.049860	1.200000
10	1.203769	0.053820	0.800000
20	1.237318	0.057730	0.550000
50	1.428573	0.061410	22.760000
100	1.570866	0.060940	13.340000

check_k=16
1	1.126569	0.124530	2.000000
2	1.135393	0.128460	2.000000
5	1.154689	0.125920	1.400000
10	1.171995	0.126030	1.000000
20	1.189994	0.128030	0.900000
50	1.355028	0.129640	26.520000
100	1.390915	0.132300	18.389999

check_k=32
1	1.107818	0.264510	2.000000
2	1.118955	0.252280	2.000000
5	1.129967	0.253000	1.800000
10	1.141856	0.250230	1.600000
20	1.159090	0.251160	1.450000
50	1.328397	0.253330	29.700001
100	1.330262	0.256890	22.350000

check_k=64
1	1.093301	0.492290	2.000000
2	1.097607	0.502380	2.000000
5	1.108699	0.501640	2.400000
10	1.117095	0.503700	2.200000
20	1.128145	0.519270	2.100000
50	1.306898	0.518150	32.299999
100	1.284576	0.526940	27.400000

check_k=128
1	1.079952	1.023610	4.000000
2	1.085189	1.018160	3.000000
5	1.091033	1.114830	3.200000
10	1.095728	1.020670	3.700000
20	1.104832	1.022480	3.250000
50	1.263368	1.024530	34.200001
100	1.264046	1.033620	31.600000

check_k=256
1	1.064515	2.035900	6.000000
2	1.065000	2.042680	4.000000
5	1.073537	2.034690	5.200000
10	1.077476	2.049250	6.400000
20	1.086131	2.148880	5.900000
50	1.249911	2.019680	36.580002
100	1.233830	2.026560	33.980000

check_k=512
1	1.049491	3.982510	8.000000
2	1.048318	4.146790	6.500000
5	1.056049	4.118020	8.000000
10	1.063195	4.096610	9.600000
20	1.070593	4.189400	9.500000
50	1.234302	4.066090	38.680000
100	1.208669	4.110650	35.990002

lcsb  r=0.660000, L=16
Indexing Time: 7.110163 Seconds

Estimated Memory Usage: 234188800 Bytes

check_k=1
1	1.187822	0.039690	0.000000
2	1.206344	0.034430	0.000000
5	1.247017	0.029410	0.000000
10	1.306103	0.016850	0.100000
20	1.429149	0.013080	0.100000
50	31622.777344	0.012660	8.980000
100	31622.777344	0.012510	3.810000

check_k=2
1	1.168486	0.030180	0.000000
2	1.180224	0.027690	0.000000
5	1.206904	0.026560	0.000000
10	1.235280	0.026120	0.300000
20	1.290819	0.026560	0.300000
50	1.621009	0.027320	17.520000
100	31622.777344	0.027180	7.290000

check_k=4
1	1.143192	0.063560	0.000000
2	1.155966	0.061600	0.500000
5	1.175243	0.055630	0.200000
10	1.196830	0.056250	0.400000
20	1.226123	0.057170	0.450000
50	1.396915	0.059070	23.280001
100	1.559182	0.060260	13.530000

check_k=8
1	1.117132	0.122700	2.000000
2	1.127784	0.122890	2.000000
5	1.144227	0.122760	1.400000
10	1.163051	0.123190	1.100000
20	1.183818	0.123770	1.050000
50	1.352464	0.126570	27.559999
100	1.413095	0.129840	18.270000

check_k=16
1	1.103872	0.252270	4.000000
2	1.114718	0.255460	4.000000
5	1.128447	0.254220	2.400000
10	1.140738	0.250780	1.800000
20	1.154055	0.246580	1.700000
50	1.315909	0.250980	30.340000
100	1.333802	0.254870	22.600000

check_k=32
1	1.086127	0.494150	4.000000
2	1.093135	0.486720	4.000000
5	1.104033	0.479560	3.200000
10	1.118929	0.473930	2.800000
20	1.128717	0.471270	2.650000
50	1.292023	0.473700	32.419998
100	1.284111	0.475620	26.590000

check_k=64
1	1.078936	0.940750	5.000000
2	1.074843	0.949250	4.500000
5	1.087186	0.948740	4.200000
10	1.094364	1.081510	3.700000
20	1.105550	1.035600	3.550000
50	1.248271	1.046760	34.240002
100	1.263145	1.058780	31.299999

check_k=128
1	1.059801	2.062600	7.000000
2	1.066392	2.062010	6.500000
5	1.073395	2.063250	6.000000
10	1.074210	2.060320	6.000000
20	1.082666	2.162860	5.600000
50	1.246890	2.053580	37.080002
100	1.232897	2.085960	34.070000

check_k=256
1	1.047488	4.088300	12.000000
2	1.050881	4.213220	11.000000
5	1.058846	4.082300	9.400000
10	1.059950	4.030880	9.400000
20	1.067276	4.109510	9.200000
50	1.232262	4.065630	39.040001
100	1.207420	4.112790	36.240002

check_k=512
1	1.035424	8.217690	17.000000
2	1.040139	8.117080	15.000000
5	1.044616	8.242600	13.600000
10	1.049010	7.851630	14.300000
20	1.052031	7.877930	14.250000
50	1.220367	8.230840	40.520000
100	1.189223	8.280350	38.470001

lcsb  r=0.660000, L=32
Indexing Time: 14.793624 Seconds

Estimated Memory Usage: 424820736 Bytes

check_k=1
1	1.164562	0.077510	0.000000
2	1.178283	0.070080	0.000000
5	1.208098	0.053490	0.200000
10	1.242381	0.044510	0.200000
20	1.293285	0.041200	0.150000
50	1.639158	0.039970	16.360001
100	31622.777344	0.039230	6.640000

check_k=2
1	1.146713	0.079080	1.000000
2	1.152405	0.080500	0.500000
5	1.170521	0.072280	0.400000
10	1.195933	0.074790	0.400000
20	1.226744	0.079710	0.300000
50	1.419820	0.082150	23.000000
100	1.580826	0.085670	13.110000

check_k=4
1	1.130117	0.151040	2.000000
2	1.137206	0.155900	1.500000
5	1.148010	0.151660	1.600000
10	1.159094	0.153580	1.100000
20	1.182787	0.152260	0.650000
50	1.342487	0.158190	27.100000
100	1.377472	0.162690	18.270000

check_k=8
1	1.107501	0.284960	5.000000
2	1.114312	0.282990	3.500000
5	1.126413	0.283430	2.800000
10	1.136639	0.284610	2.100000
20	1.150315	0.284650	1.400000
50	1.324400	0.297140	30.799999
100	1.328442	0.291280	22.580000

check_k=16
1	1.086548	0.544630	6.000000
2	1.095008	0.543100	5.000000
5	1.105464	0.529920	3.800000
10	1.119220	0.539910	3.200000
20	1.123560	0.556010	2.500000
50	1.275380	0.660490	32.320000
100	1.284670	0.563080	26.180000

check_k=32
1	1.072871	1.064470	7.000000
2	1.075235	1.067980	6.000000
5	1.087989	1.075860	5.200000
10	1.097137	1.074330	4.500000
20	1.106597	1.080260	4.200000
50	1.247150	1.081940	34.240002
100	1.256114	1.089060	30.830000

check_k=64
1	1.054348	2.106910	10.000000
2	1.064447	2.206030	8.500000
5	1.072939	2.109880	7.800000
10	1.075641	2.119770	7.400000
20	1.084652	2.096030	6.700000
50	1.243758	2.080060	36.680000
100	1.232873	2.091630	34.599998

check_k=128
1	1.043163	4.145630	13.000000
2	1.049393	4.060560	11.500000
5	1.054936	4.129410	11.600000
10	1.060464	4.251390	11.900000
20	1.065515	4.146720	11.100000
50	1.229070	4.150480	39.320000
100	1.198149	4.267540	36.860001

check_k=256
1	1.029819	8.102190	17.000000
2	1.034967	7.886040	17.500000
5	1.042024	8.225640	18.600000
10	1.044037	8.175730	18.400000
20	1.050390	8.262090	17.700001
50	1.217059	8.225960	40.820000
100	1.191440	8.102340	39.419998

check_k=512
1	1.020644	16.215998	27.000000
2	1.027642	16.185600	25.500000
5	1.030453	15.940630	25.799999
10	1.032522	16.222990	26.700001
20	1.036632	15.282001	25.799999
50	1.228017	16.334021	42.020000
100	1.194124	16.194738	41.209999

lcsb  r=0.660000, L=64
Indexing Time: 30.782902 Seconds

Estimated Memory Usage: 806088704 Bytes

check_k=1
1	1.131036	0.154480	1.000000
2	1.145547	0.138260	1.000000
5	1.166466	0.132060	1.000000
10	1.190249	0.126970	1.300000
20	1.218625	0.124400	0.850000
50	1.395829	0.126200	23.740000
100	1.578311	0.125730	13.230000

check_k=2
1	1.110149	0.190830	3.000000
2	1.125424	0.190310	2.000000
5	1.144644	0.190380	1.600000
10	1.160026	0.196500	1.900000
20	1.179764	0.193380	1.300000
50	1.330401	0.194390	27.260000
100	1.388193	0.196910	18.559999

check_k=4
1	1.095613	0.325920	6.000000
2	1.103181	0.329410	4.500000
5	1.121590	0.323290	2.800000
10	1.130453	0.322360	2.900000
20	1.146224	0.329960	2.050000
50	1.307055	0.326570	30.959999
100	1.316559	0.334180	22.809999

check_k=8
1	1.084594	0.589000	9.000000
2	1.092284	0.590520	7.000000
5	1.101099	0.588450	4.600000
10	1.114283	0.593010	4.200000
20	1.124755	0.585030	3.200000
50	1.275824	0.576200	32.860001
100	1.285354	0.576850	26.910000

check_k=16
1	1.062820	1.032210	11.000000
2	1.072354	1.011300	9.500000
5	1.082846	1.001720	6.800000
10	1.089169	0.997130	6.400000
20	1.102896	0.995230	5.100000
50	1.251865	1.124220	34.799999
100	1.253070	1.011430	31.160000

check_k=32
1	1.055280	1.929600	12.000000
2	1.062497	1.990410	10.500000
5	1.070541	2.086930	8.600000
10	1.072362	2.105450	8.600000
20	1.083237	2.099340	7.800000
50	1.240818	2.149710	37.340000
100	1.233132	2.141900	34.689999

check_k=64
1	1.040277	4.153390	16.000000
2	1.047520	4.235330	14.500000
5	1.051866	4.142220	13.400000
10	1.059335	4.131010	12.800000
20	1.061355	4.136200	12.550000
50	1.216508	3.923790	39.700001
100	1.201887	3.782170	37.270000

check_k=128
1	1.034023	7.785780	18.000000
2	1.037287	8.096760	17.000000
5	1.040176	8.160430	18.400000
10	1.041304	8.000260	17.799999
20	1.047206	7.915270	17.950001
50	1.213438	7.506380	40.759998
100	1.193050	7.918089	39.880001

check_k=256
1	1.020427	15.968981	28.000000
2	1.025692	14.815399	26.500000
5	1.025229	13.981930	29.000000
10	1.030051	13.599579	28.900000
20	1.033283	13.908041	29.100000
50	1.230665	13.913099	42.020000
100	1.190004	13.635431	41.720001

check_k=512
1	1.003184	26.817078	46.000000
2	1.017953	27.062733	42.000000
5	1.018957	26.816170	42.200001
10	1.020675	27.158752	41.200001
20	1.021697	26.772949	40.700001
50	1.239504	26.678720	43.759998
100	1.196791	27.000010	43.669998

lcsb  r=0.660000, L=128
Indexing Time: 59.021317 Seconds

Estimated Memory Usage: 1568481280 Bytes

check_k=1
1	1.110649	0.285800	3.000000
2	1.120873	0.252330	2.000000
5	1.139926	0.238630	2.000000
10	1.158693	0.231850	1.600000
20	1.176523	0.232010	1.250000
50	1.334333	0.231570	30.139999
100	1.391934	0.235240	23.530001

check_k=2
1	1.090449	0.356390	5.000000
2	1.103520	0.352400	4.000000
5	1.118107	0.349520	3.400000
10	1.129006	0.350400	2.400000
20	1.145691	0.347370	2.150000
50	1.314471	0.349260	33.480000
100	1.324941	0.355520	27.520000

check_k=4
1	1.079354	0.595040	9.000000
2	1.088720	0.589620	7.000000
5	1.098098	0.639490	5.400000
10	1.107301	0.580730	4.400000
20	1.115645	0.581310	4.200000
50	1.284799	0.582870	36.060001
100	1.275685	0.588780	32.080002

check_k=8
1	1.071384	1.051540	11.000000
2	1.072354	1.045220	9.000000
5	1.080964	1.038540	7.600000
10	1.086404	1.033170	6.800000
20	1.095739	1.033490	6.400000
50	1.249088	1.040700	38.459999
100	1.250974	1.052890	36.290001

check_k=16
1	1.053922	2.084850	13.000000
2	1.062726	1.933490	12.000000
5	1.066310	1.935350	9.800000
10	1.072077	1.960420	9.800000
20	1.075352	1.929920	9.300000
50	1.237929	1.927950	40.599998
100	1.224751	1.930760	38.990002

check_k=32
1	1.041132	3.753710	17.000000
2	1.047872	3.686200	15.000000
5	1.053844	3.776830	14.000000
10	1.057311	4.116410	14.600000
20	1.058874	4.069240	13.950000
50	1.214615	4.075530	42.040001
100	1.199254	4.168380	41.290001

check_k=64
1	1.024988	7.842090	25.000000
2	1.032899	7.841120	23.000000
5	1.038754	7.789830	21.200001
10	1.041897	7.929750	22.299999
20	1.044550	8.019140	21.200001
50	1.217647	7.889140	43.220001
100	1.189902	7.909830	44.299999

check_k=128
1	1.013271	15.143140	36.000000
2	1.021986	13.967660	32.500000
5	1.026258	13.969952	32.200001
10	1.029211	14.018120	32.500000
20	1.032052	13.865139	31.000000
50	1.233736	13.937880	44.580002
100	1.188681	13.916520	46.570000

check_k=256
1	1.000000	26.784430	52.000000
2	1.012626	26.865019	46.000000
5	1.011680	26.764961	48.599998
10	1.016710	26.755371	48.000000
20	1.019582	26.847200	45.650002
50	1.235758	26.952110	46.299999
100	1.195083	26.830070	48.389999

check_k=512
1	1.000000	50.981670	71.000000
2	1.003086	51.004162	63.000000
5	1.007173	51.058170	63.000000
10	1.008626	51.024471	64.599998
20	1.010458	50.954830	62.549999
50	1.229747	51.041744	47.680000
100	1.193439	51.097050	49.540001

lcsb  r=0.660000, L=256
Indexing Time: 120.707130 Seconds

Estimated Memory Usage: 3093401600 Bytes

check_k=1
1	1.090382	0.635330	3.000000
2	1.096475	0.531050	2.000000
5	1.114126	0.515220	2.200000
10	1.123304	0.509130	2.300000
20	1.139032	0.491000	2.050000
50	1.303988	0.489100	33.779999
100	1.316344	0.485480	28.400000

check_k=2
1	1.081270	0.724400	3.000000
2	1.079595	0.722370	3.500000
5	1.091526	0.735950	3.200000
10	1.102479	0.717550	3.300000
20	1.113001	0.716650	3.550000
50	1.271699	0.877430	36.459999
100	1.270953	0.727370	33.270000

check_k=4
1	1.068253	1.191470	12.000000
2	1.064894	1.187980	10.500000
5	1.076444	1.189160	8.000000
10	1.083750	1.186250	6.900000
20	1.090730	1.179620	6.850000
50	1.249109	1.181350	39.139999
100	1.245758	1.187210	36.959999

check_k=8
1	1.050759	2.088880	13.000000
2	1.053713	2.083300	13.000000
5	1.063739	2.098160	12.600000
10	1.063683	2.083800	10.700000
20	1.071939	2.133640	10.400000
50	1.223043	2.103720	41.160000
100	1.210131	2.263100	39.820000

check_k=16
1	1.040205	3.854770	19.000000
2	1.041714	3.877520	17.500000
5	1.049602	3.843020	16.400000
10	1.052913	4.005300	15.700000
20	1.056546	3.848530	15.200000
50	1.213416	3.849800	42.520000
100	1.201075	3.853510	41.700001

check_k=32
1	1.022348	7.335360	32.000000
2	1.031373	7.487610	27.000000
5	1.033625	7.284840	24.200001
10	1.038022	7.441120	23.299999
20	1.043532	7.300099	23.400000
50	1.217644	7.350340	43.459999
100	1.191837	7.511170	44.380001

check_k=64
1	1.009963	14.025819	41.000000
2	1.019246	13.933430	38.000000
5	1.021602	14.058240	36.400002
10	1.025382	13.998461	35.799999
20	1.028743	13.951449	34.650002
50	1.238113	14.033178	45.020000
100	1.190416	14.077079	46.910000

check_k=128
1	1.000000	26.839548	60.000000
2	1.008373	26.689392	57.000000
5	1.011218	26.736729	53.000000
10	1.014524	26.868780	50.400002
20	1.016760	26.645231	49.200001
50	1.233318	26.695061	47.080002
100	1.190288	26.840378	49.020000

check_k=256
1	1.000000	50.264160	75.000000
2	1.000000	50.531239	73.000000
5	1.004364	50.406597	71.000000
10	1.007711	50.361412	68.199997
20	1.008652	50.437920	67.199997
50	1.232388	50.343052	48.040001
100	1.193835	50.344379	50.049999

check_k=512
1	1.000000	92.228401	89.000000
2	1.000000	92.303261	86.000000
5	1.000018	92.326874	84.800003
10	1.002197	92.242599	83.599998
20	1.003714	92.451912	82.449997
50	1.232882	92.281982	48.919998
100	1.189002	92.194374	50.580002

lcsb  r=0.660000, L=512
Indexing Time: 249.780930 Seconds

Estimated Memory Usage: 6143115264 Bytes

check_k=1
1	1.079614	1.227220	4.000000
2	1.079034	1.114540	3.000000
5	1.091917	1.069480	4.800000
10	1.099348	1.056060	4.400000
20	1.110706	1.055260	4.100000
50	1.270212	1.068600	34.180000
100	1.264803	1.052360	29.660000

check_k=2
1	1.070507	1.552450	4.000000
2	1.068498	1.770980	6.500000
5	1.072650	1.567350	8.600000
10	1.080689	1.552410	7.700000
20	1.088900	1.537320	7.400000
50	1.247473	1.553570	37.439999
100	1.245640	1.554860	33.610001

check_k=4
1	1.049101	2.512870	13.000000
2	1.055625	2.660020	12.000000
5	1.058441	2.510570	13.600000
10	1.065540	2.505590	11.900000
20	1.072106	2.506270	11.050000
50	1.230520	2.505030	39.459999
100	1.209211	2.602090	36.480000

check_k=8
1	1.037756	4.356619	17.000000
2	1.037252	4.363030	18.000000
5	1.046340	4.594050	19.799999
10	1.049759	4.462350	18.100000
20	1.054775	4.379260	17.049999
50	1.212448	4.622750	40.740002
100	1.202653	4.429190	38.680000

check_k=16
1	1.027651	8.076679	27.000000
2	1.029787	7.910490	24.500000
5	1.030759	8.017040	25.000000
10	1.037569	8.105280	25.700001
20	1.039952	8.108130	24.549999
50	1.223262	8.209599	41.599998
100	1.190867	7.948250	40.570000

check_k=32
1	1.010067	15.049341	41.000000
2	1.017087	15.043449	38.000000
5	1.020033	15.037580	38.799999
10	1.023585	14.999129	38.700001
20	1.027475	14.863740	36.400002
50	1.237199	15.305281	43.119999
100	1.194697	16.192619	42.910000

check_k=64
1	1.000000	28.095669	57.000000
2	1.007531	28.128481	55.500000
5	1.009851	28.331890	55.599998
10	1.013407	29.162609	54.099998
20	1.016796	28.380251	52.650002
50	1.230470	27.979271	45.320000
100	1.191559	28.263451	45.070000

check_k=128
1	1.000000	53.812641	74.000000
2	1.000000	53.867661	75.500000
5	1.003145	52.363091	74.199997
10	1.006076	52.254829	70.599998
20	1.008312	54.783131	69.900002
50	1.234288	52.390381	46.380001
100	1.193835	52.513828	46.049999

check_k=256
1	1.000000	97.538864	86.000000
2	1.000000	94.935486	89.500000
5	1.000000	97.511230	89.800003
10	1.000098	95.413078	87.900002
20	1.002228	95.853653	86.650002
50	1.233457	105.428329	47.200001
100	1.184511	95.343536	46.630001

check_k=512
1	1.000000	163.370941	98.000000
2	1.000000	163.204773	98.000000
5	1.000000	159.621948	97.599998
10	1.000000	159.540619	96.000000
20	1.000000	159.534058	95.800003
50	1.235078	160.310257	47.360001
100	1.182758	160.119034	46.889999

