lcsb  r=0.660000, L=8
Indexing Time: 0.184914 Seconds

Estimated Memory Usage: 10366976 Bytes

check_k=1
1	1.279623	0.013620	1.000000
2	1.304329	0.012090	1.500000
5	1.339498	0.011420	0.800000
10	1.383625	0.009140	0.500000
20	31622.777344	0.008000	0.500000
50	31622.777344	0.007790	0.940000
100	31622.777344	0.007710	0.760000

check_k=2
1	1.234170	0.017230	1.000000
2	1.247432	0.014610	2.000000
5	1.283150	0.013790	1.400000
10	1.309992	0.013710	0.900000
20	1.334199	0.013910	0.750000
50	31622.777344	0.013860	1.760000
100	31622.777344	0.013870	1.370000

check_k=4
1	1.210251	0.031520	1.000000
2	1.219068	0.029930	2.000000
5	1.233647	0.030350	1.400000
10	1.248645	0.028730	1.100000
20	1.284811	0.028750	0.900000
50	1.412419	0.028920	3.320000
100	31622.777344	0.028650	2.510000

check_k=8
1	1.184307	0.067650	2.000000
2	1.185619	0.061810	3.000000
5	1.197649	0.060160	2.000000
10	1.205190	0.061790	1.500000
20	1.227726	0.062210	1.400000
50	1.344703	0.064310	6.080000
100	1.408687	0.065680	4.440000

check_k=16
1	1.136677	0.134670	3.000000
2	1.151785	0.127550	3.500000
5	1.157224	0.127590	3.800000
10	1.166234	0.125030	3.300000
20	1.177717	0.125880	3.000000
50	1.297845	0.127830	10.100000
100	1.327304	0.130360	7.770000

check_k=32
1	1.107217	0.245910	8.000000
2	1.128949	0.242860	7.500000
5	1.136341	0.245920	6.200000
10	1.132910	0.255430	6.200000
20	1.147182	0.249910	5.300000
50	1.254826	0.246950	15.480000
100	1.273866	0.249100	12.500000

check_k=64
1	1.076669	0.474140	16.000000
2	1.083292	0.484430	11.500000
5	1.107052	0.494120	10.000000
10	1.107923	0.514030	10.900000
20	1.114773	0.502130	9.500000
50	1.217927	0.499190	21.120001
100	1.241137	0.496570	18.340000

check_k=128
1	1.043473	0.967030	28.000000
2	1.058696	0.933800	22.000000
5	1.078057	0.936290	20.200001
10	1.082320	0.940180	19.100000
20	1.083762	0.941240	16.299999
50	1.194449	0.949140	25.980000
100	1.208993	0.950270	22.770000

check_k=256
1	1.023529	1.873190	34.000000
2	1.040866	1.879460	32.500000
5	1.051509	1.863610	29.400000
10	1.057565	1.923600	28.000000
20	1.061592	1.910930	24.950001
50	1.175223	1.882130	30.680000
100	1.174120	1.958160	27.590000

check_k=512
1	1.001350	3.683440	50.000000
2	1.022265	3.664690	46.500000
5	1.032701	3.687100	43.400002
10	1.039061	3.724540	40.099998
20	1.042105	3.782370	37.000000
50	1.165519	3.747790	34.439999
100	1.160366	3.810920	31.330000

lcsb  r=0.660000, L=16
Indexing Time: 0.348278 Seconds

Estimated Memory Usage: 16973824 Bytes

check_k=1
1	1.229693	0.027610	1.000000
2	1.257864	0.018410	2.000000
5	1.286029	0.016180	1.800000
10	1.322783	0.015860	1.400000
20	1.342421	0.016030	1.000000
50	31622.777344	0.016160	1.940000
100	31622.777344	0.016170	1.240000

check_k=2
1	1.183179	0.032760	2.000000
2	1.209511	0.032170	5.000000
5	1.227166	0.031150	3.800000
10	1.241182	0.031320	2.700000
20	1.286857	0.031390	1.750000
50	1.421085	0.033090	3.400000
100	31622.777344	0.032140	2.440000

check_k=4
1	1.147916	0.067160	2.000000
2	1.175371	0.065530	5.000000
5	1.182300	0.062320	4.600000
10	1.197448	0.063180	3.400000
20	1.224706	0.064340	2.550000
50	1.335388	0.068950	6.840000
100	1.407333	0.068690	4.660000

check_k=8
1	1.120873	0.151680	4.000000
2	1.137353	0.143140	6.000000
5	1.153351	0.134130	5.600000
10	1.160624	0.128570	4.300000
20	1.178593	0.127670	3.550000
50	1.293479	0.131570	10.900000
100	1.328924	0.131950	8.020000

check_k=16
1	1.091591	0.249310	7.000000
2	1.105754	0.251760	8.500000
5	1.123423	0.248750	8.600000
10	1.123201	0.245590	6.700000
20	1.138371	0.245360	6.300000
50	1.253301	0.251740	16.760000
100	1.279290	0.274530	13.330000

check_k=32
1	1.077123	0.508570	11.000000
2	1.085535	0.556520	12.000000
5	1.096097	0.591730	12.000000
10	1.102247	0.607130	10.500000
20	1.106476	0.622420	10.050000
50	1.216415	0.623680	21.660000
100	1.235211	0.610710	18.219999

check_k=64
1	1.049482	1.184190	24.000000
2	1.070208	1.184870	19.500000
5	1.070520	1.218590	18.799999
10	1.078349	1.182900	17.100000
20	1.079311	0.973500	16.350000
50	1.187017	0.984580	26.719999
100	1.207164	0.984220	23.080000

check_k=128
1	1.028748	1.970310	37.000000
2	1.038596	1.964430	32.500000
5	1.049547	1.934640	32.799999
10	1.051388	1.923880	29.299999
20	1.058267	1.918100	27.000000
50	1.165113	1.928800	31.299999
100	1.191438	1.934410	28.680000

check_k=256
1	1.000000	3.717570	52.000000
2	1.017793	3.734860	51.000000
5	1.028595	3.842400	48.400002
10	1.032695	3.714510	44.099998
20	1.033492	3.800810	41.250000
50	1.161164	3.793360	35.580002
100	1.161423	3.831340	32.250000

check_k=512
1	1.000000	7.314240	65.000000
2	1.008277	7.217241	64.000000
5	1.013728	7.284610	62.000000
10	1.019047	7.180429	59.700001
20	1.020663	7.313360	57.049999
50	1.159555	7.330580	38.959999
100	1.154790	7.194280	36.160000

lcsb  r=0.660000, L=32
Indexing Time: 0.678615 Seconds

Estimated Memory Usage: 30314496 Bytes

check_k=1
1	1.179002	0.063180	1.000000
2	1.200521	0.055250	1.000000
5	1.225279	0.046970	1.800000
10	1.252164	0.041610	1.800000
20	1.285859	0.038070	1.550000
50	1.425047	0.039350	4.280000
100	31622.777344	0.037230	2.620000

check_k=2
1	1.145075	0.072580	3.000000
2	1.163601	0.068600	3.500000
5	1.168453	0.069340	4.200000
10	1.192595	0.072330	3.600000
20	1.217226	0.070690	2.950000
50	1.336095	0.079100	7.840000
100	1.414608	0.077310	4.840000

check_k=4
1	1.117856	0.142750	7.000000
2	1.129226	0.131870	6.500000
5	1.140435	0.132140	7.600000
10	1.154847	0.135290	6.000000
20	1.176515	0.133320	4.650000
50	1.290563	0.136510	12.500000
100	1.325957	0.139720	9.180000

check_k=8
1	1.091672	0.255030	10.000000
2	1.095151	0.307110	11.000000
5	1.109882	0.273270	11.400000
10	1.120478	0.263360	9.300000
20	1.133670	0.260420	7.700000
50	1.253025	0.262120	18.240000
100	1.269562	0.264580	14.110000

check_k=16
1	1.060251	0.502160	21.000000
2	1.079488	0.566980	18.500000
5	1.083074	0.600350	17.200001
10	1.093823	0.516550	14.200000
20	1.100314	0.499480	12.250000
50	1.228112	0.502060	23.500000
100	1.232675	0.532570	19.070000

check_k=32
1	1.031470	0.986170	31.000000
2	1.050557	0.970630	27.000000
5	1.061488	1.008390	25.200001
10	1.071536	1.027470	21.799999
20	1.075736	1.017430	19.650000
50	1.184297	1.043410	27.900000
100	1.204917	0.999070	23.900000

check_k=64
1	1.012432	2.005910	46.000000
2	1.032476	1.992150	37.500000
5	1.041987	2.527280	35.000000
10	1.047752	2.392750	33.099998
20	1.052062	2.444940	30.600000
50	1.166191	1.970720	32.139999
100	1.189591	1.881680	29.139999

check_k=128
1	1.000000	3.755520	60.000000
2	1.017446	3.638211	54.500000
5	1.023103	3.583530	53.799999
10	1.026983	3.639650	49.400002
20	1.030668	3.613930	46.450001
50	1.164665	3.739340	36.020000
100	1.163767	3.767080	33.779999

check_k=256
1	1.000000	6.860840	68.000000
2	1.000288	6.821230	67.000000
5	1.009343	6.984520	69.000000
10	1.013336	6.870810	66.400002
20	1.016847	6.914150	63.900002
50	1.163626	7.051610	39.340000
100	1.143894	6.905270	37.349998

check_k=512
1	1.000000	12.529960	85.000000
2	1.000000	12.483660	87.000000
5	1.000000	12.761419	86.800003
10	1.004430	14.399281	84.300003
20	1.006858	12.452479	80.599998
50	1.157852	12.421250	42.080002
100	1.129583	12.635601	39.430000

lcsb  r=0.660000, L=64
Indexing Time: 1.382200 Seconds

Estimated Memory Usage: 56868864 Bytes

check_k=1
1	1.129976	0.113730	4.000000
2	1.141335	0.101940	4.000000
5	1.167422	0.099160	4.000000
10	1.190186	0.101240	3.400000
20	1.214879	0.097790	3.450000
50	1.338785	0.096710	8.940000
100	1.411429	0.096850	5.640000

check_k=2
1	1.101282	0.164480	7.000000
2	1.113154	0.166270	10.000000
5	1.132741	0.163820	8.600000
10	1.143717	0.164550	7.100000
20	1.168147	0.160510	6.050000
50	1.270412	0.161050	14.720000
100	1.316738	0.163540	10.620000

check_k=4
1	1.069557	0.300060	17.000000
2	1.086289	0.285440	16.500000
5	1.093368	0.286660	13.600000
10	1.108948	0.284680	11.700000
20	1.123716	0.283040	10.350000
50	1.236374	0.307790	21.320000
100	1.261701	0.293900	16.030001

check_k=8
1	1.042395	0.531240	28.000000
2	1.065027	0.538740	25.000000
5	1.071908	0.536030	20.200001
10	1.082409	0.525150	17.299999
20	1.092062	0.525850	15.650000
50	1.201974	0.529250	26.040001
100	1.227975	0.557720	21.020000

check_k=16
1	1.012851	1.009090	44.000000
2	1.037367	1.021960	37.500000
5	1.048501	1.037850	32.000000
10	1.055915	1.058570	28.000000
20	1.066843	1.070530	25.250000
50	1.181400	1.051760	30.580000
100	1.200416	1.041160	25.969999

check_k=32
1	1.000000	1.961070	54.000000
2	1.024548	1.990150	47.000000
5	1.036868	2.004010	42.000000
10	1.036874	1.985570	39.400002
20	1.044161	1.996590	36.049999
50	1.168750	1.984500	34.180000
100	1.178194	2.089220	30.620001

check_k=64
1	1.000000	3.792390	67.000000
2	1.009214	3.810460	62.500000
5	1.015366	3.771300	59.400002
10	1.022786	3.824760	54.700001
20	1.027765	4.024130	51.150002
50	1.165349	3.838550	37.900002
100	1.149031	3.887490	34.869999

check_k=128
1	1.000000	7.125770	87.000000
2	1.000000	8.085609	82.000000
5	1.005513	7.682260	77.599998
10	1.010275	7.212720	72.699997
20	1.012883	7.281430	70.400002
50	1.159153	7.611341	40.540001
100	1.136232	7.763170	38.090000

check_k=256
1	1.000000	13.791959	94.000000
2	1.000000	13.801060	91.500000
5	1.000000	13.706360	90.199997
10	1.001772	13.796740	87.199997
20	1.003443	12.620230	85.699997
50	1.152621	12.711300	42.959999
100	1.126474	13.932140	39.880001

check_k=512
1	1.000000	21.139050	97.000000
2	1.000000	20.955351	96.500000
5	1.000000	20.916870	97.400002
10	1.000000	20.805161	96.099998
20	1.000000	20.887520	95.400002
50	1.150930	21.897499	44.540001
100	1.119458	24.356239	40.790001

lcsb  r=0.660000, L=128
Indexing Time: 3.338678 Seconds

Estimated Memory Usage: 110112768 Bytes

check_k=1
1	1.088931	1.511080	14.000000
2	1.107371	0.212260	13.000000
5	1.130077	0.194230	11.400000
10	1.145736	0.190690	7.800000
20	1.161509	0.191170	6.600000
50	1.275446	0.193180	15.560000
100	1.318457	0.195730	10.760000

check_k=2
1	1.059930	0.907480	21.000000
2	1.079773	0.321680	20.000000
5	1.097289	0.317760	16.799999
10	1.101009	0.316730	14.000000
20	1.117912	0.317360	12.050000
50	1.236167	0.320560	22.080000
100	1.263214	0.326380	16.129999

check_k=4
1	1.044534	0.946240	25.000000
2	1.055047	0.553070	26.000000
5	1.064165	0.549740	24.600000
10	1.074875	0.550520	21.400000
20	1.085189	0.551680	19.049999
50	1.209788	0.556270	27.120001
100	1.223271	0.563570	21.530001

check_k=8
1	1.028497	1.130260	33.000000
2	1.033604	1.016830	37.500000
5	1.044196	1.019170	36.200001
10	1.055537	1.018590	31.600000
20	1.059448	1.020750	28.299999
50	1.177068	1.025030	31.700001
100	1.199695	1.057710	27.230000

check_k=16
1	1.000000	1.934000	54.000000
2	1.016253	1.926570	51.000000
5	1.027515	1.927430	49.200001
10	1.032673	1.926490	44.200001
20	1.037756	1.929510	41.349998
50	1.168476	1.935050	35.540001
100	1.157684	1.944730	31.990000

check_k=32
1	1.000000	3.657420	74.000000
2	1.000000	3.655800	70.000000
5	1.011176	3.658850	64.599998
10	1.016441	3.657860	60.299999
20	1.022172	3.672770	57.349998
50	1.163541	3.672840	38.740002
100	1.146142	3.683070	35.430000

check_k=64
1	1.000000	6.796301	86.000000
2	1.000000	6.801120	84.000000
5	1.001379	6.797370	81.000000
10	1.007393	6.794260	77.199997
20	1.009852	6.800640	74.400002
50	1.161106	6.829260	41.360001
100	1.133677	6.815020	38.470001

check_k=128
1	1.000000	12.103299	96.000000
2	1.000000	12.105830	95.000000
5	1.000000	12.136130	93.400002
10	1.000000	12.120251	91.300003
20	1.002757	12.051661	89.650002
50	1.152630	12.144740	43.459999
100	1.121962	12.150071	40.310001

check_k=256
1	1.000000	19.839960	99.000000
2	1.000000	19.856958	98.500000
5	1.000000	19.813290	98.599998
10	1.000000	19.843029	98.199997
20	1.000000	19.817299	97.550003
50	1.150930	19.813820	44.459999
100	1.118834	19.834110	40.880001

check_k=512
1	1.000000	28.127451	100.000000
2	1.000000	28.118111	100.000000
5	1.000000	28.039230	100.000000
10	1.000000	28.034561	99.699997
20	1.000000	27.876259	99.449997
50	1.150463	28.282312	44.740002
100	1.118642	28.309860	41.029999

lcsb  r=0.660000, L=256
Indexing Time: 6.349440 Seconds

Estimated Memory Usage: 216461312 Bytes

check_k=1
1	1.060251	1.639700	24.000000
2	1.082400	0.420250	22.500000
5	1.084798	0.401050	18.600000
10	1.096630	0.400650	16.000000
20	1.114418	0.401250	13.400000
50	1.234902	0.402570	25.440001
100	1.259474	0.406650	20.690001

check_k=2
1	1.036906	1.050190	34.000000
2	1.050022	0.641130	32.000000
5	1.059181	0.639210	29.200001
10	1.071854	0.638240	25.700001
20	1.080154	0.641760	21.950001
50	1.202705	0.643230	30.440001
100	1.222555	0.654060	25.910000

check_k=4
1	1.012026	1.266990	47.000000
2	1.028917	1.120180	46.500000
5	1.039438	1.114350	42.599998
10	1.045883	1.099450	38.000000
20	1.054971	1.100580	33.599998
50	1.171967	1.105630	35.540001
100	1.195771	1.119910	31.870001

check_k=8
1	1.000000	2.032800	55.000000
2	1.006882	2.028830	60.500000
5	1.022850	2.032310	55.400002
10	1.026983	2.035180	50.299999
20	1.032918	2.023150	47.049999
50	1.178245	2.036000	38.860001
100	1.153694	2.037550	36.689999

check_k=16
1	1.000000	3.810490	77.000000
2	1.000000	3.733120	75.500000
5	1.009883	3.767420	70.000000
10	1.015099	3.768960	63.900002
20	1.017813	3.742930	61.750000
50	1.163626	3.759880	41.340000
100	1.141876	3.850010	40.380001

check_k=32
1	1.000000	6.967880	87.000000
2	1.000000	6.951170	87.000000
5	1.000195	6.935110	84.400002
10	1.006184	6.934089	79.300003
20	1.007089	6.928830	77.750000
50	1.164575	6.935750	43.919998
100	1.136296	6.940630	42.680000

check_k=64
1	1.000000	12.223320	95.000000
2	1.000000	12.241930	95.500000
5	1.000000	12.252480	94.000000
10	1.000000	12.272660	92.599998
20	1.002107	12.257679	90.849998
50	1.153632	12.192070	45.680000
100	1.124431	12.300611	44.209999

check_k=128
1	1.000000	19.843000	100.000000
2	1.000000	19.875891	99.000000
5	1.000000	19.851801	98.199997
10	1.000000	19.929600	98.199997
20	1.000000	19.702141	97.949997
50	1.150930	19.879271	46.680000
100	1.118642	19.861488	44.880001

check_k=256
1	1.000000	28.058369	100.000000
2	1.000000	28.006990	100.000000
5	1.000000	27.877419	100.000000
10	1.000000	28.003088	99.900002
20	1.000000	28.387529	99.750000
50	1.149554	28.252281	46.799999
100	1.118642	28.092720	45.040001

check_k=512
1	1.000000	33.244442	100.000000
2	1.000000	33.213070	100.000000
5	1.000000	33.154991	100.000000
10	1.000000	33.242271	100.000000
20	1.000000	33.242649	100.000000
50	1.149554	33.139698	46.799999
100	1.118642	33.259838	45.049999

lcsb  r=0.660000, L=512
Indexing Time: 12.695512 Seconds

Estimated Memory Usage: 429289472 Bytes

check_k=1
1	1.030289	2.236590	32.000000
2	1.050022	0.846180	33.500000
5	1.051784	0.839630	29.200001
10	1.064842	0.843050	25.700001
20	1.077866	0.841590	24.200001
50	1.203433	0.844230	30.760000
100	1.220684	0.852150	26.969999

check_k=2
1	1.007738	1.408080	46.000000
2	1.021783	1.315870	49.000000
5	1.034081	1.319830	44.200001
10	1.044836	1.322600	40.000000
20	1.047884	1.336300	36.450001
50	1.180589	1.331840	35.459999
100	1.189600	1.372220	32.849998

check_k=4
1	1.000000	2.290830	64.000000
2	1.001317	2.259510	66.000000
5	1.013908	2.257740	60.599998
10	1.023049	2.265430	55.900002
20	1.027006	2.277970	51.900002
50	1.170464	2.272550	39.880001
100	1.160066	2.287950	37.450001

check_k=8
1	1.000000	4.032970	81.000000
2	1.000000	4.155410	78.500000
5	1.005604	4.103890	75.400002
10	1.010590	4.015320	71.300003
20	1.014100	3.989380	68.699997
50	1.161874	4.006490	42.660000
100	1.145265	4.036700	40.970001

check_k=16
1	1.000000	7.176230	90.000000
2	1.000000	7.327610	87.500000
5	1.000000	7.326800	87.800003
10	1.002585	7.275149	85.300003
20	1.004949	7.252720	82.650002
50	1.155298	7.301801	44.480000
100	1.134485	7.228940	43.360001

check_k=32
1	1.000000	12.799880	95.000000
2	1.000000	12.731310	95.000000
5	1.000000	13.011090	96.000000
10	1.000000	12.965851	94.699997
20	1.000809	12.871280	93.400002
50	1.150469	12.805520	45.919998
100	1.124431	12.851820	44.450001

check_k=64
1	1.000000	20.735701	99.000000
2	1.000000	20.179241	99.000000
5	1.000000	20.054291	99.199997
10	1.000000	20.331558	98.900002
20	1.000000	20.298290	98.449997
50	1.150930	20.311440	46.700001
100	1.118642	20.204170	44.930000

check_k=128
1	1.000000	28.414141	100.000000
2	1.000000	28.459461	100.000000
5	1.000000	28.694529	100.000000
10	1.000000	28.465559	100.000000
20	1.000000	28.675171	99.849998
50	1.150266	28.545481	46.799999
100	1.118642	28.708580	45.049999

check_k=256
1	1.000000	34.093372	100.000000
2	1.000000	34.108009	100.000000
5	1.000000	34.269642	100.000000
10	1.000000	34.064011	100.000000
20	1.000000	34.067738	100.000000
50	1.149554	34.121422	46.799999
100	1.118642	34.227909	45.049999

check_k=512
1	1.000000	35.704052	100.000000
2	1.000000	35.518990	100.000000
5	1.000000	35.624332	100.000000
10	1.000000	35.852970	100.000000
20	1.000000	35.994450	100.000000
50	1.149554	36.038597	46.799999
100	1.118642	36.164600	45.049999

