lcsb  r=0.660000, L=8
Indexing Time: 0.183971 Seconds

Estimated Memory Usage: 10366976 Bytes

check_k=1
1	1.279623	0.012480	1.000000
2	1.304329	0.007180	1.500000
5	1.339498	0.006740	0.800000
10	1.383625	0.006550	0.500000
20	31622.777344	0.006520	0.500000
50	31622.777344	0.006600	0.940000
100	31622.777344	0.006430	0.760000

check_k=2
1	1.234170	0.015250	1.000000
2	1.247432	0.011940	2.000000
5	1.283150	0.011380	1.400000
10	1.309992	0.011320	0.900000
20	1.334199	0.011510	0.750000
50	31622.777344	0.011640	1.760000
100	31622.777344	0.011520	1.370000

check_k=4
1	1.210251	0.028880	1.000000
2	1.219068	0.027150	2.000000
5	1.233647	0.026320	1.400000
10	1.248645	0.026160	1.100000
20	1.284811	0.026500	0.900000
50	1.412419	0.027300	3.320000
100	31622.777344	0.027200	2.510000

check_k=8
1	1.184307	0.064480	2.000000
2	1.185619	0.061220	3.000000
5	1.197649	0.058670	2.000000
10	1.205190	0.059720	1.500000
20	1.227726	0.061010	1.400000
50	1.344703	0.063020	6.080000
100	1.408687	0.063770	4.440000

check_k=16
1	1.136677	0.127770	3.000000
2	1.151785	0.123840	3.500000
5	1.157224	0.125680	3.800000
10	1.166234	0.126730	3.300000
20	1.177717	0.123390	3.000000
50	1.297845	0.125810	10.100000
100	1.327304	0.129270	7.770000

check_k=32
1	1.107217	0.246770	8.000000
2	1.128949	0.244140	7.500000
5	1.136341	0.242450	6.200000
10	1.132910	0.249700	6.200000
20	1.147182	0.245920	5.300000
50	1.254826	0.249260	15.480000
100	1.273866	0.253480	12.500000

check_k=64
1	1.076669	0.489500	16.000000
2	1.083292	0.492480	11.500000
5	1.107052	0.495310	10.000000
10	1.107923	0.492720	10.900000
20	1.114773	0.495270	9.500000
50	1.217927	0.499200	21.120001
100	1.241137	0.505050	18.340000

check_k=128
1	1.043473	0.998860	28.000000
2	1.058696	0.971830	22.000000
5	1.078057	0.977460	20.200001
10	1.082320	0.977370	19.100000
20	1.083762	0.974350	16.299999
50	1.194449	0.970130	25.980000
100	1.208993	0.984200	22.770000

check_k=256
1	1.023529	1.964770	34.000000
2	1.040866	1.995450	32.500000
5	1.051509	1.985700	29.400000
10	1.057565	1.964640	28.000000
20	1.061592	1.974420	24.950001
50	1.175223	2.011810	30.680000
100	1.174120	2.008220	27.590000

check_k=512
1	1.001350	3.867310	50.000000
2	1.022265	3.900010	46.500000
5	1.032701	3.841880	43.400002
10	1.039061	3.869860	40.099998
20	1.042105	3.881280	37.000000
50	1.165519	3.874470	34.439999
100	1.160366	3.875820	31.330000

lcsb  r=0.660000, L=16
Indexing Time: 0.335720 Seconds

Estimated Memory Usage: 16973824 Bytes

check_k=1
1	1.229693	0.024740	1.000000
2	1.257864	0.017740	2.000000
5	1.286029	0.014680	1.800000
10	1.322783	0.013700	1.400000
20	1.342421	0.013710	1.000000
50	31622.777344	0.013770	1.940000
100	31622.777344	0.013630	1.240000

check_k=2
1	1.183179	0.031660	2.000000
2	1.209511	0.028680	5.000000
5	1.227166	0.026700	3.800000
10	1.241182	0.026700	2.700000
20	1.286857	0.027380	1.750000
50	1.421085	0.027670	3.400000
100	31622.777344	0.027960	2.440000

check_k=4
1	1.147916	0.066470	2.000000
2	1.175371	0.065020	5.000000
5	1.182300	0.064820	4.600000
10	1.197448	0.061970	3.400000
20	1.224706	0.063050	2.550000
50	1.335388	0.064960	6.840000
100	1.407333	0.065710	4.660000

check_k=8
1	1.120873	0.127480	4.000000
2	1.137353	0.126070	6.000000
5	1.153351	0.125490	5.600000
10	1.160624	0.125540	4.300000
20	1.178593	0.126200	3.550000
50	1.293479	0.128340	10.900000
100	1.328924	0.131650	8.020000

check_k=16
1	1.091591	0.248470	7.000000
2	1.105754	0.246220	8.500000
5	1.123423	0.245200	8.600000
10	1.123201	0.245340	6.700000
20	1.138371	0.252860	6.300000
50	1.253301	0.251750	16.760000
100	1.279290	0.256540	13.330000

check_k=32
1	1.077123	0.491590	11.000000
2	1.085535	0.492660	12.000000
5	1.096097	0.490930	12.000000
10	1.102247	0.488100	10.500000
20	1.106476	0.491940	10.050000
50	1.216415	0.507250	21.660000
100	1.235211	0.501310	18.219999

check_k=64
1	1.049482	0.959610	24.000000
2	1.070208	0.958060	19.500000
5	1.070520	0.968500	18.799999
10	1.078349	0.969170	17.100000
20	1.079311	0.963910	16.350000
50	1.187017	0.970210	26.719999
100	1.207164	0.977510	23.080000

check_k=128
1	1.028748	1.964870	37.000000
2	1.038596	1.946700	32.500000
5	1.049547	1.935050	32.799999
10	1.051388	1.970710	29.299999
20	1.058267	1.961820	27.000000
50	1.165113	1.955070	31.299999
100	1.191438	1.976290	28.680000

check_k=256
1	1.000000	3.770200	52.000000
2	1.017793	3.810850	51.000000
5	1.028595	3.801140	48.400002
10	1.032695	3.810120	44.099998
20	1.033492	3.855830	41.250000
50	1.161164	3.794000	35.580002
100	1.161423	3.850000	32.250000

check_k=512
1	1.000000	7.301870	65.000000
2	1.008277	7.245111	64.000000
5	1.013728	7.265030	62.000000
10	1.019047	7.228940	59.700001
20	1.020663	7.233100	57.049999
50	1.159555	7.296660	38.959999
100	1.154790	7.301219	36.160000

lcsb  r=0.660000, L=32
Indexing Time: 0.661042 Seconds

Estimated Memory Usage: 30314496 Bytes

check_k=1
1	1.179002	0.054380	1.000000
2	1.200521	0.045640	1.000000
5	1.225279	0.038040	1.800000
10	1.252164	0.034910	1.800000
20	1.285859	0.034630	1.550000
50	1.425047	0.034810	4.280000
100	31622.777344	0.034510	2.620000

check_k=2
1	1.145075	0.074730	3.000000
2	1.163601	0.068240	3.500000
5	1.168453	0.069490	4.200000
10	1.192595	0.071080	3.600000
20	1.217226	0.071960	2.950000
50	1.336095	0.073700	7.840000
100	1.414608	0.074720	4.840000

check_k=4
1	1.117856	0.138760	7.000000
2	1.129226	0.136310	6.500000
5	1.140435	0.136380	7.600000
10	1.154847	0.137390	6.000000
20	1.176515	0.143250	4.650000
50	1.290563	0.144730	12.500000
100	1.325957	0.143400	9.180000

check_k=8
1	1.091672	0.265590	10.000000
2	1.095151	0.263160	11.000000
5	1.109882	0.263060	11.400000
10	1.120478	0.264400	9.300000
20	1.133670	0.265210	7.700000
50	1.253025	0.268320	18.240000
100	1.269562	0.277860	14.110000

check_k=16
1	1.060251	0.520920	21.000000
2	1.079488	0.524810	18.500000
5	1.083074	0.519240	17.200001
10	1.093823	0.518380	14.200000
20	1.100314	0.520100	12.250000
50	1.228112	0.523530	23.500000
100	1.232675	0.531450	19.070000

check_k=32
1	1.031470	1.011640	31.000000
2	1.050557	0.997040	27.000000
5	1.061488	1.007150	25.200001
10	1.071536	0.996810	21.799999
20	1.075736	0.988240	19.650000
50	1.184297	0.982660	27.900000
100	1.204917	0.993860	23.900000

check_k=64
1	1.012432	1.918400	46.000000
2	1.032476	1.993580	37.500000
5	1.041987	1.955920	35.000000
10	1.047752	1.968640	33.099998
20	1.052062	1.946370	30.600000
50	1.166191	1.966110	32.139999
100	1.189591	1.963870	29.139999

check_k=128
1	1.000000	3.751380	60.000000
2	1.017446	3.685660	54.500000
5	1.023103	3.728580	53.799999
10	1.026983	3.735060	49.400002
20	1.030668	3.744480	46.450001
50	1.164665	3.780090	36.020000
100	1.163767	3.739760	33.779999

check_k=256
1	1.000000	7.138110	68.000000
2	1.000288	7.187670	67.000000
5	1.009343	7.132310	69.000000
10	1.013336	7.165850	66.400002
20	1.016847	7.097680	63.900002
50	1.163626	7.137600	39.340000
100	1.143894	7.102180	37.349998

check_k=512
1	1.000000	12.901681	85.000000
2	1.000000	12.753500	87.000000
5	1.000000	12.762860	86.800003
10	1.004430	13.058619	84.300003
20	1.006858	12.970320	80.599998
50	1.157852	12.787800	42.080002
100	1.129583	13.027450	39.430000

lcsb  r=0.660000, L=64
Indexing Time: 1.358250 Seconds

Estimated Memory Usage: 56868864 Bytes

check_k=1
1	1.129976	0.112830	4.000000
2	1.141335	0.097710	4.000000
5	1.167422	0.093710	4.000000
10	1.190186	0.090800	3.400000
20	1.214879	0.084260	3.450000
50	1.338785	0.085930	10.940000
100	1.411429	0.087340	9.640000

check_k=2
1	1.101282	0.153620	7.000000
2	1.113154	0.154770	10.000000
5	1.132741	0.161490	8.600000
10	1.143717	0.163650	7.100000
20	1.168147	0.156640	6.050000
50	1.270412	0.156380	16.719999
100	1.316738	0.159690	14.620000

check_k=4
1	1.069557	0.281530	17.000000
2	1.086289	0.277920	16.500000
5	1.093368	0.277320	13.600000
10	1.108948	0.277490	11.700000
20	1.123716	0.280720	10.350000
50	1.236374	0.281510	23.320000
100	1.261701	0.306370	20.030001

check_k=8
1	1.042395	0.525350	28.000000
2	1.065027	0.521000	25.000000
5	1.071908	0.521540	20.200001
10	1.082409	0.518950	17.299999
20	1.092062	0.519920	15.650000
50	1.201974	0.527080	28.040001
100	1.227975	0.537630	25.020000

check_k=16
1	1.012851	1.010650	44.000000
2	1.037367	1.004620	37.500000
5	1.048501	1.008220	32.000000
10	1.055915	1.011700	28.000000
20	1.066843	0.996270	25.250000
50	1.181400	1.014250	32.580002
100	1.200416	1.051670	29.969999

check_k=32
1	1.000000	1.929790	54.000000
2	1.024548	1.909540	47.000000
5	1.036868	1.915990	42.000000
10	1.036874	1.934480	39.400002
20	1.044161	1.931560	36.049999
50	1.168750	1.931060	36.180000
100	1.178194	1.930850	34.619999

check_k=64
1	1.000000	3.737620	67.000000
2	1.009214	3.794750	62.500000
5	1.015366	3.741110	59.400002
10	1.022786	3.779240	54.700001
20	1.027765	3.801160	51.150002
50	1.165349	3.799360	39.900002
100	1.149031	3.820300	38.869999

check_k=128
1	1.000000	7.019750	87.000000
2	1.000000	6.795100	82.000000
5	1.005513	6.881230	77.599998
10	1.010275	6.929280	72.699997
20	1.012883	6.940880	70.400002
50	1.159153	6.976040	42.540001
100	1.136232	7.036610	42.090000

check_k=256
1	1.000000	12.512940	94.000000
2	1.000000	12.438571	91.500000
5	1.000000	12.504299	90.199997
10	1.001772	12.566969	87.199997
20	1.003443	12.485821	85.699997
50	1.152621	12.426391	44.959999
100	1.126474	12.518510	43.880001

check_k=512
1	1.000000	20.723351	97.000000
2	1.000000	20.538349	96.500000
5	1.000000	20.485062	97.400002
10	1.000000	20.402601	96.099998
20	1.000000	20.669561	95.400002
50	1.150930	20.684769	46.540001
100	1.119458	20.689631	44.790001

lcsb  r=0.660000, L=128
Indexing Time: 3.009371 Seconds

Estimated Memory Usage: 110112768 Bytes

check_k=1
1	1.088931	0.217240	14.000000
2	1.107371	0.205640	13.000000
5	1.130077	0.198160	11.400000
10	1.145736	0.191760	7.800000
20	1.161509	0.191360	6.600000
50	1.275446	0.194250	15.560000
100	1.318457	0.197520	10.760000

check_k=2
1	1.059930	0.317450	21.000000
2	1.079773	0.320360	20.000000
5	1.097289	0.319880	16.799999
10	1.101009	0.319830	14.000000
20	1.117912	0.321020	12.050000
50	1.236167	0.324330	22.080000
100	1.263214	0.326510	16.129999

check_k=4
1	1.044534	0.562950	25.000000
2	1.055047	0.557190	26.000000
5	1.064165	0.563490	24.600000
10	1.074875	0.566700	21.400000
20	1.085189	0.560080	19.049999
50	1.209788	0.563030	27.120001
100	1.223271	0.594180	21.530001

check_k=8
1	1.028497	1.035030	33.000000
2	1.033604	1.026830	37.500000
5	1.044196	1.029580	36.200001
10	1.055537	1.046440	31.600000
20	1.059448	1.056060	28.299999
50	1.177068	1.073130	31.700001
100	1.199695	1.064490	27.230000

check_k=16
1	1.000000	1.983550	54.000000
2	1.016253	2.013230	51.000000
5	1.027515	1.974940	49.200001
10	1.032673	1.977110	44.200001
20	1.037756	2.007560	41.349998
50	1.168476	1.979860	35.540001
100	1.157684	2.008200	31.990000

check_k=32
1	1.000000	3.747660	74.000000
2	1.000000	3.740320	70.000000
5	1.011176	3.759940	64.599998
10	1.016441	3.736590	60.299999
20	1.022172	3.761770	57.349998
50	1.163541	3.746800	38.740002
100	1.146142	3.764330	35.430000

check_k=64
1	1.000000	6.959590	86.000000
2	1.000000	6.971850	84.000000
5	1.001379	6.949530	81.000000
10	1.007393	6.900040	77.199997
20	1.009852	6.881010	74.400002
50	1.161106	6.897140	41.360001
100	1.133677	6.878450	38.470001

check_k=128
1	1.000000	12.207690	96.000000
2	1.000000	12.248829	95.000000
5	1.000000	12.234710	93.400002
10	1.000000	12.205700	91.300003
20	1.002757	12.247459	89.650002
50	1.152630	12.255771	43.459999
100	1.121962	12.259560	40.310001

check_k=256
1	1.000000	20.083731	99.000000
2	1.000000	20.045841	98.500000
5	1.000000	20.104439	98.599998
10	1.000000	19.973200	98.199997
20	1.000000	20.014811	97.550003
50	1.150930	20.078880	44.459999
100	1.118834	20.020262	40.880001

check_k=512
1	1.000000	28.504650	100.000000
2	1.000000	28.455788	100.000000
5	1.000000	28.460300	100.000000
10	1.000000	28.442259	99.699997
20	1.000000	28.371380	99.449997
50	1.150463	28.410620	44.740002
100	1.118642	28.422209	41.029999

lcsb  r=0.660000, L=256
Indexing Time: 6.190413 Seconds

Estimated Memory Usage: 216461312 Bytes

check_k=1
1	1.060251	0.429120	24.000000
2	1.082400	0.418980	22.500000
5	1.084798	0.417640	18.600000
10	1.096630	0.421100	16.000000
20	1.114418	0.422050	13.400000
50	1.234902	0.424530	23.440001
100	1.259474	0.431440	16.690001

check_k=2
1	1.036906	0.671470	34.000000
2	1.050022	0.668330	32.000000
5	1.059181	0.671280	29.200001
10	1.071854	0.672270	25.700001
20	1.080154	0.700720	21.950001
50	1.202705	0.673200	28.440001
100	1.222555	0.678300	21.910000

check_k=4
1	1.012026	1.159110	47.000000
2	1.028917	1.162110	46.500000
5	1.039438	1.156420	42.599998
10	1.045883	1.156630	38.000000
20	1.054971	1.158160	33.599998
50	1.171967	1.169430	33.540001
100	1.195771	1.201800	27.870001

check_k=8
1	1.000000	2.110590	55.000000
2	1.006882	2.120960	60.500000
5	1.022850	2.115610	55.400002
10	1.026983	2.113130	50.299999
20	1.032918	2.150290	47.049999
50	1.178245	2.121660	36.860001
100	1.153694	2.142990	32.689999

check_k=16
1	1.000000	3.887370	77.000000
2	1.000000	3.947270	75.500000
5	1.009883	3.921430	70.000000
10	1.015099	3.975310	63.900002
20	1.017813	3.923560	61.750000
50	1.163626	3.919330	39.340000
100	1.141876	3.960490	36.380001

check_k=32
1	1.000000	7.229280	87.000000
2	1.000000	7.159360	87.000000
5	1.000195	7.115720	84.400002
10	1.006184	7.120020	79.300003
20	1.007089	7.123790	77.750000
50	1.164575	7.135730	41.919998
100	1.136296	7.188300	38.680000

check_k=64
1	1.000000	12.608260	95.000000
2	1.000000	12.556670	95.500000
5	1.000000	12.498449	94.000000
10	1.000000	12.614779	92.599998
20	1.002107	12.522470	90.849998
50	1.153632	12.551730	43.680000
100	1.124431	12.603520	40.209999

check_k=128
1	1.000000	20.246679	100.000000
2	1.000000	20.253521	99.000000
5	1.000000	20.371849	98.199997
10	1.000000	20.371222	98.199997
20	1.000000	20.346069	97.949997
50	1.150930	20.243111	44.680000
100	1.118642	20.449701	40.880001

check_k=256
1	1.000000	28.758320	100.000000
2	1.000000	28.888260	100.000000
5	1.000000	28.803129	100.000000
10	1.000000	28.777538	99.900002
20	1.000000	28.858049	99.750000
50	1.149554	29.020359	44.799999
100	1.118642	29.396351	41.040001

check_k=512
1	1.000000	35.206860	100.000000
2	1.000000	35.087692	100.000000
5	1.000000	35.528641	100.000000
10	1.000000	35.433792	100.000000
20	1.000000	35.274403	100.000000
50	1.149554	35.190781	44.799999
100	1.118642	35.771732	41.049999

lcsb  r=0.660000, L=512
Indexing Time: 13.097905 Seconds

Estimated Memory Usage: 429289472 Bytes

check_k=1
1	1.030289	0.879550	32.000000
2	1.050022	0.857770	33.500000
5	1.051784	0.858400	29.200001
10	1.064842	0.861450	25.700001
20	1.077866	0.869830	24.200001
50	1.203433	0.872070	28.760000
100	1.220684	0.879320	22.969999

check_k=2
1	1.007738	1.454380	46.000000
2	1.021783	1.412780	49.000000
5	1.034081	1.402330	44.200001
10	1.044836	1.406570	40.000000
20	1.047884	1.411530	36.450001
50	1.180589	1.407100	33.459999
100	1.189600	1.409620	28.850000

check_k=4
1	1.000000	2.412810	64.000000
2	1.001317	2.418700	66.000000
5	1.013908	2.388140	60.599998
10	1.023049	2.376650	55.900002
20	1.027006	2.369960	51.900002
50	1.170464	2.440450	37.880001
100	1.160066	2.406370	33.450001

check_k=8
1	1.000000	4.273030	81.000000
2	1.000000	4.332910	78.500000
5	1.005604	4.174150	75.400002
10	1.010590	4.156070	71.300003
20	1.014100	4.205420	68.699997
50	1.161874	4.349130	40.660000
100	1.145265	4.339110	36.970001

check_k=16
1	1.000000	7.721100	90.000000
2	1.000000	7.720470	87.500000
5	1.000000	7.725120	87.800003
10	1.002585	7.526411	85.300003
20	1.004949	7.374259	82.650002
50	1.155298	7.360900	42.480000
100	1.134485	7.500340	39.360001

check_k=32
1	1.000000	13.082841	95.000000
2	1.000000	12.978610	95.000000
5	1.000000	13.056100	96.000000
10	1.000000	13.315900	94.699997
20	1.000809	13.111080	93.400002
50	1.150469	12.922730	43.919998
100	1.124431	13.218711	40.450001

check_k=64
1	1.000000	21.040030	99.000000
2	1.000000	20.863409	99.000000
5	1.000000	21.254101	99.199997
10	1.000000	20.863909	98.900002
20	1.000000	21.297869	98.449997
50	1.150930	21.032969	44.700001
100	1.118642	21.068310	40.930000

check_k=128
1	1.000000	29.352810	100.000000
2	1.000000	29.734079	100.000000
5	1.000000	29.540001	100.000000
10	1.000000	29.515060	100.000000
20	1.000000	29.816092	99.849998
50	1.150266	29.783630	44.799999
100	1.118642	29.813120	41.049999

check_k=256
1	1.000000	35.388920	100.000000
2	1.000000	35.241222	100.000000
5	1.000000	35.335629	100.000000
10	1.000000	35.370060	100.000000
20	1.000000	35.555939	100.000000
50	1.149554	35.330219	44.799999
100	1.118642	35.431969	41.049999

check_k=512
1	1.000000	37.133968	100.000000
2	1.000000	37.265278	100.000000
5	1.000000	37.053932	100.000000
10	1.000000	36.975853	100.000000
20	1.000000	37.288177	100.000000
50	1.149554	37.337589	44.799999
100	1.118642	37.027157	41.049999

