lcsb  r=0.660000, L=8
Indexing Time: 0.025944 Seconds

Estimated Memory Usage: 1658880 Bytes

check_k=1
1	1.108697	0.002340	5.000000
2	1.141907	0.002080	7.000000
5	1.241924	0.002390	5.200000
10	1.534513	0.002230	4.100000
20	31622.777344	0.002240	3.550000
50	31622.777344	0.002080	2.240000
100	31622.777344	0.001990	1.690000

check_k=2
1	1.083938	0.003140	7.000000
2	1.112034	0.003090	11.000000
5	1.162254	0.003250	7.400000
10	1.258872	0.003440	6.300000
20	1.558094	0.003490	5.550000
50	31622.777344	0.003420	3.660000
100	31622.777344	0.003340	2.820000

check_k=4
1	1.061144	0.005100	14.000000
2	1.090130	0.005160	14.500000
5	1.118802	0.005320	10.400000
10	1.156087	0.005570	9.800000
20	1.241266	0.005990	8.400000
50	31622.777344	0.006210	5.760000
100	31622.777344	0.006120	4.450000

check_k=8
1	1.043339	0.009120	21.000000
2	1.059297	0.009350	20.500000
5	1.087978	0.009450	17.200001
10	1.110579	0.009690	15.500000
20	1.149656	0.010390	12.900000
50	1.291106	0.011740	9.440000
100	31622.777344	0.011750	7.190000

check_k=16
1	1.039485	0.017220	30.000000
2	1.043864	0.017360	29.500000
5	1.057738	0.017540	24.400000
10	1.076743	0.018080	22.400000
20	1.100187	0.018760	19.200001
50	1.166598	0.021070	15.000000
100	1.279463	0.022940	11.720000

check_k=32
1	1.016928	0.033650	40.000000
2	1.030103	0.033600	37.500000
5	1.037213	0.033860	34.599998
10	1.050896	0.034330	32.400002
20	1.067113	0.035300	28.000000
50	1.098930	0.038410	22.559999
100	1.146542	0.042750	18.480000

check_k=64
1	1.000597	0.061590	50.000000
2	1.016461	0.058090	49.500000
5	1.024757	0.058440	44.599998
10	1.030751	0.058890	43.799999
20	1.042296	0.059870	39.000000
50	1.062528	0.062780	32.740002
100	1.085788	0.068110	28.219999

check_k=128
1	1.000000	0.109550	61.000000
2	1.009595	0.109480	59.000000
5	1.016678	0.109710	56.000000
10	1.018794	0.110050	54.599998
20	1.025126	0.111400	51.400002
50	1.037146	0.114930	45.700001
100	1.050383	0.120650	40.820000

check_k=256
1	1.000000	0.203650	84.000000
2	1.000000	0.204430	81.000000
5	1.005814	0.204070	75.800003
10	1.009903	0.205980	71.500000
20	1.012194	0.220700	69.300003
50	1.017859	0.225510	64.720001
100	1.025064	0.221940	59.910000

check_k=512
1	1.000000	0.367590	91.000000
2	1.000000	0.368070	92.500000
5	1.000000	0.370490	89.800003
10	1.002168	0.373500	87.500000
20	1.003955	0.370190	85.550003
50	1.007389	0.374580	82.820000
100	1.009319	0.392670	80.019997

lcsb  r=0.660000, L=16
Indexing Time: 0.055489 Seconds

Estimated Memory Usage: 2752512 Bytes

check_k=1
1	1.087659	0.005030	8.000000
2	1.124073	0.004620	9.500000
5	1.180991	0.004490	8.400000
10	1.283491	0.004560	6.400000
20	1.622494	0.004530	5.000000
50	31622.777344	0.004450	3.460000
100	31622.777344	0.004310	2.370000

check_k=2
1	1.059775	0.006120	14.000000
2	1.092733	0.006300	16.000000
5	1.128739	0.006190	13.000000
10	1.174130	0.006520	9.800000
20	1.269696	0.006970	7.900000
50	31622.777344	0.007150	5.580000
100	31622.777344	0.007150	4.110000

check_k=4
1	1.045490	0.010360	18.000000
2	1.065925	0.010260	21.500000
5	1.089159	0.010480	18.200001
10	1.112533	0.011030	14.600000
20	1.153963	0.011650	12.000000
50	1.296199	0.012790	8.840000
100	31622.777344	0.013120	6.940000

check_k=8
1	1.025185	0.019050	32.000000
2	1.038741	0.019000	33.500000
5	1.058345	0.019560	29.600000
10	1.080230	0.019650	24.000000
20	1.100886	0.020750	19.400000
50	1.161796	0.022880	14.700000
100	1.269258	0.024980	11.700000

check_k=16
1	1.003553	0.035770	44.000000
2	1.021329	0.035900	43.500000
5	1.037194	0.036130	39.400002
10	1.050800	0.036520	33.299999
20	1.067053	0.037640	28.450001
50	1.094283	0.040900	22.799999
100	1.148219	0.045260	18.690001

check_k=32
1	1.000000	0.066540	63.000000
2	1.013093	0.060540	57.500000
5	1.021076	0.060510	51.400002
10	1.032308	0.060740	46.900002
20	1.041245	0.061690	41.900002
50	1.056716	0.065780	35.139999
100	1.084148	0.070890	30.080000

check_k=64
1	1.000000	0.111090	77.000000
2	1.000000	0.111100	72.000000
5	1.009564	0.111440	70.199997
10	1.014201	0.112400	64.900002
20	1.019443	0.113900	58.799999
50	1.031211	0.116820	52.020000
100	1.044212	0.124420	46.310001

check_k=128
1	1.000000	0.205590	91.000000
2	1.000000	0.206560	86.500000
5	1.001032	0.207530	83.599998
10	1.004427	0.206770	80.300003
20	1.009495	0.208670	75.800003
50	1.015557	0.212880	70.019997
100	1.021331	0.219940	64.790001

check_k=256
1	1.000000	0.367760	95.000000
2	1.000000	0.368020	95.000000
5	1.000000	0.369350	92.400002
10	1.000437	0.379140	91.199997
20	1.002695	0.371390	88.650002
50	1.006351	0.394240	85.879997
100	1.008367	0.385990	82.279999

check_k=512
1	1.000000	0.591970	98.000000
2	1.000000	0.591530	98.000000
5	1.000000	0.595090	98.000000
10	1.000000	0.596900	98.099998
20	1.000000	0.617340	97.800003
50	1.000629	0.609960	96.440002
100	1.001665	0.608250	95.309998

lcsb  r=0.660000, L=32
Indexing Time: 0.113356 Seconds

Estimated Memory Usage: 4808704 Bytes

check_k=1
1	1.064897	0.009180	15.000000
2	1.085022	0.009320	15.500000
5	1.117404	0.009520	11.400000
10	1.164515	0.009590	9.500000
20	1.260838	0.009750	7.950000
50	31622.777344	0.009970	5.560000
100	31622.777344	0.009660	4.430000

check_k=2
1	1.029849	0.013150	29.000000
2	1.057236	0.013270	26.500000
5	1.084868	0.013320	20.000000
10	1.109599	0.013740	16.000000
20	1.148994	0.014710	13.400000
50	1.296209	0.015820	9.520000
100	31622.777344	0.015950	7.710000

check_k=4
1	1.016928	0.022260	39.000000
2	1.032475	0.022360	36.000000
5	1.053726	0.022420	31.000000
10	1.070024	0.022910	25.299999
20	1.091778	0.022620	21.350000
50	1.156424	0.025630	15.640000
100	1.279473	0.026570	13.060000

check_k=8
1	1.000000	0.036180	57.000000
2	1.015072	0.036260	53.000000
5	1.036213	0.037400	46.200001
10	1.047335	0.038270	38.000000
20	1.060403	0.039560	32.549999
50	1.091508	0.042250	25.299999
100	1.141342	0.047540	20.920000

check_k=16
1	1.000000	0.066490	72.000000
2	1.000000	0.067360	70.000000
5	1.019597	0.066160	61.799999
10	1.027217	0.067190	52.599998
20	1.036178	0.068870	46.000000
50	1.054380	0.068620	38.459999
100	1.079144	0.076690	32.759998

check_k=32
1	1.000000	0.116020	77.000000
2	1.000000	0.116620	79.000000
5	1.007975	0.112030	75.400002
10	1.013634	0.117540	68.300003
20	1.018323	0.113990	61.650002
50	1.028728	0.118620	54.259998
100	1.041212	0.125890	48.230000

check_k=64
1	1.000000	0.202370	87.000000
2	1.000000	0.209430	91.500000
5	1.000000	0.202830	87.199997
10	1.003886	0.208210	83.400002
20	1.006648	0.205590	79.300003
50	1.013477	0.224130	72.739998
100	1.019466	0.221980	67.150002

check_k=128
1	1.000000	0.376120	95.000000
2	1.000000	0.390660	97.000000
5	1.000000	0.372440	95.199997
10	1.000000	0.357700	93.400002
20	1.001318	0.354910	91.400002
50	1.004504	0.359500	88.059998
100	1.007445	0.375920	84.629997

check_k=256
1	1.000000	0.573660	100.000000
2	1.000000	0.570260	100.000000
5	1.000000	0.571200	99.199997
10	1.000000	0.575240	98.800003
20	1.000000	0.572520	97.900002
50	1.000346	0.577380	96.879997
100	1.001396	0.586500	95.360001

check_k=512
1	1.000000	0.794280	100.000000
2	1.000000	0.798740	100.000000
5	1.000000	0.795490	100.000000
10	1.000000	0.821810	100.000000
20	1.000000	0.810030	99.949997
50	1.000000	0.803440	99.820000
100	1.000000	0.812580	99.449997

lcsb  r=0.660000, L=64
Indexing Time: 0.228181 Seconds

Estimated Memory Usage: 8916992 Bytes

check_k=1
1	1.039896	0.017050	25.000000
2	1.055564	0.016100	23.500000
5	1.077093	0.016430	19.400000
10	1.105241	0.016400	16.400000
20	1.153473	0.017540	14.650000
50	1.302731	0.018280	10.100000
100	31622.777344	0.018200	7.730000

check_k=2
1	1.012411	0.026210	37.000000
2	1.037815	0.023890	35.500000
5	1.051365	0.026550	29.799999
10	1.069809	0.023840	24.200001
20	1.095598	0.024420	21.650000
50	1.158652	0.030240	15.920000
100	1.282697	0.028160	12.810000

check_k=4
1	1.000000	0.037060	53.000000
2	1.018170	0.036930	50.500000
5	1.029623	0.037230	44.599998
10	1.042570	0.043470	37.400002
20	1.058921	0.040470	33.900002
50	1.090689	0.041350	26.320000
100	1.142741	0.045190	21.620001

check_k=8
1	1.000000	0.062970	72.000000
2	1.001692	0.066560	66.000000
5	1.017262	0.063460	60.599998
10	1.025496	0.063760	53.000000
20	1.032820	0.065070	48.349998
50	1.051453	0.068510	40.000000
100	1.077886	0.074300	33.860001

check_k=16
1	1.000000	0.111090	85.000000
2	1.000000	0.111450	81.500000
5	1.005583	0.111670	77.599998
10	1.010143	0.112290	71.099998
20	1.015074	0.113380	65.949997
50	1.026826	0.117370	56.959999
100	1.040863	0.128400	49.750000

check_k=32
1	1.000000	0.201810	92.000000
2	1.000000	0.199920	93.000000
5	1.000000	0.202140	90.000000
10	1.003423	0.198990	85.699997
20	1.006105	0.200070	80.849998
50	1.012380	0.204260	73.760002
100	1.018354	0.212730	67.639999

check_k=64
1	1.000000	0.340710	95.000000
2	1.000000	0.345360	97.000000
5	1.000000	0.362630	96.000000
10	1.000000	0.380940	94.400002
20	1.001473	0.380780	92.099998
50	1.004744	0.355280	88.160004
100	1.007236	0.365130	84.510002

check_k=128
1	1.000000	0.599760	100.000000
2	1.000000	0.592060	100.000000
5	1.000000	0.603530	98.800003
10	1.000000	0.559670	98.699997
20	1.000000	0.558210	98.199997
50	1.000414	0.564760	97.300003
100	1.001476	0.623820	95.690002

check_k=256
1	1.000000	0.780020	100.000000
2	1.000000	0.776730	100.000000
5	1.000000	0.810070	100.000000
10	1.000000	0.784010	99.900002
20	1.000000	0.794280	99.900002
50	1.000000	0.847380	99.760002
100	1.000000	0.874900	99.440002

check_k=512
1	1.000000	0.995710	100.000000
2	1.000000	1.012060	100.000000
5	1.000000	1.056730	100.000000
10	1.000000	0.953770	100.000000
20	1.000000	0.942200	100.000000
50	1.000000	0.939760	100.000000
100	1.000000	0.947070	100.000000

lcsb  r=0.660000, L=128
Indexing Time: 0.476721 Seconds

Estimated Memory Usage: 17129472 Bytes

check_k=1
1	1.000000	0.048030	54.000000
2	1.023764	0.034580	45.500000
5	1.041033	0.032780	38.799999
10	1.056788	0.033150	33.099998
20	1.085374	0.033920	26.350000
50	1.154738	0.036020	19.520000
100	1.279492	0.041710	14.700000

check_k=2
1	1.000000	0.052560	67.000000
2	1.009399	0.046850	57.000000
5	1.022985	0.047110	53.400002
10	1.036196	0.047650	46.700001
20	1.053397	0.052570	38.900002
50	1.088148	0.051710	29.920000
100	1.139475	0.055580	23.719999

check_k=4
1	1.000000	0.073950	79.000000
2	1.000000	0.073880	72.000000
5	1.007844	0.074390	67.199997
10	1.017351	0.074970	62.099998
20	1.029044	0.076170	54.650002
50	1.047729	0.079800	43.980000
100	1.073652	0.085890	36.490002

check_k=8
1	1.000000	0.123690	87.000000
2	1.000000	0.123520	81.500000
5	1.001714	0.123930	80.199997
10	1.006694	0.124350	76.400002
20	1.011880	0.125780	70.199997
50	1.025549	0.129860	60.680000
100	1.038872	0.136710	52.689999

check_k=16
1	1.000000	0.209720	93.000000
2	1.000000	0.212760	89.500000
5	1.000000	0.213160	90.199997
10	1.000387	0.219140	88.400002
20	1.005124	0.231300	83.199997
50	1.010667	0.215810	76.779999
100	1.016803	0.224440	70.459999

check_k=32
1	1.000000	0.351280	97.000000
2	1.000000	0.347680	97.500000
5	1.000000	0.353220	96.599998
10	1.000000	0.357130	95.500000
20	1.000202	0.361440	93.199997
50	1.003422	0.384860	89.500000
100	1.006930	0.390860	85.320000

check_k=64
1	1.000000	0.559860	99.000000
2	1.000000	0.568530	99.000000
5	1.000000	0.573580	99.000000
10	1.000000	0.586130	99.099998
20	1.000000	0.569630	98.500000
50	1.000252	0.581860	96.800003
100	1.001368	0.604960	95.120003

check_k=128
1	1.000000	0.792650	100.000000
2	1.000000	0.863740	100.000000
5	1.000000	0.872340	100.000000
10	1.000000	0.818120	99.900002
20	1.000000	0.836230	99.800003
50	1.000000	0.826810	99.580002
100	1.000000	0.857240	99.269997

check_k=256
1	1.000000	1.090780	100.000000
2	1.000000	1.025250	100.000000
5	1.000000	0.988150	100.000000
10	1.000000	1.005760	100.000000
20	1.000000	1.010510	100.000000
50	1.000000	0.986160	100.000000
100	1.000000	0.992960	99.970001

check_k=512
1	1.000000	1.069950	100.000000
2	1.000000	1.063620	100.000000
5	1.000000	1.094800	100.000000
10	1.000000	1.098270	100.000000
20	1.000000	1.085910	100.000000
50	1.000000	1.111480	100.000000
100	1.000000	1.111650	100.000000

lcsb  r=0.660000, L=256
Indexing Time: 0.962529 Seconds

Estimated Memory Usage: 33693696 Bytes

check_k=1
1	1.000000	0.097290	70.000000
2	1.007321	0.070250	61.000000
5	1.019420	0.074340	53.799999
10	1.030851	0.080940	48.500000
20	1.045073	0.079070	42.250000
50	1.078454	0.078450	33.000000
100	1.129141	0.082350	26.309999

check_k=2
1	1.000000	0.100990	81.000000
2	1.000000	0.102780	75.500000
5	1.008208	0.102270	69.400002
10	1.013579	0.102330	63.900002
20	1.021177	0.103330	58.000000
50	1.040960	0.108770	48.259998
100	1.065256	0.116270	39.990002

check_k=4
1	1.000000	0.142380	88.000000
2	1.000000	0.147970	85.000000
5	1.001382	0.142360	81.000000
10	1.005732	0.146440	78.099998
20	1.010013	0.155190	73.199997
50	1.019485	0.157100	64.620003
100	1.032677	0.160950	56.430000

check_k=8
1	1.000000	0.231540	93.000000
2	1.000000	0.221770	93.000000
5	1.000000	0.222340	91.199997
10	1.000680	0.223200	88.599998
20	1.003903	0.227880	85.750000
50	1.008806	0.229210	79.839996
100	1.014246	0.244660	73.559998

check_k=16
1	1.000000	0.364930	98.000000
2	1.000000	0.394300	98.500000
5	1.000000	0.372550	96.199997
10	1.000000	0.354470	95.099998
20	1.000000	0.355950	93.699997
50	1.002492	0.360460	91.440002
100	1.004969	0.389210	87.680000

check_k=32
1	1.000000	0.557020	100.000000
2	1.000000	0.549030	100.000000
5	1.000000	0.574640	99.599998
10	1.000000	0.564140	98.900002
20	1.000000	0.567450	98.449997
50	1.000000	0.608110	97.559998
100	1.000548	0.590470	96.010002

check_k=64
1	1.000000	0.773980	100.000000
2	1.000000	0.799940	100.000000
5	1.000000	0.799890	100.000000
10	1.000000	0.788930	99.900002
20	1.000000	0.768680	99.849998
50	1.000000	0.803170	99.519997
100	1.000000	0.785690	99.269997

check_k=128
1	1.000000	0.952290	100.000000
2	1.000000	0.953490	100.000000
5	1.000000	0.950640	100.000000
10	1.000000	0.963860	100.000000
20	1.000000	0.952070	100.000000
50	1.000000	0.960030	99.959999
100	1.000000	0.979590	99.919998

check_k=256
1	1.000000	1.064090	100.000000
2	1.000000	1.091780	100.000000
5	1.000000	1.062960	100.000000
10	1.000000	1.106800	100.000000
20	1.000000	1.160770	100.000000
50	1.000000	1.104790	100.000000
100	1.000000	1.223820	100.000000

check_k=512
1	1.000000	1.352450	100.000000
2	1.000000	1.245710	100.000000
5	1.000000	1.193470	100.000000
10	1.000000	1.243500	100.000000
20	1.000000	1.190120	100.000000
50	1.000000	1.232460	100.000000
100	1.000000	1.232280	100.000000

lcsb  r=0.660000, L=512
Indexing Time: 1.932403 Seconds

Estimated Memory Usage: 66678784 Bytes

check_k=1
1	1.000000	0.216800	79.000000
2	1.000000	0.163110	80.500000
5	1.006094	0.154180	72.800003
10	1.015056	0.155080	65.800003
20	1.019660	0.155410	59.650002
50	1.042017	0.151860	49.860001
100	1.065182	0.160370	40.509998

check_k=2
1	1.000000	0.199310	90.000000
2	1.000000	0.194560	93.000000
5	1.000000	0.191550	86.000000
10	1.003699	0.192070	80.099998
20	1.009383	0.194060	75.699997
50	1.020097	0.197750	65.959999
100	1.032237	0.208700	57.060001

check_k=4
1	1.000000	0.267870	98.000000
2	1.000000	0.268150	97.500000
5	1.000000	0.268400	93.599998
10	1.000000	0.268920	90.400002
20	1.003245	0.273740	87.599998
50	1.007733	0.275170	81.379997
100	1.014127	0.284600	74.110001

check_k=8
1	1.000000	0.422130	99.000000
2	1.000000	0.439330	99.000000
5	1.000000	0.429250	97.800003
10	1.000000	0.403810	96.699997
20	1.000000	0.400080	95.400002
50	1.001613	0.443610	92.199997
100	1.004247	0.451220	87.900002

check_k=16
1	1.000000	0.619520	100.000000
2	1.000000	0.620550	99.500000
5	1.000000	0.590830	99.599998
10	1.000000	0.604330	99.000000
20	1.000000	0.586590	98.550003
50	1.000000	0.580380	97.540001
100	1.000833	0.595670	95.720001

check_k=32
1	1.000000	0.830280	100.000000
2	1.000000	0.819590	100.000000
5	1.000000	0.800830	100.000000
10	1.000000	0.799650	99.900002
20	1.000000	0.821170	99.849998
50	1.000000	0.811740	99.540001
100	1.000000	0.824070	99.169998

check_k=64
1	1.000000	1.005380	100.000000
2	1.000000	1.008340	100.000000
5	1.000000	1.024660	100.000000
10	1.000000	1.015130	100.000000
20	1.000000	1.016770	100.000000
50	1.000000	1.019750	99.980003
100	1.000000	1.033230	99.959999

check_k=128
1	1.000000	1.236050	100.000000
2	1.000000	1.205370	100.000000
5	1.000000	1.205900	100.000000
10	1.000000	1.182010	100.000000
20	1.000000	1.172640	100.000000
50	1.000000	1.185410	100.000000
100	1.000000	1.185770	100.000000

check_k=256
1	1.000000	1.302950	100.000000
2	1.000000	1.322270	100.000000
5	1.000000	1.309760	100.000000
10	1.000000	1.382450	100.000000
20	1.000000	1.340650	100.000000
50	1.000000	1.322140	100.000000
100	1.000000	1.328460	100.000000

check_k=512
1	1.000000	1.586410	100.000000
2	1.000000	1.626940	100.000000
5	1.000000	1.612160	100.000000
10	1.000000	1.623270	100.000000
20	1.000000	1.578980	100.000000
50	1.000000	1.569300	100.000000
100	1.000000	1.647400	100.000000

