lcsb  r=0.660000, L=8
Indexing Time: 0.025160 Seconds

Estimated Memory Usage: 1658880 Bytes

check_k=1
1	1.108697	0.003850	5.000000
2	1.141907	0.002020	7.000000
5	1.241924	0.001870	5.200000
10	1.534513	0.001890	4.100000
20	31622.777344	0.001810	3.550000
50	31622.777344	0.001800	2.240000
100	31622.777344	0.001730	1.690000

check_k=2
1	1.083938	0.003190	7.000000
2	1.112034	0.002540	11.000000
5	1.162254	0.002670	7.400000
10	1.258872	0.002850	6.300000
20	1.558094	0.002920	5.550000
50	31622.777344	0.002880	3.660000
100	31622.777344	0.002820	2.820000

check_k=4
1	1.061144	0.005010	14.000000
2	1.090130	0.004300	14.500000
5	1.118802	0.005460	10.400000
10	1.156087	0.005570	9.800000
20	1.241266	0.005990	8.400000
50	31622.777344	0.006210	5.760000
100	31622.777344	0.006130	4.450000

check_k=8
1	1.043339	0.008390	21.000000
2	1.059297	0.009080	20.500000
5	1.087978	0.009690	17.200001
10	1.110579	0.008190	15.500000
20	1.149656	0.008680	12.900000
50	1.291106	0.010640	9.440000
100	31622.777344	0.012070	7.190000

check_k=16
1	1.039485	0.015090	30.000000
2	1.043864	0.015830	29.500000
5	1.057738	0.016320	24.400000
10	1.076743	0.014920	22.400000
20	1.100187	0.018920	19.200001
50	1.166598	0.017400	15.000000
100	1.279463	0.022490	11.720000

check_k=32
1	1.016928	0.030220	40.000000
2	1.030103	0.029600	37.500000
5	1.037213	0.031410	34.599998
10	1.050896	0.028550	32.400002
20	1.067113	0.029510	28.000000
50	1.098930	0.032180	22.559999
100	1.146542	0.035630	18.480000

check_k=64
1	1.000597	0.061920	50.000000
2	1.016461	0.056170	49.500000
5	1.024757	0.055340	44.599998
10	1.030751	0.055630	43.799999
20	1.042296	0.056680	39.000000
50	1.062528	0.067920	32.740002
100	1.085788	0.064470	28.219999

check_k=128
1	1.000000	0.106760	61.000000
2	1.009595	0.107150	59.000000
5	1.016678	0.107590	56.000000
10	1.018794	0.116350	54.599998
20	1.025126	0.117290	51.400002
50	1.037146	0.110650	45.700001
100	1.050383	0.124210	40.820000

check_k=256
1	1.000000	0.212530	84.000000
2	1.000000	0.220340	81.000000
5	1.005814	0.215140	75.800003
10	1.009903	0.201730	71.500000
20	1.012194	0.202940	69.300003
50	1.017859	0.207240	64.720001
100	1.025064	0.214980	59.910000

check_k=512
1	1.000000	0.383710	91.000000
2	1.000000	0.393180	92.500000
5	1.000000	0.372150	89.800003
10	1.002168	0.387110	87.500000
20	1.003955	0.374350	85.550003
50	1.007389	0.396620	82.820000
100	1.009319	0.387100	80.019997

lcsb  r=0.660000, L=16
Indexing Time: 0.055167 Seconds

Estimated Memory Usage: 2752512 Bytes

check_k=1
1	1.087659	0.004770	8.000000
2	1.124073	0.003910	9.500000
5	1.180991	0.004400	8.400000
10	1.283491	0.004520	6.400000
20	1.622494	0.004520	5.000000
50	31622.777344	0.004740	3.460000
100	31622.777344	0.003670	2.370000

check_k=2
1	1.059775	0.005450	14.000000
2	1.092733	0.005150	16.000000
5	1.128739	0.005270	13.000000
10	1.174130	0.006420	9.800000
20	1.269696	0.007070	7.900000
50	31622.777344	0.007250	5.580000
100	31622.777344	0.007210	4.110000

check_k=4
1	1.045490	0.010800	18.000000
2	1.065925	0.010570	21.500000
5	1.089159	0.010760	18.200001
10	1.112533	0.011180	14.600000
20	1.153963	0.012010	12.000000
50	1.296199	0.013080	8.840000
100	31622.777344	0.013460	6.940000

check_k=8
1	1.025185	0.019630	32.000000
2	1.038741	0.019630	33.500000
5	1.058345	0.017570	29.600000
10	1.080230	0.019000	24.000000
20	1.100886	0.018650	19.400000
50	1.161796	0.023440	14.700000
100	1.269258	0.023220	11.700000

check_k=16
1	1.003553	0.032580	44.000000
2	1.021329	0.033000	43.500000
5	1.037194	0.034420	39.400002
10	1.050800	0.034410	33.299999
20	1.067053	0.035250	28.450001
50	1.094283	0.038440	22.799999
100	1.148219	0.041870	18.690001

check_k=32
1	1.000000	0.062250	63.000000
2	1.013093	0.058540	57.500000
5	1.021076	0.059100	51.400002
10	1.032308	0.062570	46.900002
20	1.041245	0.064040	41.900002
50	1.056716	0.062930	35.139999
100	1.084148	0.069400	30.080000

check_k=64
1	1.000000	0.111820	77.000000
2	1.000000	0.111260	72.000000
5	1.009564	0.111730	70.199997
10	1.014201	0.117910	64.900002
20	1.019443	0.112320	58.799999
50	1.031211	0.118770	52.020000
100	1.044212	0.131410	46.310001

check_k=128
1	1.000000	0.206120	91.000000
2	1.000000	0.206060	86.500000
5	1.001032	0.207600	83.599998
10	1.004427	0.209540	80.300003
20	1.009495	0.208600	75.800003
50	1.015557	0.213440	70.019997
100	1.021331	0.220080	64.790001

check_k=256
1	1.000000	0.386600	95.000000
2	1.000000	0.382230	95.000000
5	1.000000	0.386980	92.400002
10	1.000437	0.381060	91.199997
20	1.002695	0.388460	88.650002
50	1.006351	0.380200	85.879997
100	1.008367	0.386250	82.279999

check_k=512
1	1.000000	0.606630	98.000000
2	1.000000	0.608560	98.000000
5	1.000000	0.608120	98.000000
10	1.000000	0.610070	98.099998
20	1.000000	0.600490	97.800003
50	1.000629	0.604820	96.440002
100	1.001665	0.614620	95.309998

lcsb  r=0.660000, L=32
Indexing Time: 0.116145 Seconds

Estimated Memory Usage: 4808704 Bytes

check_k=1
1	1.064897	0.013610	15.000000
2	1.085022	0.010650	15.500000
5	1.117404	0.010700	11.400000
10	1.164515	0.009370	9.500000
20	1.260838	0.008180	7.950000
50	31622.777344	0.008290	5.560000
100	31622.777344	0.009750	4.430000

check_k=2
1	1.029849	0.013630	29.000000
2	1.057236	0.011140	26.500000
5	1.084868	0.012630	20.000000
10	1.109599	0.013760	16.000000
20	1.148994	0.012220	13.400000
50	1.296209	0.014640	9.520000
100	31622.777344	0.016210	7.710000

check_k=4
1	1.016928	0.019580	39.000000
2	1.032475	0.021900	36.000000
5	1.053726	0.019520	31.000000
10	1.070024	0.021320	25.299999
20	1.091778	0.021160	21.350000
50	1.156424	0.024680	15.640000
100	1.279473	0.026930	13.060000

check_k=8
1	1.000000	0.036370	57.000000
2	1.015072	0.036360	53.000000
5	1.036213	0.036980	46.200001
10	1.047335	0.037100	38.000000
20	1.060403	0.038450	32.549999
50	1.091508	0.042240	25.299999
100	1.141342	0.046050	20.920000

check_k=16
1	1.000000	0.065490	72.000000
2	1.000000	0.067830	70.000000
5	1.019597	0.062870	61.799999
10	1.027217	0.060000	52.599998
20	1.036178	0.064650	46.000000
50	1.054380	0.074140	38.459999
100	1.079144	0.073240	32.759998

check_k=32
1	1.000000	0.112680	77.000000
2	1.000000	0.112380	79.000000
5	1.007975	0.116500	75.400002
10	1.013634	0.117000	68.300003
20	1.018323	0.114130	61.650002
50	1.028728	0.119170	54.259998
100	1.041212	0.133410	48.230000

check_k=64
1	1.000000	0.210550	87.000000
2	1.000000	0.211000	91.500000
5	1.000000	0.208960	87.199997
10	1.003886	0.207030	83.400002
20	1.006648	0.218240	79.300003
50	1.013477	0.219600	72.739998
100	1.019466	0.217140	67.150002

check_k=128
1	1.000000	0.367860	95.000000
2	1.000000	0.371750	97.000000
5	1.000000	0.368810	95.199997
10	1.000000	0.366470	93.400002
20	1.001318	0.370810	91.400002
50	1.004504	0.381560	88.059998
100	1.007445	0.392660	84.629997

check_k=256
1	1.000000	0.591360	100.000000
2	1.000000	0.594750	100.000000
5	1.000000	0.595410	99.199997
10	1.000000	0.605220	98.800003
20	1.000000	0.591370	97.900002
50	1.000346	0.600710	96.879997
100	1.001396	0.620030	95.360001

check_k=512
1	1.000000	0.824160	100.000000
2	1.000000	0.837570	100.000000
5	1.000000	0.844530	100.000000
10	1.000000	0.857400	100.000000
20	1.000000	0.852400	99.949997
50	1.000000	0.859110	99.820000
100	1.000000	0.859780	99.449997

lcsb  r=0.660000, L=64
Indexing Time: 0.228945 Seconds

Estimated Memory Usage: 8916992 Bytes

check_k=1
1	1.039896	0.030060	25.000000
2	1.055564	0.021970	23.500000
5	1.077093	0.017080	19.400000
10	1.105241	0.016420	16.400000
20	1.153473	0.016970	14.650000
50	1.302731	0.017780	10.100000
100	31622.777344	0.017920	7.730000

check_k=2
1	1.012411	0.023510	37.000000
2	1.037815	0.022980	35.500000
5	1.051365	0.024400	29.799999
10	1.069809	0.024200	24.200001
20	1.095598	0.024490	21.650000
50	1.158652	0.027660	15.920000
100	1.282697	0.028860	12.810000

check_k=4
1	1.000000	0.037740	53.000000
2	1.018170	0.037070	50.500000
5	1.029623	0.037870	44.599998
10	1.042570	0.040970	37.400002
20	1.058921	0.042230	33.900002
50	1.090689	0.042790	26.320000
100	1.142741	0.046260	21.620001

check_k=8
1	1.000000	0.069240	72.000000
2	1.001692	0.065650	66.000000
5	1.017262	0.068100	60.599998
10	1.025496	0.070070	53.000000
20	1.032820	0.070660	48.349998
50	1.051453	0.074400	40.000000
100	1.077886	0.080690	33.860001

check_k=16
1	1.000000	0.119700	85.000000
2	1.000000	0.117200	81.500000
5	1.005583	0.116500	77.599998
10	1.010143	0.117360	71.099998
20	1.015074	0.118260	65.949997
50	1.026826	0.121930	56.959999
100	1.040863	0.128680	49.750000

check_k=32
1	1.000000	0.204130	92.000000
2	1.000000	0.203750	93.000000
5	1.000000	0.205250	90.000000
10	1.003423	0.210200	85.699997
20	1.006105	0.211330	80.849998
50	1.012380	0.214360	73.760002
100	1.018354	0.217480	67.639999

check_k=64
1	1.000000	0.346160	95.000000
2	1.000000	0.347380	97.000000
5	1.000000	0.348440	96.000000
10	1.000000	0.349470	94.400002
20	1.001473	0.349500	92.099998
50	1.004744	0.353290	88.160004
100	1.007236	0.363330	84.510002

check_k=128
1	1.000000	0.555940	100.000000
2	1.000000	0.554710	100.000000
5	1.000000	0.556330	98.800003
10	1.000000	0.556870	98.699997
20	1.000000	0.560870	98.199997
50	1.000414	0.568410	97.300003
100	1.001476	0.578860	95.690002

check_k=256
1	1.000000	0.815210	100.000000
2	1.000000	0.797300	100.000000
5	1.000000	0.790620	100.000000
10	1.000000	0.793700	99.900002
20	1.000000	0.793780	99.900002
50	1.000000	0.797450	99.760002
100	1.000000	0.805620	99.440002

check_k=512
1	1.000000	0.938200	100.000000
2	1.000000	0.939680	100.000000
5	1.000000	0.938570	100.000000
10	1.000000	0.938880	100.000000
20	1.000000	0.940090	100.000000
50	1.000000	0.944820	100.000000
100	1.000000	0.955370	100.000000

lcsb  r=0.660000, L=128
Indexing Time: 0.462440 Seconds

Estimated Memory Usage: 17129472 Bytes

check_k=1
1	1.000000	0.050470	54.000000
2	1.023764	0.034790	45.500000
5	1.041033	0.032950	38.799999
10	1.056788	0.033110	33.099998
20	1.085374	0.033880	26.350000
50	1.154738	0.035920	19.520000
100	1.279492	0.037310	14.700000

check_k=2
1	1.000000	0.046870	67.000000
2	1.009399	0.046640	57.000000
5	1.022985	0.047000	53.400002
10	1.036196	0.047390	46.700001
20	1.053397	0.048680	38.900002
50	1.088148	0.051390	29.920000
100	1.139475	0.055270	23.719999

check_k=4
1	1.000000	0.072960	79.000000
2	1.000000	0.073060	72.000000
5	1.007844	0.073300	67.199997
10	1.017351	0.073840	62.099998
20	1.029044	0.074960	54.650002
50	1.047729	0.078800	43.980000
100	1.073652	0.084700	36.490002

check_k=8
1	1.000000	0.121620	87.000000
2	1.000000	0.121890	81.500000
5	1.001714	0.122290	80.199997
10	1.006694	0.122850	76.400002
20	1.011880	0.124140	70.199997
50	1.025549	0.128220	60.680000
100	1.038872	0.135620	52.689999

check_k=16
1	1.000000	0.207900	93.000000
2	1.000000	0.215350	89.500000
5	1.000000	0.215480	90.199997
10	1.000387	0.218060	88.400002
20	1.005124	0.216500	83.199997
50	1.010667	0.225270	76.779999
100	1.016803	0.224180	70.459999

check_k=32
1	1.000000	0.356390	97.000000
2	1.000000	0.360530	97.500000
5	1.000000	0.370670	96.599998
10	1.000000	0.377670	95.500000
20	1.000202	0.372040	93.199997
50	1.003422	0.366400	89.500000
100	1.006930	0.371910	85.320000

check_k=64
1	1.000000	0.563350	99.000000
2	1.000000	0.569630	99.000000
5	1.000000	0.568530	99.000000
10	1.000000	0.577340	99.099998
20	1.000000	0.581810	98.500000
50	1.000252	0.571010	96.800003
100	1.001368	0.576490	95.120003

check_k=128
1	1.000000	0.796550	100.000000
2	1.000000	0.798460	100.000000
5	1.000000	0.813980	100.000000
10	1.000000	0.820330	99.900002
20	1.000000	0.794700	99.800003
50	1.000000	0.790110	99.580002
100	1.000000	0.810000	99.269997

check_k=256
1	1.000000	0.963120	100.000000
2	1.000000	0.961020	100.000000
5	1.000000	0.972270	100.000000
10	1.000000	0.963610	100.000000
20	1.000000	0.965770	100.000000
50	1.000000	0.986090	100.000000
100	1.000000	0.996740	99.970001

check_k=512
1	1.000000	1.056090	100.000000
2	1.000000	1.049330	100.000000
5	1.000000	1.057540	100.000000
10	1.000000	1.066380	100.000000
20	1.000000	1.074010	100.000000
50	1.000000	1.069740	100.000000
100	1.000000	1.060150	100.000000

lcsb  r=0.660000, L=256
Indexing Time: 0.922934 Seconds

Estimated Memory Usage: 33693696 Bytes

check_k=1
1	1.000000	0.087810	70.000000
2	1.007321	0.067860	61.000000
5	1.019420	0.066720	53.799999
10	1.030851	0.067080	48.500000
20	1.045073	0.068240	42.250000
50	1.078454	0.070960	33.000000
100	1.129141	0.074630	26.309999

check_k=2
1	1.000000	0.092780	81.000000
2	1.000000	0.092620	75.500000
5	1.008208	0.093050	69.400002
10	1.013579	0.093630	63.900002
20	1.021177	0.094660	58.000000
50	1.040960	0.098350	48.259998
100	1.065256	0.104450	39.990002

check_k=4
1	1.000000	0.144310	88.000000
2	1.000000	0.139940	85.000000
5	1.001382	0.140580	81.000000
10	1.005732	0.140910	78.099998
20	1.010013	0.142200	73.199997
50	1.019485	0.146230	64.620003
100	1.032677	0.154130	56.430000

check_k=8
1	1.000000	0.222960	93.000000
2	1.000000	0.222970	93.000000
5	1.000000	0.223280	91.199997
10	1.000680	0.223920	88.599998
20	1.003903	0.225150	85.750000
50	1.008806	0.229720	79.839996
100	1.014246	0.238390	73.559998

check_k=16
1	1.000000	0.354900	98.000000
2	1.000000	0.356400	98.500000
5	1.000000	0.355580	96.199997
10	1.000000	0.355750	95.099998
20	1.000000	0.357090	93.699997
50	1.002492	0.361650	91.440002
100	1.004969	0.371500	87.680000

check_k=32
1	1.000000	0.559550	100.000000
2	1.000000	0.556160	100.000000
5	1.000000	0.559720	99.599998
10	1.000000	0.548730	98.900002
20	1.000000	0.554780	98.449997
50	1.000000	0.555560	97.559998
100	1.000548	0.565000	96.010002

check_k=64
1	1.000000	0.767930	100.000000
2	1.000000	0.764980	100.000000
5	1.000000	0.778500	100.000000
10	1.000000	0.765350	99.900002
20	1.000000	0.768470	99.849998
50	1.000000	0.772580	99.519997
100	1.000000	0.782330	99.269997

check_k=128
1	1.000000	0.960590	100.000000
2	1.000000	0.952180	100.000000
5	1.000000	0.952470	100.000000
10	1.000000	0.952890	100.000000
20	1.000000	0.956800	100.000000
50	1.000000	0.958270	99.959999
100	1.000000	0.967960	99.919998

check_k=256
1	1.000000	1.067510	100.000000
2	1.000000	1.068120	100.000000
5	1.000000	1.068410	100.000000
10	1.000000	1.070920	100.000000
20	1.000000	1.068460	100.000000
50	1.000000	1.076430	100.000000
100	1.000000	1.092390	100.000000

check_k=512
1	1.000000	1.198060	100.000000
2	1.000000	1.193170	100.000000
5	1.000000	1.198250	100.000000
10	1.000000	1.194600	100.000000
20	1.000000	1.196030	100.000000
50	1.000000	1.209740	100.000000
100	1.000000	1.210820	100.000000

lcsb  r=0.660000, L=512
Indexing Time: 1.878980 Seconds

Estimated Memory Usage: 66678784 Bytes

check_k=1
1	1.000000	0.215830	79.000000
2	1.000000	0.167650	80.500000
5	1.006094	0.152170	72.800003
10	1.015056	0.152100	65.800003
20	1.019660	0.154540	59.650002
50	1.042017	0.154260	49.860001
100	1.065182	0.158300	40.509998

check_k=2
1	1.000000	0.192080	90.000000
2	1.000000	0.189320	93.000000
5	1.000000	0.190140	86.000000
10	1.003699	0.191720	80.099998
20	1.009383	0.192200	75.699997
50	1.020097	0.204310	65.959999
100	1.032237	0.204570	57.060001

check_k=4
1	1.000000	0.266660	98.000000
2	1.000000	0.266200	97.500000
5	1.000000	0.267120	93.599998
10	1.000000	0.267320	90.400002
20	1.003245	0.268710	87.599998
50	1.007733	0.277560	81.379997
100	1.014127	0.287340	74.110001

check_k=8
1	1.000000	0.393160	99.000000
2	1.000000	0.392990	99.000000
5	1.000000	0.393090	97.800003
10	1.000000	0.393760	96.699997
20	1.000000	0.395070	95.400002
50	1.001613	0.399670	92.199997
100	1.004247	0.409380	87.900002

check_k=16
1	1.000000	0.574330	100.000000
2	1.000000	0.570490	99.500000
5	1.000000	0.571430	99.599998
10	1.000000	0.571160	99.000000
20	1.000000	0.575210	98.550003
50	1.000000	0.583000	97.540001
100	1.000833	0.597190	95.720001

check_k=32
1	1.000000	0.789300	100.000000
2	1.000000	0.790060	100.000000
5	1.000000	0.787100	100.000000
10	1.000000	0.787330	99.900002
20	1.000000	0.788630	99.849998
50	1.000000	0.792930	99.540001
100	1.000000	0.802340	99.169998

check_k=64
1	1.000000	0.990550	100.000000
2	1.000000	0.999580	100.000000
5	1.000000	0.994240	100.000000
10	1.000000	1.004810	100.000000
20	1.000000	1.005910	100.000000
50	1.000000	1.003430	99.980003
100	1.000000	1.011900	99.959999

check_k=128
1	1.000000	1.140550	100.000000
2	1.000000	1.144570	100.000000
5	1.000000	1.144730	100.000000
10	1.000000	1.146940	100.000000
20	1.000000	1.148230	100.000000
50	1.000000	1.167010	100.000000
100	1.000000	1.185390	100.000000

check_k=256
1	1.000000	1.290360	100.000000
2	1.000000	1.298750	100.000000
5	1.000000	1.295760	100.000000
10	1.000000	1.295820	100.000000
20	1.000000	1.304110	100.000000
50	1.000000	1.304890	100.000000
100	1.000000	1.321870	100.000000

check_k=512
1	1.000000	1.544640	100.000000
2	1.000000	1.543380	100.000000
5	1.000000	1.547750	100.000000
10	1.000000	1.556970	100.000000
20	1.000000	1.599740	100.000000
50	1.000000	1.604730	100.000000
100	1.000000	1.631070	100.000000

