lcsb  r=0.660000, L=8
Indexing Time: 0.046915 Seconds

Estimated Memory Usage: 2555904 Bytes

check_k=1
1	1.180513	0.004530	6.000000
2	1.213010	0.002970	5.500000
5	1.328473	0.002830	3.600000
10	1.517596	0.002850	2.700000
20	31622.777344	0.002790	2.550000
50	31622.777344	0.002740	2.000000
100	31622.777344	0.002700	1.430000

check_k=2
1	1.139036	0.005150	12.000000
2	1.165061	0.004380	9.000000
5	1.216045	0.004420	5.600000
10	1.326671	0.004520	4.400000
20	1.542352	0.004630	4.000000
50	31622.777344	0.004600	3.060000
100	31622.777344	0.004550	2.360000

check_k=4
1	1.099120	0.008980	13.000000
2	1.138126	0.008480	11.000000
5	1.158357	0.008480	7.600000
10	1.210067	0.008530	6.200000
20	1.310449	0.008670	6.450000
50	31622.777344	0.008300	5.060000
100	31622.777344	0.008310	3.880000

check_k=8
1	1.071585	0.019220	18.000000
2	1.095257	0.013940	17.500000
5	1.126349	0.013880	13.200000
10	1.146078	0.014120	11.000000
20	1.203037	0.014720	10.450000
50	1.334242	0.015830	7.860000
100	31622.777344	0.016040	6.410000

check_k=16
1	1.053025	0.029710	20.000000
2	1.060402	0.026370	22.000000
5	1.090770	0.026220	18.400000
10	1.105842	0.026680	15.700000
20	1.133985	0.027400	14.650000
50	1.213609	0.029450	12.060000
100	1.321935	0.031440	9.910000

check_k=32
1	1.035558	0.054920	31.000000
2	1.046619	0.051910	31.500000
5	1.066630	0.051780	27.799999
10	1.076463	0.052200	22.700001
20	1.095706	0.053110	20.450001
50	1.136344	0.056040	17.900000
100	1.197265	0.060240	15.260000

check_k=64
1	1.016372	0.103790	42.000000
2	1.033917	0.102390	40.000000
5	1.045427	0.104420	36.000000
10	1.059722	0.101710	31.700001
20	1.067323	0.102840	29.350000
50	1.090708	0.106590	26.400000
100	1.126631	0.112770	23.200001

check_k=128
1	1.000000	0.198120	51.000000
2	1.016585	0.198190	50.000000
5	1.031656	0.198720	46.200001
10	1.036382	0.199510	43.000000
20	1.044003	0.200760	39.950001
50	1.058808	0.205300	36.480000
100	1.072418	0.213190	32.880001

check_k=256
1	1.000000	0.386010	63.000000
2	1.004676	0.385950	63.000000
5	1.013740	0.387310	61.599998
10	1.018253	0.387650	59.200001
20	1.024243	0.395900	56.150002
50	1.034019	0.395820	52.279999
100	1.041330	0.405650	48.470001

check_k=512
1	1.000000	0.735800	82.000000
2	1.000000	0.769970	79.000000
5	1.002946	0.783380	75.000000
10	1.007435	0.765590	73.900002
20	1.012862	0.761730	72.400002
50	1.017181	0.764750	69.000000
100	1.021493	0.783860	65.589996

lcsb  r=0.660000, L=16
Indexing Time: 0.102527 Seconds

Estimated Memory Usage: 4382720 Bytes

check_k=1
1	1.115829	0.009420	8.000000
2	1.154018	0.005690	6.000000
5	1.222073	0.005160	5.000000
10	1.325430	0.005180	5.800000
20	1.653678	0.005130	4.150000
50	31622.777344	0.005140	3.080000
100	31622.777344	0.005010	2.400000

check_k=2
1	1.081834	0.009760	13.000000
2	1.113158	0.008070	10.000000
5	1.148986	0.007860	9.000000
10	1.200575	0.008180	9.400000
20	1.301657	0.008520	7.600000
50	31622.777344	0.008670	5.580000
100	31622.777344	0.008710	4.200000

check_k=4
1	1.056150	0.016830	19.000000
2	1.070899	0.014650	18.500000
5	1.094314	0.014210	15.600000
10	1.130137	0.014540	15.600000
20	1.186749	0.015270	12.650000
50	1.342789	0.016140	9.640000
100	31622.777344	0.016320	7.540000

check_k=8
1	1.035695	0.029960	31.000000
2	1.049617	0.027880	30.000000
5	1.065134	0.027410	24.799999
10	1.088728	0.027290	23.700001
20	1.123407	0.028280	19.799999
50	1.196379	0.030730	15.260000
100	1.321492	0.032030	12.220000

check_k=16
1	1.015557	0.055400	46.000000
2	1.029498	0.053380	40.500000
5	1.043321	0.052920	36.799999
10	1.054876	0.053650	33.900002
20	1.076868	0.054730	29.200001
50	1.119609	0.057670	23.639999
100	1.173593	0.062650	19.299999

check_k=32
1	1.000000	0.104940	56.000000
2	1.012375	0.104290	51.500000
5	1.027053	0.110570	47.599998
10	1.033378	0.104990	45.000000
20	1.044402	0.105420	41.299999
50	1.070984	0.110290	35.139999
100	1.104144	0.116650	29.930000

check_k=64
1	1.000000	0.201740	66.000000
2	1.004170	0.202830	63.500000
5	1.012797	0.199430	61.599998
10	1.019272	0.201950	58.900002
20	1.026022	0.202440	55.549999
50	1.039172	0.209380	50.160000
100	1.057778	0.220380	44.099998

check_k=128
1	1.000000	0.388610	78.000000
2	1.000000	0.388610	76.000000
5	1.002524	0.396840	75.199997
10	1.007771	0.391440	71.699997
20	1.014737	0.391730	69.300003
50	1.021098	0.393170	64.879997
100	1.029217	0.408420	59.509998

check_k=256
1	1.000000	0.739290	88.000000
2	1.000000	0.735220	90.500000
5	1.000000	0.728190	89.800003
10	1.000904	0.727790	86.800003
20	1.004674	0.728080	84.750000
50	1.008406	0.733830	80.980003
100	1.012790	0.748330	76.510002

check_k=512
1	1.000000	1.291800	96.000000
2	1.000000	1.278200	97.500000
5	1.000000	1.285860	96.400002
10	1.000000	1.293740	95.099998
20	1.000140	1.281750	93.900002
50	1.002163	1.307880	92.459999
100	1.003690	1.339650	90.550003

lcsb  r=0.660000, L=32
Indexing Time: 0.212331 Seconds

Estimated Memory Usage: 7757824 Bytes

check_k=1
1	1.063130	0.024350	19.000000
2	1.070572	0.018310	16.500000
5	1.123320	0.016200	14.000000
10	1.179729	0.012000	12.100000
20	1.277670	0.011480	10.900000
50	31622.777344	0.013200	7.300000
100	31622.777344	0.013390	5.230000

check_k=2
1	1.039077	0.020040	28.000000
2	1.049862	0.016970	26.000000
5	1.077708	0.016570	21.799999
10	1.110796	0.016790	19.600000
20	1.165698	0.017390	17.000000
50	1.321840	0.018330	12.220000
100	31622.777344	0.018370	9.380000

check_k=4
1	1.014109	0.031700	43.000000
2	1.031959	0.029650	40.500000
5	1.047439	0.029080	34.599998
10	1.070479	0.029200	29.799999
20	1.098363	0.030290	25.400000
50	1.174497	0.032350	19.780001
100	1.312330	0.033640	15.390000

check_k=8
1	1.000000	0.056170	55.000000
2	1.016007	0.055040	52.000000
5	1.027306	0.054970	47.000000
10	1.043062	0.055310	42.000000
20	1.060362	0.057220	36.799999
50	1.098861	0.062860	29.660000
100	1.151407	0.065030	24.000000

check_k=16
1	1.000000	0.104610	63.000000
2	1.004329	0.104040	65.000000
5	1.012190	0.102490	60.599998
10	1.024545	0.104950	55.900002
20	1.034631	0.105740	50.700001
50	1.055657	0.110570	42.919998
100	1.082735	0.117090	36.279999

check_k=32
1	1.000000	0.198270	79.000000
2	1.000000	0.195050	80.000000
5	1.002373	0.198150	74.599998
10	1.010738	0.198200	70.900002
20	1.017279	0.201520	66.300003
50	1.030189	0.203820	58.880001
100	1.044200	0.211100	52.110001

check_k=64
1	1.000000	0.368960	87.000000
2	1.000000	0.370600	87.500000
5	1.000000	0.371620	85.599998
10	1.003824	0.371270	82.699997
20	1.007213	0.374640	80.000000
50	1.013142	0.378560	74.059998
100	1.020392	0.382480	68.470001

check_k=128
1	1.000000	0.675490	94.000000
2	1.000000	0.714730	94.000000
5	1.000000	0.706110	93.199997
10	1.000000	0.709220	91.599998
20	1.001301	0.698300	90.300003
50	1.004107	0.694320	87.440002
100	1.007663	0.707930	83.769997

check_k=256
1	1.000000	1.235820	98.000000
2	1.000000	1.230160	99.000000
5	1.000000	1.237830	99.000000
10	1.000000	1.235570	98.000000
20	1.000000	1.245960	97.349998
50	1.000437	1.246340	95.720001
100	1.002026	1.242190	93.730003

check_k=512
1	1.000000	1.975400	100.000000
2	1.000000	1.987480	100.000000
5	1.000000	1.957730	100.000000
10	1.000000	1.957320	99.699997
20	1.000000	1.998490	99.500000
50	1.000000	1.967670	99.099998
100	1.000000	1.996150	98.650002

lcsb  r=0.660000, L=64
Indexing Time: 0.426953 Seconds

Estimated Memory Usage: 14647296 Bytes

check_k=1
1	1.021900	0.042670	41.000000
2	1.040296	0.033950	38.000000
5	1.071380	0.028850	26.799999
10	1.103452	0.024820	22.500000
20	1.161108	0.022790	18.799999
50	1.348278	0.023920	13.560000
100	31622.777344	0.023840	9.620000

check_k=2
1	1.009131	0.036990	49.000000
2	1.021374	0.036080	47.500000
5	1.043540	0.036520	37.400002
10	1.067549	0.036200	32.400002
20	1.093239	0.035530	28.200001
50	1.172117	0.037480	21.320000
100	1.310728	0.038210	16.020000

check_k=4
1	1.000000	0.062010	58.000000
2	1.007544	0.061750	57.500000
5	1.025074	0.062440	49.799999
10	1.039390	0.063940	46.099998
20	1.054047	0.061900	40.299999
50	1.092128	0.064020	32.820000
100	1.154831	0.068780	25.940001

check_k=8
1	1.000000	0.108550	66.000000
2	1.000000	0.109680	68.500000
5	1.012190	0.109280	61.599998
10	1.021746	0.109800	59.500000
20	1.029099	0.108550	54.450001
50	1.050684	0.114440	45.919998
100	1.080982	0.118850	38.849998

check_k=16
1	1.000000	0.197880	81.000000
2	1.000000	0.200250	80.000000
5	1.003886	0.202170	74.400002
10	1.010628	0.207200	72.199997
20	1.014776	0.202550	68.849998
50	1.026194	0.207090	61.360001
100	1.042416	0.210490	54.220001

check_k=32
1	1.000000	0.362620	88.000000
2	1.000000	0.362100	87.500000
5	1.000000	0.363270	86.599998
10	1.003093	0.385490	83.900002
20	1.006158	0.384360	81.500000
50	1.011273	0.398410	76.019997
100	1.019026	0.402940	70.040001

check_k=64
1	1.000000	0.667570	94.000000
2	1.000000	0.669300	93.500000
5	1.000000	0.671320	93.199997
10	1.000000	0.671070	91.500000
20	1.000535	0.672610	90.400002
50	1.003680	0.677910	87.480003
100	1.006454	0.690070	83.480003

check_k=128
1	1.000000	1.171420	99.000000
2	1.000000	1.163930	98.500000
5	1.000000	1.166620	97.000000
10	1.000000	1.172490	96.599998
20	1.000000	1.146080	96.400002
50	1.000000	1.184070	94.959999
100	1.001191	1.195120	93.389999

check_k=256
1	1.000000	1.851640	100.000000
2	1.000000	1.843230	100.000000
5	1.000000	1.879610	98.800003
10	1.000000	1.842560	98.900002
20	1.000000	1.838340	99.150002
50	1.000000	1.833520	98.760002
100	1.000000	1.961250	98.379997

check_k=512
1	1.000000	2.618880	100.000000
2	1.000000	2.607110	100.000000
5	1.000000	2.570580	100.000000
10	1.000000	2.577260	99.900002
20	1.000000	2.574340	99.949997
50	1.000000	2.554290	99.940002
100	1.000000	2.582870	99.830002

lcsb  r=0.660000, L=128
Indexing Time: 0.854315 Seconds

Estimated Memory Usage: 28286976 Bytes

check_k=1
1	1.008945	0.077640	47.000000
2	1.018279	0.058760	45.000000
5	1.042516	0.054190	39.200001
10	1.055456	0.055410	35.799999
20	1.089879	0.053300	30.000000
50	1.172987	0.054450	22.879999
100	1.328711	0.055510	16.820000

check_k=2
1	1.000000	0.079770	62.000000
2	1.008719	0.079170	57.000000
5	1.021920	0.081520	52.799999
10	1.031438	0.081990	48.799999
20	1.049356	0.084660	43.549999
50	1.087913	0.086400	34.720001
100	1.153322	0.102640	27.170000

check_k=4
1	1.000000	0.132660	71.000000
2	1.000000	0.141740	70.500000
5	1.012073	0.131720	67.599998
10	1.017038	0.136320	63.400002
20	1.027203	0.138330	58.549999
50	1.047983	0.142010	49.180000
100	1.076550	0.145600	40.840000

check_k=8
1	1.000000	0.222480	78.000000
2	1.000000	0.224160	84.000000
5	1.001127	0.222830	81.199997
10	1.006702	0.223040	77.699997
20	1.012432	0.237210	73.000000
50	1.024509	0.233880	64.900002
100	1.037960	0.236950	56.840000

check_k=16
1	1.000000	0.384910	93.000000
2	1.000000	0.384870	94.000000
5	1.000000	0.387860	90.599998
10	1.000326	0.407560	88.400002
20	1.004104	0.391700	85.800003
50	1.009468	0.398280	79.440002
100	1.016496	0.405280	73.500000

check_k=32
1	1.000000	0.662980	99.000000
2	1.000000	0.666550	98.000000
5	1.000000	0.701390	95.199997
10	1.000000	0.695900	93.599998
20	1.000000	0.690350	93.099998
50	1.002059	0.730440	90.139999
100	1.005844	0.698690	86.160004

check_k=64
1	1.000000	1.129550	99.000000
2	1.000000	1.134730	99.000000
5	1.000000	1.140600	98.199997
10	1.000000	1.129510	97.599998
20	1.000000	1.125270	97.550003
50	1.000000	1.127500	96.220001
100	1.000818	1.152690	94.769997

check_k=128
1	1.000000	1.755660	100.000000
2	1.000000	1.834840	100.000000
5	1.000000	1.782230	99.599998
10	1.000000	1.806590	99.400002
20	1.000000	1.767230	99.550003
50	1.000000	1.750920	99.139999
100	1.000000	1.813590	98.809998

check_k=256
1	1.000000	2.485970	100.000000
2	1.000000	2.497910	100.000000
5	1.000000	2.487100	100.000000
10	1.000000	2.491430	99.699997
20	1.000000	2.475830	99.849998
50	1.000000	2.484070	99.900002
100	1.000000	2.593870	99.889999

check_k=512
1	1.000000	2.988180	100.000000
2	1.000000	2.901190	100.000000
5	1.000000	2.945160	100.000000
10	1.000000	2.924770	100.000000
20	1.000000	3.078910	100.000000
50	1.000000	3.049640	100.000000
100	1.000000	2.959450	100.000000

lcsb  r=0.660000, L=256
Indexing Time: 1.711064 Seconds

Estimated Memory Usage: 55836672 Bytes

check_k=1
1	1.000000	0.166870	72.000000
2	1.000273	0.128750	66.000000
5	1.022967	0.123370	58.799999
10	1.030869	0.124070	53.200001
20	1.043062	0.124390	45.450001
50	1.082934	0.127300	37.560001
100	1.143566	0.130860	29.240000

check_k=2
1	1.000000	0.205970	85.000000
2	1.000000	0.190140	79.000000
5	1.002963	0.186450	74.800003
10	1.013993	0.189160	68.900002
20	1.019670	0.206190	62.299999
50	1.040386	0.193430	53.540001
100	1.070527	0.196600	44.230000

check_k=4
1	1.000000	0.291220	90.000000
2	1.000000	0.298170	87.000000
5	1.000000	0.271130	85.400002
10	1.004009	0.269200	82.199997
20	1.007363	0.272410	77.800003
50	1.018376	0.279540	69.099998
100	1.032181	0.298610	60.240002

check_k=8
1	1.000000	0.430470	96.000000
2	1.000000	0.436880	92.500000
5	1.000000	0.416720	92.199997
10	1.000000	0.415800	90.800003
20	1.001986	0.427350	87.849998
50	1.006591	0.469330	81.980003
100	1.014109	0.446320	75.519997

check_k=16
1	1.000000	0.696960	99.000000
2	1.000000	0.691670	97.000000
5	1.000000	0.694180	96.800003
10	1.000000	0.695630	96.000000
20	1.000000	0.750590	94.699997
50	1.002083	0.701540	91.099998
100	1.004935	0.739380	87.510002

check_k=32
1	1.000000	1.162200	100.000000
2	1.000000	1.149030	98.500000
5	1.000000	1.149660	98.800003
10	1.000000	1.169620	98.199997
20	1.000000	1.161380	97.800003
50	1.000000	1.115950	96.320000
100	1.000767	1.209640	94.910004

check_k=64
1	1.000000	1.770850	100.000000
2	1.000000	1.866530	99.000000
5	1.000000	1.756490	99.599998
10	1.000000	1.795660	99.400002
20	1.000000	1.773260	99.550003
50	1.000000	1.760940	98.900002
100	1.000000	1.774290	98.550003

check_k=128
1	1.000000	2.438630	100.000000
2	1.000000	2.573730	100.000000
5	1.000000	2.467170	100.000000
10	1.000000	2.519520	99.900002
20	1.000000	2.457470	99.949997
50	1.000000	2.576290	99.839996
100	1.000000	2.518280	99.750000

check_k=256
1	1.000000	3.050240	100.000000
2	1.000000	3.017370	100.000000
5	1.000000	3.034770	100.000000
10	1.000000	3.087610	99.900002
20	1.000000	3.165620	99.949997
50	1.000000	3.054070	99.980003
100	1.000000	3.013490	99.989998

check_k=512
1	1.000000	3.324080	100.000000
2	1.000000	3.323550	100.000000
5	1.000000	3.277110	100.000000
10	1.000000	3.259370	100.000000
20	1.000000	3.374530	100.000000
50	1.000000	3.301820	100.000000
100	1.000000	3.316080	100.000000

lcsb  r=0.660000, L=512
Indexing Time: 3.493345 Seconds

Estimated Memory Usage: 110669824 Bytes

check_k=1
1	1.000000	0.322080	85.000000
2	1.000000	0.281410	84.000000
5	1.002373	0.278110	78.599998
10	1.010487	0.280700	72.300003
20	1.017669	0.285160	65.300003
50	1.038804	0.284410	55.139999
100	1.067106	0.293140	45.220001

check_k=2
1	1.000000	0.375870	92.000000
2	1.000000	0.374930	90.500000
5	1.000000	0.364590	88.400002
10	1.000904	0.364560	84.099998
20	1.007959	0.371130	78.750000
50	1.017541	0.399590	70.279999
100	1.031049	0.391380	61.520000

check_k=4
1	1.000000	0.511620	95.000000
2	1.000000	0.508990	94.500000
5	1.000000	0.509650	93.599998
10	1.000000	0.511190	91.199997
20	1.001860	0.516300	88.449997
50	1.006514	0.517390	83.660004
100	1.012653	0.530170	77.529999

check_k=8
1	1.000000	0.772430	98.000000
2	1.000000	0.764510	96.500000
5	1.000000	0.771090	96.000000
10	1.000000	0.801080	95.300003
20	1.000000	0.811740	94.099998
50	1.000523	0.795740	92.379997
100	1.003381	0.827260	89.209999

check_k=16
1	1.000000	1.225040	100.000000
2	1.000000	1.188950	98.000000
5	1.000000	1.183270	98.199997
10	1.000000	1.174460	98.099998
20	1.000000	1.181080	97.750000
50	1.000000	1.189830	96.900002
100	1.000207	1.201380	95.669998

check_k=32
1	1.000000	1.773210	100.000000
2	1.000000	1.903210	98.500000
5	1.000000	1.966010	99.000000
10	1.000000	1.778960	99.300003
20	1.000000	1.778330	99.400002
50	1.000000	1.780210	99.080002
100	1.000000	1.817240	98.589996

check_k=64
1	1.000000	2.475780	100.000000
2	1.000000	2.549990	99.500000
5	1.000000	2.509420	99.800003
10	1.000000	2.496230	99.800003
20	1.000000	2.466680	99.849998
50	1.000000	2.632960	99.760002
100	1.000000	2.626580	99.650002

check_k=128
1	1.000000	3.660530	100.000000
2	1.000000	3.486480	100.000000
5	1.000000	3.491770	100.000000
10	1.000000	3.418680	100.000000
20	1.000000	3.389430	100.000000
50	1.000000	3.393570	99.980003
100	1.000000	3.448380	99.959999

check_k=256
1	1.000000	4.046230	100.000000
2	1.000000	4.702560	100.000000
5	1.000000	4.856330	100.000000
10	1.000000	4.903030	100.000000
20	1.000000	4.597980	100.000000
50	1.000000	4.944950	100.000000
100	1.000000	4.963600	100.000000

check_k=512
1	1.000000	4.841410	100.000000
2	1.000000	4.987630	100.000000
5	1.000000	4.968950	100.000000
10	1.000000	4.718930	100.000000
20	1.000000	4.936460	100.000000
50	1.000000	4.848460	100.000000
100	1.000000	4.938410	100.000000

