lcsb  r=0.660000, L=8
Indexing Time: 0.048899 Seconds

Estimated Memory Usage: 2555904 Bytes

check_k=1
1	1.180513	0.003710	6.000000
2	1.213010	0.003010	5.500000
5	1.328473	0.003100	3.600000
10	1.517596	0.003490	2.700000
20	31622.777344	0.003300	2.550000
50	31622.777344	0.003250	2.000000
100	31622.777344	0.003180	1.430000

check_k=2
1	1.139036	0.005510	12.000000
2	1.165061	0.004210	9.000000
5	1.216045	0.004350	5.600000
10	1.326671	0.004540	4.400000
20	1.542352	0.004710	4.000000
50	31622.777344	0.005420	3.060000
100	31622.777344	0.005440	2.360000

check_k=4
1	1.099120	0.009160	13.000000
2	1.138126	0.008720	11.000000
5	1.158357	0.008890	7.600000
10	1.210067	0.009370	6.200000
20	1.310449	0.009640	6.450000
50	31622.777344	0.009940	5.060000
100	31622.777344	0.009850	3.880000

check_k=8
1	1.071585	0.017360	18.000000
2	1.095257	0.014990	17.500000
5	1.126349	0.013890	13.200000
10	1.146078	0.017360	11.000000
20	1.203037	0.014790	10.450000
50	1.334242	0.017600	7.860000
100	31622.777344	0.017600	6.410000

check_k=16
1	1.053025	0.030450	20.000000
2	1.060402	0.027800	22.000000
5	1.090770	0.028650	18.400000
10	1.105842	0.030420	15.700000
20	1.133985	0.027560	14.650000
50	1.213609	0.029580	12.060000
100	1.321935	0.031290	9.910000

check_k=32
1	1.035558	0.058470	31.000000
2	1.046619	0.052030	31.500000
5	1.066630	0.051330	27.799999
10	1.076463	0.058390	22.700001
20	1.095706	0.057290	20.450001
50	1.136344	0.060220	17.900000
100	1.197265	0.064020	15.260000

check_k=64
1	1.016372	0.104650	42.000000
2	1.033917	0.103760	40.000000
5	1.045427	0.106560	36.000000
10	1.059722	0.110400	31.700001
20	1.067323	0.115260	29.350000
50	1.090708	0.120810	26.400000
100	1.126631	0.126850	23.200001

check_k=128
1	1.000000	0.219390	51.000000
2	1.016585	0.207260	50.000000
5	1.031656	0.221340	46.200001
10	1.036382	0.204020	43.000000
20	1.044003	0.206230	39.950001
50	1.058808	0.213520	36.480000
100	1.072418	0.221420	32.880001

check_k=256
1	1.000000	0.397440	63.000000
2	1.004676	0.392200	63.000000
5	1.013740	0.389020	61.599998
10	1.018253	0.390600	59.200001
20	1.024243	0.395310	56.150002
50	1.034019	0.400550	52.279999
100	1.041330	0.414630	48.470001

check_k=512
1	1.000000	0.746080	82.000000
2	1.000000	0.787860	79.000000
5	1.002946	0.768650	75.000000
10	1.007435	0.761230	73.900002
20	1.012862	0.761730	72.400002
50	1.017181	0.785270	69.000000
100	1.021493	0.780280	65.589996

lcsb  r=0.660000, L=16
Indexing Time: 0.104100 Seconds

Estimated Memory Usage: 4382720 Bytes

check_k=1
1	1.115829	0.007150	8.000000
2	1.154018	0.006450	6.000000
5	1.222073	0.006270	5.000000
10	1.325430	0.006340	5.800000
20	1.653678	0.006310	4.150000
50	31622.777344	0.006280	3.080000
100	31622.777344	0.006170	2.400000

check_k=2
1	1.081834	0.010120	13.000000
2	1.113158	0.009300	10.000000
5	1.148986	0.009800	9.000000
10	1.200575	0.008870	9.400000
20	1.301657	0.008720	7.600000
50	31622.777344	0.010100	5.580000
100	31622.777344	0.010390	4.200000

check_k=4
1	1.056150	0.017610	19.000000
2	1.070899	0.016910	18.500000
5	1.094314	0.016000	15.600000
10	1.130137	0.014730	15.600000
20	1.186749	0.015400	12.650000
50	1.342789	0.016300	9.640000
100	31622.777344	0.016570	7.540000

check_k=8
1	1.035695	0.027600	31.000000
2	1.049617	0.030490	30.000000
5	1.065134	0.026880	24.799999
10	1.088728	0.027270	23.700001
20	1.123407	0.028130	19.799999
50	1.196379	0.030250	15.260000
100	1.321492	0.031900	12.220000

check_k=16
1	1.015557	0.052050	46.000000
2	1.029498	0.051370	40.500000
5	1.043321	0.058170	36.799999
10	1.054876	0.052900	33.900002
20	1.076868	0.053110	29.200001
50	1.119609	0.056080	23.639999
100	1.173593	0.060090	19.299999

check_k=32
1	1.000000	0.103890	56.000000
2	1.012375	0.100010	51.500000
5	1.027053	0.100220	47.599998
10	1.033378	0.100830	45.000000
20	1.044402	0.102010	41.299999
50	1.070984	0.105940	35.139999
100	1.104144	0.112340	29.930000

check_k=64
1	1.000000	0.193580	66.000000
2	1.004170	0.193680	63.500000
5	1.012797	0.194140	61.599998
10	1.019272	0.194700	58.900002
20	1.026022	0.196100	55.549999
50	1.039172	0.200680	50.160000
100	1.057778	0.208860	44.099998

check_k=128
1	1.000000	0.377440	78.000000
2	1.000000	0.380440	76.000000
5	1.002524	0.411090	75.199997
10	1.007771	0.379060	71.699997
20	1.014737	0.381080	69.300003
50	1.021098	0.405250	64.879997
100	1.029217	0.396430	59.509998

check_k=256
1	1.000000	0.729590	88.000000
2	1.000000	0.759600	90.500000
5	1.000000	0.734570	89.800003
10	1.000904	0.732040	86.800003
20	1.004674	0.711040	84.750000
50	1.008406	0.712040	80.980003
100	1.012790	0.737540	76.510002

check_k=512
1	1.000000	1.279400	96.000000
2	1.000000	1.280870	97.500000
5	1.000000	1.346890	96.400002
10	1.000000	1.258270	95.099998
20	1.000140	1.290050	93.900002
50	1.002163	1.254110	92.459999
100	1.003690	1.355790	90.550003

lcsb  r=0.660000, L=32
Indexing Time: 0.216577 Seconds

Estimated Memory Usage: 7757824 Bytes

check_k=1
1	1.063130	0.014980	19.000000
2	1.070572	0.012540	16.500000
5	1.123320	0.011310	14.000000
10	1.179729	0.012980	12.100000
20	1.277670	0.012730	10.900000
50	31622.777344	0.011300	7.300000
100	31622.777344	0.012780	5.230000

check_k=2
1	1.039077	0.019660	28.000000
2	1.049862	0.018810	26.000000
5	1.077708	0.019050	21.799999
10	1.110796	0.018240	19.600000
20	1.165698	0.020240	17.000000
50	1.321840	0.018480	12.220000
100	31622.777344	0.018460	9.380000

check_k=4
1	1.014109	0.033370	43.000000
2	1.031959	0.031700	40.500000
5	1.047439	0.031710	34.599998
10	1.070479	0.032540	29.799999
20	1.098363	0.033730	25.400000
50	1.174497	0.035430	19.780001
100	1.312330	0.036500	15.390000

check_k=8
1	1.000000	0.060980	55.000000
2	1.016007	0.059650	52.000000
5	1.027306	0.056270	47.000000
10	1.043062	0.058420	42.000000
20	1.060362	0.058420	36.799999
50	1.098861	0.062940	29.660000
100	1.151407	0.066320	24.000000

check_k=16
1	1.000000	0.108640	63.000000
2	1.004329	0.104830	65.000000
5	1.012190	0.097350	60.599998
10	1.024545	0.102120	55.900002
20	1.034631	0.102880	50.700001
50	1.055657	0.106690	42.919998
100	1.082735	0.108960	36.279999

check_k=32
1	1.000000	0.185700	79.000000
2	1.000000	0.185280	80.000000
5	1.002373	0.186340	74.599998
10	1.010738	0.186460	70.900002
20	1.017279	0.187870	66.300003
50	1.030189	0.197150	58.880001
100	1.044200	0.201090	52.110001

check_k=64
1	1.000000	0.363640	87.000000
2	1.000000	0.379480	87.500000
5	1.000000	0.361780	85.599998
10	1.003824	0.352250	82.699997
20	1.007213	0.353790	80.000000
50	1.013142	0.358990	74.059998
100	1.020392	0.377850	68.470001

check_k=128
1	1.000000	0.665190	94.000000
2	1.000000	0.661140	94.000000
5	1.000000	0.653330	93.199997
10	1.000000	0.674710	91.599998
20	1.001301	0.663210	90.300003
50	1.004107	0.671250	87.440002
100	1.007663	0.680210	83.769997

check_k=256
1	1.000000	1.195480	98.000000
2	1.000000	1.147640	99.000000
5	1.000000	1.159240	99.000000
10	1.000000	1.152990	98.000000
20	1.000000	1.166450	97.349998
50	1.000437	1.154590	95.720001
100	1.002026	1.161970	93.730003

check_k=512
1	1.000000	1.802750	100.000000
2	1.000000	1.841480	100.000000
5	1.000000	1.845480	100.000000
10	1.000000	1.892950	99.699997
20	1.000000	1.849240	99.500000
50	1.000000	1.853340	99.099998
100	1.000000	1.833850	98.650002

lcsb  r=0.660000, L=64
Indexing Time: 0.436268 Seconds

Estimated Memory Usage: 14647296 Bytes

check_k=1
1	1.021900	0.030000	41.000000
2	1.040296	0.026240	38.000000
5	1.071380	0.024570	26.799999
10	1.103452	0.023940	22.500000
20	1.161108	0.023830	18.799999
50	1.348278	0.024400	13.560000
100	31622.777344	0.023950	9.620000

check_k=2
1	1.009131	0.039520	49.000000
2	1.021374	0.037700	47.500000
5	1.043540	0.034530	37.400002
10	1.067549	0.034690	32.400002
20	1.093239	0.035320	28.200001
50	1.172117	0.037100	21.320000
100	1.310728	0.038340	16.020000

check_k=4
1	1.000000	0.059810	58.000000
2	1.007544	0.058310	57.500000
5	1.025074	0.057880	49.799999
10	1.039390	0.058510	46.099998
20	1.054047	0.059310	40.299999
50	1.092128	0.062100	32.820000
100	1.154831	0.065280	25.940001

check_k=8
1	1.000000	0.107100	66.000000
2	1.000000	0.103200	68.500000
5	1.012190	0.103050	61.599998
10	1.021746	0.103860	59.500000
20	1.029099	0.104630	54.450001
50	1.050684	0.112490	45.919998
100	1.080982	0.113920	38.849998

check_k=16
1	1.000000	0.189820	81.000000
2	1.000000	0.189240	80.000000
5	1.003886	0.189500	74.400002
10	1.010628	0.190380	72.199997
20	1.014776	0.191590	68.849998
50	1.026194	0.200730	61.360001
100	1.042416	0.206770	54.220001

check_k=32
1	1.000000	0.352000	88.000000
2	1.000000	0.365590	87.500000
5	1.000000	0.378560	86.599998
10	1.003093	0.360600	83.900002
20	1.006158	0.356680	81.500000
50	1.011273	0.363320	76.019997
100	1.019026	0.369760	70.040001

check_k=64
1	1.000000	0.655530	94.000000
2	1.000000	0.699950	93.500000
5	1.000000	0.655510	93.199997
10	1.000000	0.655820	91.500000
20	1.000535	0.698910	90.400002
50	1.003680	0.662040	87.480003
100	1.006454	0.674410	83.480003

check_k=128
1	1.000000	1.203460	99.000000
2	1.000000	1.119280	98.500000
5	1.000000	1.120280	97.000000
10	1.000000	1.122080	96.599998
20	1.000000	1.124760	96.400002
50	1.000000	1.145810	94.959999
100	1.001191	1.147420	93.389999

check_k=256
1	1.000000	1.799340	100.000000
2	1.000000	1.778460	100.000000
5	1.000000	1.767980	98.800003
10	1.000000	1.777650	98.900002
20	1.000000	1.864770	99.150002
50	1.000000	1.824230	98.760002
100	1.000000	1.798150	98.379997

check_k=512
1	1.000000	2.415570	100.000000
2	1.000000	2.419740	100.000000
5	1.000000	2.446220	100.000000
10	1.000000	2.466340	99.900002
20	1.000000	2.421910	99.949997
50	1.000000	2.543970	99.940002
100	1.000000	2.542060	99.830002

lcsb  r=0.660000, L=128
Indexing Time: 0.857837 Seconds

Estimated Memory Usage: 28286976 Bytes

check_k=1
1	1.008945	0.074660	47.000000
2	1.018279	0.057000	45.000000
5	1.042516	0.047160	39.200001
10	1.055456	0.046530	35.799999
20	1.089879	0.046250	30.000000
50	1.172987	0.047950	22.879999
100	1.328711	0.049450	16.820000

check_k=2
1	1.000000	0.072500	62.000000
2	1.008719	0.069560	57.000000
5	1.021920	0.069640	52.799999
10	1.031438	0.076870	48.799999
20	1.049356	0.077990	43.549999
50	1.087913	0.080870	34.720001
100	1.153322	0.081160	27.170000

check_k=4
1	1.000000	0.117670	71.000000
2	1.000000	0.121130	70.500000
5	1.012073	0.116340	67.599998
10	1.017038	0.117090	63.400002
20	1.027203	0.118710	58.549999
50	1.047983	0.122310	49.180000
100	1.076550	0.127910	40.840000

check_k=8
1	1.000000	0.204090	78.000000
2	1.000000	0.203130	84.000000
5	1.001127	0.203160	81.199997
10	1.006702	0.203900	77.699997
20	1.012432	0.208690	73.000000
50	1.024509	0.209480	64.900002
100	1.037960	0.216800	56.840000

check_k=16
1	1.000000	0.362120	93.000000
2	1.000000	0.380050	94.000000
5	1.000000	0.366540	90.599998
10	1.000326	0.365890	88.400002
20	1.004104	0.367780	85.800003
50	1.009468	0.397550	79.440002
100	1.016496	0.419360	73.500000

check_k=32
1	1.000000	0.716590	99.000000
2	1.000000	0.720530	98.000000
5	1.000000	0.691980	95.199997
10	1.000000	0.672640	93.599998
20	1.000000	0.675390	93.099998
50	1.002059	0.654590	90.139999
100	1.005844	0.666010	86.160004

check_k=64
1	1.000000	1.087480	99.000000
2	1.000000	1.077350	99.000000
5	1.000000	1.083010	98.199997
10	1.000000	1.080480	97.599998
20	1.000000	1.078940	97.550003
50	1.000000	1.085450	96.220001
100	1.000818	1.098830	94.769997

check_k=128
1	1.000000	1.739050	100.000000
2	1.000000	1.760500	100.000000
5	1.000000	1.767970	99.599998
10	1.000000	1.767480	99.400002
20	1.000000	1.907560	99.550003
50	1.000000	1.929460	99.139999
100	1.000000	1.816910	98.809998

check_k=256
1	1.000000	2.386480	100.000000
2	1.000000	2.607010	100.000000
5	1.000000	2.787010	100.000000
10	1.000000	3.235460	99.699997
20	1.000000	2.413690	99.849998
50	1.000000	2.371920	99.900002
100	1.000000	2.370830	99.889999

check_k=512
1	1.000000	2.797560	100.000000
2	1.000000	2.794890	100.000000
5	1.000000	2.785780	100.000000
10	1.000000	2.796720	100.000000
20	1.000000	2.805830	100.000000
50	1.000000	2.803740	100.000000
100	1.000000	2.820720	100.000000

lcsb  r=0.660000, L=256
Indexing Time: 1.763712 Seconds

Estimated Memory Usage: 55836672 Bytes

check_k=1
1	1.000000	0.146940	72.000000
2	1.000273	0.112500	66.000000
5	1.022967	0.105650	58.799999
10	1.030869	0.104980	53.200001
20	1.043062	0.104990	45.450001
50	1.082934	0.107530	37.560001
100	1.143566	0.114740	29.240000

check_k=2
1	1.000000	0.154170	85.000000
2	1.000000	0.155180	79.000000
5	1.002963	0.167470	74.800003
10	1.013993	0.164380	68.900002
20	1.019670	0.155030	62.299999
50	1.040386	0.161980	53.540001
100	1.070527	0.165060	44.230000

check_k=4
1	1.000000	0.246220	90.000000
2	1.000000	0.240960	87.000000
5	1.000000	0.241200	85.400002
10	1.004009	0.241780	82.199997
20	1.007363	0.268890	77.800003
50	1.018376	0.253440	69.099998
100	1.032181	0.254630	60.240002

check_k=8
1	1.000000	0.394910	96.000000
2	1.000000	0.395180	92.500000
5	1.000000	0.395860	92.199997
10	1.000000	0.394200	90.800003
20	1.001986	0.395850	87.849998
50	1.006591	0.406990	81.980003
100	1.014109	0.409820	75.519997

check_k=16
1	1.000000	0.659420	99.000000
2	1.000000	0.655500	97.000000
5	1.000000	0.662310	96.800003
10	1.000000	0.657250	96.000000
20	1.000000	0.658300	94.699997
50	1.002083	0.665650	91.099998
100	1.004935	0.722280	87.510002

check_k=32
1	1.000000	1.202460	100.000000
2	1.000000	1.156460	98.500000
5	1.000000	1.154860	98.800003
10	1.000000	1.105280	98.199997
20	1.000000	1.088310	97.800003
50	1.000000	1.091820	96.320000
100	1.000767	1.122440	94.910004

check_k=64
1	1.000000	1.674140	100.000000
2	1.000000	1.696200	99.000000
5	1.000000	1.693210	99.599998
10	1.000000	1.674160	99.400002
20	1.000000	1.673150	99.550003
50	1.000000	1.717470	98.900002
100	1.000000	1.737380	98.550003

check_k=128
1	1.000000	2.524150	100.000000
2	1.000000	2.371620	100.000000
5	1.000000	2.349370	100.000000
10	1.000000	2.350190	99.900002
20	1.000000	2.371550	99.949997
50	1.000000	2.374640	99.839996
100	1.000000	2.359140	99.750000

check_k=256
1	1.000000	2.921000	100.000000
2	1.000000	2.982540	100.000000
5	1.000000	2.877350	100.000000
10	1.000000	2.892440	99.900002
20	1.000000	2.871010	99.949997
50	1.000000	2.887270	99.980003
100	1.000000	2.872180	99.989998

check_k=512
1	1.000000	3.201100	100.000000
2	1.000000	3.185560	100.000000
5	1.000000	3.093840	100.000000
10	1.000000	3.094460	100.000000
20	1.000000	3.126970	100.000000
50	1.000000	3.147680	100.000000
100	1.000000	3.207510	100.000000

lcsb  r=0.660000, L=512
Indexing Time: 3.531954 Seconds

Estimated Memory Usage: 110669824 Bytes

check_k=1
1	1.000000	0.297590	85.000000
2	1.000000	0.256540	84.000000
5	1.002373	0.252430	78.599998
10	1.010487	0.241120	72.300003
20	1.017669	0.241680	65.300003
50	1.038804	0.257210	55.139999
100	1.067106	0.257880	45.220001

check_k=2
1	1.000000	0.332790	92.000000
2	1.000000	0.331560	90.500000
5	1.000000	0.331180	88.400002
10	1.000904	0.331140	84.099998
20	1.007959	0.330180	78.750000
50	1.017541	0.345420	70.279999
100	1.031049	0.345360	61.520000

check_k=4
1	1.000000	0.474490	95.000000
2	1.000000	0.494990	94.500000
5	1.000000	0.477180	93.599998
10	1.000000	0.474590	91.199997
20	1.001860	0.476360	88.449997
50	1.006514	0.497570	83.660004
100	1.012653	0.519960	77.529999

check_k=8
1	1.000000	0.740890	98.000000
2	1.000000	0.724620	96.500000
5	1.000000	0.729140	96.000000
10	1.000000	0.723410	95.300003
20	1.000000	0.724390	94.099998
50	1.000523	0.775620	92.379997
100	1.003381	0.757150	89.209999

check_k=16
1	1.000000	1.131870	100.000000
2	1.000000	1.170880	98.000000
5	1.000000	1.129140	98.199997
10	1.000000	1.200040	98.099998
20	1.000000	1.141370	97.750000
50	1.000000	1.224200	96.900002
100	1.000207	1.142430	95.669998

check_k=32
1	1.000000	1.709040	100.000000
2	1.000000	1.707160	98.500000
5	1.000000	1.794920	99.000000
10	1.000000	1.747470	99.300003
20	1.000000	1.697030	99.400002
50	1.000000	1.698290	99.080002
100	1.000000	1.706500	98.589996

check_k=64
1	1.000000	2.392940	100.000000
2	1.000000	2.468100	99.500000
5	1.000000	2.381890	99.800003
10	1.000000	2.345720	99.800003
20	1.000000	2.352640	99.849998
50	1.000000	2.438440	99.760002
100	1.000000	2.403250	99.650002

check_k=128
1	1.000000	2.951520	100.000000
2	1.000000	3.080590	100.000000
5	1.000000	2.989600	100.000000
10	1.000000	2.931630	100.000000
20	1.000000	2.918570	100.000000
50	1.000000	3.008560	99.980003
100	1.000000	2.941650	99.959999

check_k=256
1	1.000000	3.239820	100.000000
2	1.000000	3.456070	100.000000
5	1.000000	3.256270	100.000000
10	1.000000	3.239560	100.000000
20	1.000000	3.263470	100.000000
50	1.000000	3.274980	100.000000
100	1.000000	3.366380	100.000000

check_k=512
1	1.000000	3.709250	100.000000
2	1.000000	3.548840	100.000000
5	1.000000	3.550280	100.000000
10	1.000000	3.593230	100.000000
20	1.000000	3.624950	100.000000
50	1.000000	3.675810	100.000000
100	1.000000	3.642080	100.000000

