lcsb  r=0.660000, L=8
Indexing Time: 0.701669 Seconds

Estimated Memory Usage: 46645248 Bytes

check_k=1
1	1.509584	0.016680	0.000000
2	1.440101	0.006650	0.000000
5	1.385807	0.004380	0.000000
10	1.412769	0.004200	0.000000
20	31622.777344	0.004080	0.000000
50	31622.777344	0.003930	0.240000
100	31622.777344	0.003810	0.070000

check_k=2
1	1.450240	0.008930	0.000000
2	1.388843	0.005670	0.000000
5	1.340966	0.005550	0.000000
10	1.356496	0.005730	0.100000
20	1.373801	0.005970	0.050000
50	31622.777344	0.005990	0.400000
100	31622.777344	0.006310	0.130000

check_k=4
1	1.435521	0.016720	0.000000
2	1.361369	0.009160	0.000000
5	1.304328	0.008580	0.000000
10	1.302178	0.008980	0.100000
20	1.313282	0.009580	0.050000
50	1.465885	0.010190	0.780000
100	31622.777344	0.010230	0.260000

check_k=8
1	1.377437	0.026470	0.000000
2	1.312575	0.019160	0.000000
5	1.269267	0.017690	0.600000
10	1.249581	0.017710	0.400000
20	1.253667	0.018660	0.250000
50	1.368331	0.020520	1.640000
100	1.453286	0.024800	0.570000

check_k=16
1	1.352578	0.055180	1.000000
2	1.289586	0.052170	1.000000
5	1.233410	0.050560	1.600000
10	1.224874	0.050340	1.300000
20	1.224599	0.051080	0.700000
50	1.335152	0.054080	3.020000
100	1.362020	0.057700	0.990000

check_k=32
1	1.324329	0.119300	1.000000
2	1.254038	0.108470	1.000000
5	1.205345	0.105860	1.800000
10	1.198244	0.108290	1.400000
20	1.199250	0.110030	0.950000
50	1.289410	0.113980	5.240000
100	1.306433	0.119920	1.770000

check_k=64
1	1.298839	0.231140	2.000000
2	1.239713	0.226980	1.500000
5	1.183550	0.225560	2.600000
10	1.171556	0.225050	2.200000
20	1.173437	0.225450	1.600000
50	1.249096	0.228820	7.740000
100	1.267894	0.241130	2.950000

check_k=128
1	1.247421	0.459600	5.000000
2	1.207932	0.459130	3.500000
5	1.157964	0.458620	3.600000
10	1.149743	0.459300	3.300000
20	1.148329	0.462350	2.450000
50	1.226282	0.447730	11.540000
100	1.229342	0.457080	5.330000

check_k=256
1	1.199113	0.889750	11.000000
2	1.180602	0.884970	8.500000
5	1.129508	0.885150	7.200000
10	1.121607	0.883770	6.200000
20	1.119929	0.902010	4.750000
50	1.189012	0.886120	16.100000
100	1.189607	0.899880	9.570000

check_k=512
1	1.121025	1.775630	18.000000
2	1.155955	1.748870	14.000000
5	1.109125	1.779560	12.200000
10	1.090962	1.763180	10.100000
20	1.096515	1.759550	8.750000
50	1.180785	1.754740	20.299999
100	1.168145	1.769580	15.530000

lcsb  r=0.660000, L=16
Indexing Time: 1.484367 Seconds

Estimated Memory Usage: 78487552 Bytes

check_k=1
1	1.438451	0.034030	0.000000
2	1.385834	0.017060	0.000000
5	1.348664	0.010090	0.000000
10	1.342456	0.009450	0.100000
20	1.382714	0.009570	0.150000
50	31622.777344	0.009580	0.560000
100	31622.777344	0.009720	0.160000

check_k=2
1	1.386516	0.018370	0.000000
2	1.348828	0.014410	0.000000
5	1.299615	0.013880	0.200000
10	1.294606	0.013980	0.300000
20	1.300292	0.014550	0.300000
50	1.480853	0.015110	1.020000
100	31622.777344	0.015100	0.390000

check_k=4
1	1.380853	0.033250	0.000000
2	1.307634	0.033630	0.000000
5	1.264585	0.030710	0.600000
10	1.253163	0.027810	0.500000
20	1.250657	0.027630	0.500000
50	1.373590	0.029190	1.720000
100	1.452192	0.030030	0.640000

check_k=8
1	1.338548	0.064110	2.000000
2	1.285571	0.059020	1.000000
5	1.240367	0.059610	1.200000
10	1.231364	0.062310	1.000000
20	1.218644	0.066270	0.900000
50	1.319956	0.070780	3.220000
100	1.355169	0.068810	1.190000

check_k=16
1	1.299124	0.129030	6.000000
2	1.241920	0.143360	3.000000
5	1.201996	0.135560	2.600000
10	1.195375	0.134560	2.100000
20	1.194372	0.134660	1.600000
50	1.279953	0.136590	5.500000
100	1.299865	0.141060	2.170000

check_k=32
1	1.256546	0.264390	6.000000
2	1.213044	0.266560	3.500000
5	1.176925	0.266690	3.200000
10	1.170277	0.286820	2.600000
20	1.167531	0.268280	2.050000
50	1.249121	0.271180	8.760000
100	1.259000	0.277320	3.560000

check_k=64
1	1.242953	0.506190	8.000000
2	1.199018	0.506490	5.500000
5	1.156837	0.506150	4.800000
10	1.147031	0.506760	3.900000
20	1.142356	0.508780	3.150000
50	1.217656	0.511730	12.340000
100	1.220847	0.518450	5.870000

check_k=128
1	1.199113	0.952640	11.000000
2	1.171337	0.942430	7.500000
5	1.131296	0.951590	6.800000
10	1.119768	0.942840	6.100000
20	1.120379	0.974020	4.900000
50	1.201097	0.960550	15.440000
100	1.187643	0.952150	9.610000

check_k=256
1	1.104086	1.831390	21.000000
2	1.137560	1.830290	18.000000
5	1.097951	1.829550	14.800000
10	1.089942	1.835290	12.500000
20	1.094237	1.854870	9.650000
50	1.178865	1.837330	21.160000
100	1.163882	1.845630	16.059999

check_k=512
1	1.046448	3.601260	33.000000
2	1.081984	3.646370	28.500000
5	1.081773	3.592790	22.400000
10	1.069866	3.507360	19.600000
20	1.065842	3.550380	17.150000
50	1.157739	3.617240	26.100000
100	1.137663	3.676570	23.879999

lcsb  r=0.660000, L=32
Indexing Time: 3.249765 Seconds

Estimated Memory Usage: 142442496 Bytes

check_k=1
1	1.429529	0.064280	1.000000
2	1.360878	0.038980	0.500000
5	1.301054	0.024530	0.200000
10	1.300465	0.025190	0.100000
20	1.303463	0.022570	0.100000
50	1.474439	0.022900	0.980000
100	31622.777344	0.023300	0.290000

check_k=2
1	1.380962	0.042370	1.000000
2	1.322962	0.040060	0.500000
5	1.260825	0.038520	0.400000
10	1.259647	0.038430	0.500000
20	1.254955	0.039030	0.400000
50	1.387960	0.042200	1.760000
100	1.440398	0.042750	0.620000

check_k=4
1	1.323051	0.078930	2.000000
2	1.277362	0.072200	1.000000
5	1.218855	0.070200	1.200000
10	1.226570	0.071670	1.300000
20	1.220234	0.073310	1.050000
50	1.324789	0.076850	3.040000
100	1.349227	0.080700	1.090000

check_k=8
1	1.282283	0.139580	4.000000
2	1.242146	0.138440	2.500000
5	1.205345	0.138120	2.600000
10	1.189657	0.138350	2.200000
20	1.191507	0.139400	1.900000
50	1.273594	0.142630	5.920000
100	1.297999	0.147610	2.230000

check_k=16
1	1.248264	0.278470	5.000000
2	1.209736	0.285620	3.500000
5	1.178502	0.284230	4.200000
10	1.164554	0.285320	3.700000
20	1.163505	0.283440	3.000000
50	1.245169	0.288630	9.940000
100	1.250496	0.294480	4.070000

check_k=32
1	1.213358	0.516750	5.000000
2	1.183333	0.516840	4.500000
5	1.152685	0.539670	5.200000
10	1.144853	0.517880	4.700000
20	1.137868	0.518780	4.100000
50	1.216715	0.522130	13.820000
100	1.213604	0.531050	7.000000

check_k=64
1	1.183723	0.945430	9.000000
2	1.174236	0.938960	7.500000
5	1.135893	0.945700	7.800000
10	1.119353	0.969580	6.700000
20	1.118198	0.984100	6.050000
50	1.186209	0.979020	16.980000
100	1.192297	0.968430	10.630000

check_k=128
1	1.165061	1.858520	14.000000
2	1.136016	1.812760	11.500000
5	1.104674	1.819130	11.200000
10	1.095312	1.792610	10.500000
20	1.097321	1.785420	9.200000
50	1.179854	1.798210	20.160000
100	1.167803	1.837660	14.720000

check_k=256
1	1.053386	3.471980	28.000000
2	1.092273	3.493940	25.500000
5	1.075217	3.553740	21.799999
10	1.070147	3.485580	19.900000
20	1.066444	3.523060	16.950001
50	1.165076	3.544220	26.059999
100	1.136912	3.512800	22.900000

check_k=512
1	1.000574	6.758080	49.000000
2	1.037828	6.862140	44.000000
5	1.053753	6.899830	36.799999
10	1.045170	6.942930	33.299999
20	1.044732	6.933920	29.350000
50	1.154491	6.893620	30.420000
100	1.121421	6.861080	29.870001

lcsb  r=0.660000, L=64
Indexing Time: 6.773836 Seconds

Estimated Memory Usage: 270221312 Bytes

check_k=1
1	1.364001	0.120950	2.000000
2	1.328040	0.094440	1.500000
5	1.267140	0.117220	0.800000
10	1.255001	0.089640	0.400000
20	1.252544	0.083560	0.450000
50	1.374571	0.081050	3.720000
100	1.448859	0.079880	4.550000

check_k=2
1	1.337679	0.111830	2.000000
2	1.300470	0.116150	1.500000
5	1.228918	0.101710	1.000000
10	1.223779	0.100840	0.700000
20	1.222144	0.100950	0.700000
50	1.324162	0.103820	5.100000
100	1.351475	0.111360	5.100000

check_k=4
1	1.296829	0.165540	3.000000
2	1.226339	0.164500	2.000000
5	1.192747	0.167260	1.200000
10	1.188215	0.170010	1.200000
20	1.190327	0.167780	1.300000
50	1.277072	0.172120	8.000000
100	1.303551	0.178630	6.000000

check_k=8
1	1.223713	0.291380	7.000000
2	1.196805	0.295040	5.500000
5	1.159534	0.290400	5.200000
10	1.153697	0.295190	3.900000
20	1.159843	0.293660	3.150000
50	1.234710	0.297960	12.600000
100	1.248210	0.304870	8.170000

check_k=16
1	1.185717	0.571860	9.000000
2	1.165868	0.548890	7.500000
5	1.143602	0.527700	7.600000
10	1.123373	0.522430	5.600000
20	1.131156	0.519200	4.950000
50	1.207423	0.522430	16.740000
100	1.211953	0.529720	11.790000

check_k=32
1	1.177101	0.964950	9.000000
2	1.153734	0.957060	8.000000
5	1.116600	0.989170	9.400000
10	1.105667	0.958950	7.800000
20	1.102278	1.004940	6.850000
50	1.200704	1.045870	20.379999
100	1.184176	0.980980	16.150000

check_k=64
1	1.123645	1.797990	16.000000
2	1.133087	1.792490	16.500000
5	1.097542	1.825050	16.000000
10	1.087707	1.870810	12.500000
20	1.084595	1.814430	10.950000
50	1.181390	1.811990	23.799999
100	1.163615	1.808520	20.450001

check_k=128
1	1.085185	3.552880	23.000000
2	1.099169	3.455930	23.000000
5	1.075217	3.489940	21.000000
10	1.072075	3.465070	18.100000
20	1.069253	3.423370	16.450001
50	1.164811	3.556330	26.980000
100	1.136564	3.488760	26.320000

check_k=256
1	1.005853	6.623600	47.000000
2	1.044243	6.657560	41.500000
5	1.051711	6.690460	36.400002
10	1.045463	6.543930	32.700001
20	1.043099	6.705210	29.500000
50	1.148469	6.652680	32.660000
100	1.115021	6.617240	33.680000

check_k=512
1	1.000000	12.454241	66.000000
2	1.007652	12.509139	62.000000
5	1.024770	12.317901	56.799999
10	1.027623	12.444690	52.599998
20	1.025423	12.410680	48.099998
50	1.153398	12.458030	36.700001
100	1.113901	14.476980	38.680000

lcsb  r=0.660000, L=128
Indexing Time: 15.070077 Seconds

Estimated Memory Usage: 525774848 Bytes

check_k=1
1	1.309438	0.235520	4.000000
2	1.273608	0.206290	4.000000
5	1.229146	0.184970	1.800000
10	1.217680	0.181690	1.200000
20	1.217233	0.179360	1.000000
50	1.311151	0.182870	3.500000
100	1.348913	0.185420	1.180000

check_k=2
1	1.244375	0.246030	6.000000
2	1.242764	0.244800	6.500000
5	1.191996	0.245750	3.400000
10	1.182511	0.246380	2.500000
20	1.189139	0.247070	2.000000
50	1.273200	0.258980	6.780000
100	1.299334	0.266300	2.320000

check_k=4
1	1.207935	0.377580	9.000000
2	1.183621	0.371670	8.500000
5	1.163622	0.371700	6.400000
10	1.152886	0.372490	4.500000
20	1.148251	0.373690	3.650000
50	1.241295	0.380680	11.780000
100	1.249862	0.392230	4.380000

check_k=8
1	1.145783	0.620940	15.000000
2	1.147983	0.615110	13.500000
5	1.136124	0.611400	10.400000
10	1.120505	0.656900	7.500000
20	1.124206	0.608750	6.300000
50	1.212542	0.611790	15.940000
100	1.212597	0.623330	8.590000

check_k=16
1	1.097964	1.056660	23.000000
2	1.118442	1.070940	20.000000
5	1.108209	1.064650	15.400000
10	1.097969	1.062870	11.600000
20	1.099176	1.059550	10.100000
50	1.197427	1.062640	19.980000
100	1.180363	1.068270	14.180000

check_k=32
1	1.053165	1.969320	28.000000
2	1.079825	1.924470	25.500000
5	1.075839	1.953100	21.600000
10	1.077425	1.928680	17.900000
20	1.077941	1.936560	15.450000
50	1.178081	1.976430	23.780001
100	1.153702	1.936490	19.870001

check_k=64
1	1.034230	3.584330	34.000000
2	1.057239	3.599510	31.000000
5	1.058282	3.575810	28.000000
10	1.061908	3.625010	23.799999
20	1.059683	3.609040	22.049999
50	1.163906	3.583640	27.139999
100	1.132101	3.604920	24.559999

check_k=128
1	1.004959	6.768860	47.000000
2	1.041250	6.766420	44.000000
5	1.047518	6.713130	38.400002
10	1.043437	6.806040	34.799999
20	1.044299	6.757100	31.400000
50	1.152660	6.727570	30.340000
100	1.115736	6.794210	28.889999

check_k=256
1	1.000000	12.581579	66.000000
2	1.003820	12.560969	65.000000
5	1.022098	12.633349	60.599998
10	1.023055	12.603290	54.400002
20	1.025194	12.578600	50.250000
50	1.152380	12.611511	35.400002
100	1.115166	12.688700	34.790001

check_k=512
1	1.000000	22.592659	83.000000
2	1.000000	22.519360	84.500000
5	1.005704	22.425999	79.400002
10	1.009710	22.633949	75.000000
20	1.010687	22.649269	71.699997
50	1.147279	22.797161	37.599998
100	1.105084	22.736059	38.720001

lcsb  r=0.660000, L=256
Indexing Time: 30.194292 Seconds

Estimated Memory Usage: 1036881920 Bytes

check_k=1
1	1.231452	0.497260	7.000000
2	1.223635	0.449850	6.000000
5	1.182479	0.427030	4.000000
10	1.175192	0.421880	3.500000
20	1.177619	0.419520	2.850000
50	1.262323	0.429350	6.940000
100	1.297809	0.432880	2.810000

check_k=2
1	1.156549	0.549880	13.000000
2	1.175140	0.550170	10.500000
5	1.153564	0.551390	7.400000
10	1.144733	0.549840	5.800000
20	1.144916	0.551460	5.150000
50	1.232822	0.558700	12.680000
100	1.240304	0.610500	5.340000

check_k=4
1	1.134622	0.793490	18.000000
2	1.138797	0.789560	13.500000
5	1.116082	0.792450	11.000000
10	1.113089	0.786720	8.800000
20	1.117604	0.789160	7.900000
50	1.207089	0.791350	17.100000
100	1.201385	0.799310	9.490000

check_k=8
1	1.077255	1.251810	27.000000
2	1.102813	1.247850	21.000000
5	1.094772	1.248790	18.000000
10	1.093267	1.251850	14.400000
20	1.096392	1.295730	12.450000
50	1.188391	1.283530	21.420000
100	1.171294	1.265850	15.780000

check_k=16
1	1.048295	2.148500	30.000000
2	1.073813	2.145620	25.500000
5	1.072494	2.145340	23.400000
10	1.071148	2.201670	21.200001
20	1.076640	2.150880	18.600000
50	1.183288	2.155230	25.900000
100	1.152590	2.164680	22.000000

check_k=32
1	1.026702	3.895570	36.000000
2	1.044699	3.919880	35.000000
5	1.053055	3.873250	33.799999
10	1.049349	3.880780	31.500000
20	1.053607	3.920310	27.150000
50	1.159963	3.923040	28.820000
100	1.128962	3.942130	27.150000

check_k=64
1	1.001690	7.094810	50.000000
2	1.022341	7.170200	49.500000
5	1.034626	7.097010	45.599998
10	1.034913	7.137410	41.200001
20	1.037515	7.163270	37.049999
50	1.148331	7.095340	31.900000
100	1.119511	7.158190	30.959999

check_k=128
1	1.000000	13.054090	63.000000
2	1.001326	13.059500	65.500000
5	1.018102	13.018401	60.200001
10	1.022722	13.107500	56.400002
20	1.025024	13.073660	50.900002
50	1.154055	13.176801	35.060001
100	1.119865	12.888780	34.810001

check_k=256
1	1.000000	22.759768	86.000000
2	1.000000	22.875500	87.000000
5	1.000690	22.883142	82.599998
10	1.007873	22.894060	77.300003
20	1.010037	23.073969	73.750000
50	1.141735	22.871731	37.779999
100	1.111594	23.060169	38.830002

check_k=512
1	1.000000	37.816280	97.000000
2	1.000000	37.865379	97.500000
5	1.000000	37.833160	94.800003
10	1.000000	37.838001	92.099998
20	1.002092	37.964710	90.150002
50	1.139358	37.851971	39.660000
100	1.107557	37.597469	41.529999

lcsb  r=0.660000, L=512
Indexing Time: 60.177193 Seconds

Estimated Memory Usage: 2059091968 Bytes

check_k=1
1	1.206727	1.786390	14.000000
2	1.201931	0.995950	9.000000
5	1.152545	0.970400	6.200000
10	1.147649	0.961370	4.900000
20	1.148251	0.958210	4.050000
50	1.230058	0.961690	11.980000
100	1.244089	0.965910	5.260000

check_k=2
1	1.124879	1.224260	22.000000
2	1.162276	1.223410	16.000000
5	1.121581	1.225290	10.600000
10	1.114881	1.230770	8.200000
20	1.117358	1.225960	7.150000
50	1.208266	1.238470	17.200001
100	1.200901	1.234940	9.950000

check_k=4
1	1.066186	1.721510	28.000000
2	1.118442	1.789530	22.000000
5	1.093073	2.309900	17.400000
10	1.093160	1.714270	14.500000
20	1.093908	1.709970	12.350000
50	1.187411	1.727010	21.480000
100	1.172274	1.733570	16.090000

check_k=8
1	1.023251	2.694760	39.000000
2	1.066333	2.676700	34.000000
5	1.067903	2.692690	28.200001
10	1.066397	2.698400	23.700001
20	1.067485	2.684940	20.200001
50	1.178777	2.694300	26.000000
100	1.146844	2.705950	23.260000

check_k=16
1	1.000000	4.562540	52.000000
2	1.036059	4.548950	48.000000
5	1.049906	5.351770	39.599998
10	1.046628	4.891930	34.799999
20	1.045738	4.524600	30.200001
50	1.157610	4.569830	29.700001
100	1.122717	4.594530	28.309999

check_k=32
1	1.000000	8.148060	58.000000
2	1.018607	8.100160	58.000000
5	1.027319	9.547470	50.799999
10	1.030755	8.187409	47.299999
20	1.032249	8.097300	41.549999
50	1.157889	8.114480	32.500000
100	1.115213	8.084500	33.000000

check_k=64
1	1.000000	16.207180	69.000000
2	1.000000	15.373619	71.500000
5	1.016095	15.528259	64.199997
10	1.018441	13.443171	60.599998
20	1.020442	13.401480	54.950001
50	1.151879	13.324141	35.419998
100	1.114883	13.420470	36.090000

check_k=128
1	1.000000	23.533541	80.000000
2	1.000000	23.400148	83.000000
5	1.005262	23.508301	78.000000
10	1.009541	23.527899	75.400002
20	1.009879	23.365480	72.000000
50	1.143090	23.470600	37.360001
100	1.109720	23.469398	38.639999

check_k=256
1	1.000000	38.205391	96.000000
2	1.000000	38.016762	96.500000
5	1.000000	38.080261	95.400002
10	1.000000	38.046539	92.800003
20	1.001353	38.048031	91.150002
50	1.137964	38.187572	39.500000
100	1.103714	38.153831	41.500000

check_k=512
1	1.000000	55.505211	99.000000
2	1.000000	55.383923	99.500000
5	1.000000	56.101177	99.199997
10	1.000000	56.181202	98.400002
20	1.000000	56.188969	98.500000
50	1.137720	55.931904	40.439999
100	1.102227	56.091270	42.709999

