lcsb  r=0.660000, L=8
Indexing Time: 0.666795 Seconds

Estimated Memory Usage: 46645248 Bytes

check_k=1
1	1.509584	0.015210	0.000000
2	1.440101	0.005950	0.000000
5	1.385807	0.004150	0.000000
10	1.412769	0.004030	0.000000
20	31622.777344	0.003900	0.000000
50	31622.777344	0.003760	0.880000
100	31622.777344	0.003650	0.700000

check_k=2
1	1.450240	0.008700	0.000000
2	1.388843	0.005170	0.000000
5	1.340966	0.005110	0.000000
10	1.356496	0.005370	0.100000
20	1.373801	0.005650	0.050000
50	31622.777344	0.005710	1.680000
100	31622.777344	0.005660	1.400000

check_k=4
1	1.435521	0.014540	0.000000
2	1.361369	0.008690	0.000000
5	1.304328	0.008330	0.000000
10	1.302178	0.008680	0.100000
20	1.313282	0.009350	0.050000
50	1.465885	0.009930	2.780000
100	31622.777344	0.009940	2.810000

check_k=8
1	1.377437	0.025500	0.000000
2	1.312575	0.017330	0.000000
5	1.269267	0.016220	0.600000
10	1.249581	0.016240	0.400000
20	1.253667	0.017100	0.250000
50	1.368331	0.018900	3.640000
100	1.453286	0.020100	4.570000

check_k=16
1	1.352578	0.052220	1.000000
2	1.289586	0.048530	1.000000
5	1.233410	0.046800	1.600000
10	1.224874	0.046440	1.300000
20	1.224599	0.047230	0.700000
50	1.335152	0.050110	5.020000
100	1.362020	0.053830	4.990000

check_k=32
1	1.324329	0.114610	1.000000
2	1.254038	0.108090	1.000000
5	1.205345	0.098500	1.800000
10	1.198244	0.101440	1.400000
20	1.199250	0.103480	0.950000
50	1.289410	0.107810	7.240000
100	1.306433	0.114320	5.770000

check_k=64
1	1.298839	0.221470	2.000000
2	1.239713	0.217670	1.500000
5	1.183550	0.216560	2.600000
10	1.171556	0.216660	2.200000
20	1.173437	0.217200	1.600000
50	1.249096	0.222240	9.740000
100	1.267894	0.226110	6.950000

check_k=128
1	1.247421	0.440910	5.000000
2	1.207932	0.438370	3.500000
5	1.157964	0.443470	3.600000
10	1.149743	0.439910	3.300000
20	1.148329	0.440050	2.450000
50	1.226282	0.440640	13.540000
100	1.229342	0.445360	9.330000

check_k=256
1	1.199113	0.875240	11.000000
2	1.180602	0.874380	8.500000
5	1.129508	0.876600	7.200000
10	1.121607	0.880080	6.200000
20	1.119929	0.886980	4.750000
50	1.189012	0.898900	18.100000
100	1.189607	0.895110	13.570000

check_k=512
1	1.121025	1.729570	18.000000
2	1.155955	1.730620	14.000000
5	1.109125	1.741520	12.200000
10	1.090962	1.725990	10.100000
20	1.096515	1.714500	8.750000
50	1.180785	1.735580	22.299999
100	1.168145	1.725760	19.530001

lcsb  r=0.660000, L=16
Indexing Time: 1.294512 Seconds

Estimated Memory Usage: 78487552 Bytes

check_k=1
1	1.438451	0.031820	0.000000
2	1.385834	0.015680	0.000000
5	1.348664	0.009320	0.000000
10	1.342456	0.008960	0.100000
20	1.382714	0.009030	0.150000
50	31622.777344	0.008990	0.560000
100	31622.777344	0.009020	0.160000

check_k=2
1	1.386516	0.017260	0.000000
2	1.348828	0.013070	0.000000
5	1.299615	0.012400	0.200000
10	1.294606	0.012630	0.300000
20	1.300292	0.013020	0.300000
50	1.480853	0.013700	1.020000
100	31622.777344	0.013870	0.390000

check_k=4
1	1.380853	0.030830	0.000000
2	1.307634	0.028620	0.000000
5	1.264585	0.026880	0.600000
10	1.253163	0.024740	0.500000
20	1.250657	0.028980	0.500000
50	1.373590	0.032150	1.720000
100	1.452192	0.029040	0.640000

check_k=8
1	1.338548	0.060790	2.000000
2	1.285571	0.059420	1.000000
5	1.240367	0.055410	1.200000
10	1.231364	0.052130	1.000000
20	1.218644	0.054100	0.900000
50	1.319956	0.057560	3.220000
100	1.355169	0.061710	1.190000

check_k=16
1	1.299124	0.116790	6.000000
2	1.241920	0.115970	3.000000
5	1.201996	0.114920	2.600000
10	1.195375	0.115900	2.100000
20	1.194372	0.115610	1.600000
50	1.279953	0.118990	5.500000
100	1.299865	0.125710	2.170000

check_k=32
1	1.256546	0.232960	6.000000
2	1.213044	0.228570	3.500000
5	1.176925	0.231070	3.200000
10	1.170277	0.228930	2.600000
20	1.167531	0.228970	2.050000
50	1.249121	0.232070	8.760000
100	1.259000	0.240000	3.560000

check_k=64
1	1.242953	0.457520	8.000000
2	1.199018	0.456510	5.500000
5	1.156837	0.442310	4.800000
10	1.147031	0.462240	3.900000
20	1.142356	0.445060	3.150000
50	1.217656	0.447920	12.340000
100	1.220847	0.455660	5.870000

check_k=128
1	1.199113	0.881420	11.000000
2	1.171337	0.884150	7.500000
5	1.131296	0.884200	6.800000
10	1.119768	0.884830	6.100000
20	1.120379	0.885910	4.900000
50	1.201097	0.892490	15.440000
100	1.187643	0.892000	9.610000

check_k=256
1	1.104086	1.713400	21.000000
2	1.137560	1.746110	18.000000
5	1.097951	1.732000	14.800000
10	1.089942	1.742030	12.500000
20	1.094237	1.727060	9.650000
50	1.178865	1.731800	21.160000
100	1.163882	1.736350	16.059999

check_k=512
1	1.046448	3.400110	33.000000
2	1.081984	3.411800	28.500000
5	1.081773	3.382450	22.400000
10	1.069866	3.430180	19.600000
20	1.065842	3.422090	17.150000
50	1.157739	3.424710	26.100000
100	1.137663	3.407370	23.879999

lcsb  r=0.660000, L=32
Indexing Time: 3.051188 Seconds

Estimated Memory Usage: 142442496 Bytes

check_k=1
1	1.429529	0.064360	1.000000
2	1.360878	0.037830	0.500000
5	1.301054	0.023360	0.200000
10	1.300465	0.021590	0.100000
20	1.303463	0.021780	0.100000
50	1.474439	0.022200	0.980000
100	31622.777344	0.022620	0.290000

check_k=2
1	1.380962	0.041640	1.000000
2	1.322962	0.038380	0.500000
5	1.260825	0.037040	0.400000
10	1.259647	0.036370	0.500000
20	1.254955	0.036680	0.400000
50	1.387960	0.038720	1.760000
100	1.440398	0.040190	0.620000

check_k=4
1	1.323051	0.078280	2.000000
2	1.277362	0.078120	1.000000
5	1.218855	0.068840	1.200000
10	1.226570	0.069010	1.300000
20	1.220234	0.070420	1.050000
50	1.324789	0.073590	3.040000
100	1.349227	0.078640	1.090000

check_k=8
1	1.282283	0.135900	4.000000
2	1.242146	0.135200	2.500000
5	1.205345	0.135590	2.600000
10	1.189657	0.135270	2.200000
20	1.191507	0.135820	1.900000
50	1.273594	0.138870	5.920000
100	1.297999	0.143850	2.230000

check_k=16
1	1.248264	0.258290	5.000000
2	1.209736	0.255880	3.500000
5	1.178502	0.255570	4.200000
10	1.164554	0.254410	3.700000
20	1.163505	0.253500	3.000000
50	1.245169	0.257560	9.940000
100	1.250496	0.267110	4.070000

check_k=32
1	1.213358	0.489360	5.000000
2	1.183333	0.482250	4.500000
5	1.152685	0.477520	5.200000
10	1.144853	0.479600	4.700000
20	1.137868	0.477890	4.100000
50	1.216715	0.482940	13.820000
100	1.213604	0.490160	7.000000

check_k=64
1	1.183723	0.947470	9.000000
2	1.174236	0.945760	7.500000
5	1.135893	0.933850	7.800000
10	1.119353	0.934840	6.700000
20	1.118198	0.940880	6.050000
50	1.186209	0.943260	16.980000
100	1.192297	0.950280	10.630000

check_k=128
1	1.165061	1.808980	14.000000
2	1.136016	1.802440	11.500000
5	1.104674	1.843090	11.200000
10	1.095312	1.806160	10.500000
20	1.097321	1.805050	9.200000
50	1.179854	1.806450	20.160000
100	1.167803	1.847200	14.720000

check_k=256
1	1.053386	3.738950	28.000000
2	1.092273	3.701600	25.500000
5	1.075217	3.699580	21.799999
10	1.070147	3.711940	19.900000
20	1.066444	3.686480	16.950001
50	1.165076	3.722710	26.059999
100	1.136912	3.736940	22.900000

check_k=512
1	1.000574	7.141080	49.000000
2	1.037828	6.570990	44.000000
5	1.053753	6.881190	36.799999
10	1.045170	7.200400	33.299999
20	1.044732	7.157889	29.350000
50	1.154491	7.165560	30.420000
100	1.121421	7.042700	29.870001

lcsb  r=0.660000, L=64
Indexing Time: 6.740202 Seconds

Estimated Memory Usage: 270221312 Bytes

check_k=1
1	1.364001	0.123360	2.000000
2	1.328040	0.094640	1.500000
5	1.267140	0.085080	0.800000
10	1.255001	0.080720	0.400000
20	1.252544	0.077800	0.450000
50	1.374571	0.078750	1.720000
100	1.448859	0.076290	0.550000

check_k=2
1	1.337679	0.098680	2.000000
2	1.300470	0.127980	1.500000
5	1.228918	0.099220	1.000000
10	1.223779	0.097820	0.700000
20	1.222144	0.099810	0.700000
50	1.324162	0.102610	3.100000
100	1.351475	0.108370	1.100000

check_k=4
1	1.296829	0.165460	3.000000
2	1.226339	0.164820	2.000000
5	1.192747	0.164680	1.200000
10	1.188215	0.164660	1.200000
20	1.190327	0.166090	1.300000
50	1.277072	0.169570	6.000000
100	1.303551	0.175460	2.000000

check_k=8
1	1.223713	0.289930	7.000000
2	1.196805	0.289650	5.500000
5	1.159534	0.288920	5.200000
10	1.153697	0.288510	3.900000
20	1.159843	0.290550	3.150000
50	1.234710	0.294790	10.600000
100	1.248210	0.299820	4.170000

check_k=16
1	1.185717	0.517280	9.000000
2	1.165868	0.517140	7.500000
5	1.143602	0.515360	7.600000
10	1.123373	0.515260	5.600000
20	1.131156	0.514680	4.950000
50	1.207423	0.523870	14.740000
100	1.211953	0.534830	7.790000

check_k=32
1	1.177101	0.958530	9.000000
2	1.153734	0.965020	8.000000
5	1.116600	1.001580	9.400000
10	1.105667	0.971710	7.800000
20	1.102278	0.953060	6.850000
50	1.200704	0.961000	18.379999
100	1.184176	0.967060	12.150000

check_k=64
1	1.123645	1.789920	16.000000
2	1.133087	1.795420	16.500000
5	1.097542	1.785350	16.000000
10	1.087707	1.826720	12.500000
20	1.084595	1.800780	10.950000
50	1.181390	1.797560	21.799999
100	1.163615	1.803800	16.450001

check_k=128
1	1.085185	3.464430	23.000000
2	1.099169	3.507310	23.000000
5	1.075217	3.470280	21.000000
10	1.072075	3.491270	18.100000
20	1.069253	3.440050	16.450001
50	1.164811	3.429020	24.980000
100	1.136564	3.476490	22.320000

check_k=256
1	1.005853	6.551300	47.000000
2	1.044243	6.552120	41.500000
5	1.051711	6.552270	36.400002
10	1.045463	6.562730	32.700001
20	1.043099	6.524570	29.500000
50	1.148469	6.540280	30.660000
100	1.115021	6.640730	29.680000

check_k=512
1	1.000000	12.309251	66.000000
2	1.007652	12.353081	62.000000
5	1.024770	12.427879	56.799999
10	1.027623	12.381211	52.599998
20	1.025423	12.313590	48.099998
50	1.153398	12.317540	34.700001
100	1.113901	12.360670	34.680000

lcsb  r=0.660000, L=128
Indexing Time: 14.137932 Seconds

Estimated Memory Usage: 525774848 Bytes

check_k=1
1	1.309438	0.237810	4.000000
2	1.273608	0.215530	4.000000
5	1.229146	0.213580	1.800000
10	1.217680	0.194410	1.200000
20	1.217233	0.188370	1.000000
50	1.311151	0.188730	3.500000
100	1.348913	0.191940	1.180000

check_k=2
1	1.244375	0.250180	6.000000
2	1.242764	0.247940	6.500000
5	1.191996	0.253240	3.400000
10	1.182511	0.249750	2.500000
20	1.189139	0.248230	2.000000
50	1.273200	0.250620	6.780000
100	1.299334	0.256110	2.320000

check_k=4
1	1.207935	0.376780	9.000000
2	1.183621	0.376880	8.500000
5	1.163622	0.371290	6.400000
10	1.152886	0.372240	4.500000
20	1.148251	0.373350	3.650000
50	1.241295	0.378170	11.780000
100	1.249862	0.389760	4.380000

check_k=8
1	1.145783	0.616820	15.000000
2	1.147983	0.611720	13.500000
5	1.136124	0.606940	10.400000
10	1.120505	0.609960	7.500000
20	1.124206	0.608910	6.300000
50	1.212542	0.610620	15.940000
100	1.212597	0.667190	8.590000

check_k=16
1	1.097964	1.064490	23.000000
2	1.118442	1.058150	20.000000
5	1.108209	1.063770	15.400000
10	1.097969	1.061570	11.600000
20	1.099176	1.061260	10.100000
50	1.197427	1.062300	19.980000
100	1.180363	1.070650	14.180000

check_k=32
1	1.053165	1.928610	28.000000
2	1.079825	2.044080	25.500000
5	1.075839	2.041280	21.600000
10	1.077425	2.042030	17.900000
20	1.077941	2.043130	15.450000
50	1.178081	2.046630	23.780001
100	1.153702	2.082770	19.870001

check_k=64
1	1.034230	3.892900	34.000000
2	1.057239	3.869670	31.000000
5	1.058282	3.820740	28.000000
10	1.061908	3.739270	23.799999
20	1.059683	3.688250	22.049999
50	1.163906	3.766910	27.139999
100	1.132101	3.898530	24.559999

check_k=128
1	1.004959	7.342940	47.000000
2	1.041250	7.365760	44.000000
5	1.047518	7.335990	38.400002
10	1.043437	7.343660	34.799999
20	1.044299	7.384110	31.400000
50	1.152660	7.387860	30.340000
100	1.115736	7.395960	28.889999

check_k=256
1	1.000000	13.894320	66.000000
2	1.003820	13.831579	65.000000
5	1.022098	13.905880	60.599998
10	1.023055	13.915071	54.400002
20	1.025194	13.849100	50.250000
50	1.152380	13.579471	35.400002
100	1.115166	13.892180	34.790001

check_k=512
1	1.000000	23.456942	83.000000
2	1.000000	22.667429	84.500000
5	1.005704	23.657862	79.400002
10	1.009710	23.083158	75.000000
20	1.010687	22.844938	71.699997
50	1.147279	23.098831	37.599998
100	1.105084	24.920540	38.720001

lcsb  r=0.660000, L=256
Indexing Time: 28.714521 Seconds

Estimated Memory Usage: 1036881920 Bytes

check_k=1
1	1.231452	0.487560	7.000000
2	1.223635	0.420720	6.000000
5	1.182479	0.405250	4.000000
10	1.175192	0.404730	3.500000
20	1.177619	0.407670	2.850000
50	1.262323	0.405870	6.940000
100	1.297809	0.411260	2.810000

check_k=2
1	1.156549	0.530590	13.000000
2	1.175140	0.534760	10.500000
5	1.153564	0.538780	7.400000
10	1.144733	0.534920	5.800000
20	1.144916	0.533190	5.150000
50	1.232822	0.624460	12.680000
100	1.240304	0.543110	5.340000

check_k=4
1	1.134622	0.773190	18.000000
2	1.138797	0.767150	13.500000
5	1.116082	0.773350	11.000000
10	1.113089	0.766630	8.800000
20	1.117604	0.764040	7.900000
50	1.207089	0.769880	17.100000
100	1.201385	0.777320	9.490000

check_k=8
1	1.077255	1.219260	27.000000
2	1.102813	1.218750	21.000000
5	1.094772	1.218920	18.000000
10	1.093267	1.217270	14.400000
20	1.096392	1.216400	12.450000
50	1.188391	1.303190	21.420000
100	1.171294	1.228160	15.780000

check_k=16
1	1.048295	2.085320	30.000000
2	1.073813	2.085920	25.500000
5	1.072494	2.080520	23.400000
10	1.071148	2.090550	21.200001
20	1.076640	2.164200	18.600000
50	1.183288	2.087700	25.900000
100	1.152590	2.097540	22.000000

check_k=32
1	1.026702	3.781530	36.000000
2	1.044699	3.789970	35.000000
5	1.053055	3.875260	33.799999
10	1.049349	3.794210	31.500000
20	1.053607	3.780240	27.150000
50	1.159963	3.872840	28.820000
100	1.128962	3.804620	27.150000

check_k=64
1	1.001690	7.091420	50.000000
2	1.022341	6.917250	49.500000
5	1.034626	6.974670	45.599998
10	1.034913	6.893170	41.200001
20	1.037515	7.004200	37.049999
50	1.148331	6.936680	31.900000
100	1.119511	7.033710	30.959999

check_k=128
1	1.000000	12.783639	63.000000
2	1.001326	12.759230	65.500000
5	1.018102	12.747930	60.200001
10	1.022722	12.786930	56.400002
20	1.025024	12.791111	50.900002
50	1.154055	12.814840	35.060001
100	1.119865	12.752140	34.810001

check_k=256
1	1.000000	22.662748	86.000000
2	1.000000	22.578789	87.000000
5	1.000690	22.748741	82.599998
10	1.007873	22.717110	77.300003
20	1.010037	22.604050	73.750000
50	1.141735	22.681789	37.779999
100	1.111594	22.594351	38.830002

check_k=512
1	1.000000	37.278130	97.000000
2	1.000000	37.179279	97.500000
5	1.000000	37.198429	94.800003
10	1.000000	37.213539	92.099998
20	1.002092	37.190392	90.150002
50	1.139358	37.281029	39.660000
100	1.107557	37.298798	41.529999

lcsb  r=0.660000, L=512
Indexing Time: 58.941414 Seconds

Estimated Memory Usage: 2059091968 Bytes

check_k=1
1	1.206727	0.950130	14.000000
2	1.201931	0.928810	9.000000
5	1.152545	0.889220	6.200000
10	1.147649	0.884790	4.900000
20	1.148251	0.881170	4.050000
50	1.230058	0.884840	11.980000
100	1.244089	0.887010	5.260000

check_k=2
1	1.124879	1.113420	22.000000
2	1.162276	1.114940	16.000000
5	1.121581	1.111770	10.600000
10	1.114881	1.110790	8.200000
20	1.117358	1.112690	7.150000
50	1.208266	1.117700	17.200001
100	1.200901	1.127120	9.950000

check_k=4
1	1.066186	1.574620	28.000000
2	1.118442	1.584150	22.000000
5	1.093073	1.726590	17.400000
10	1.093160	1.585250	14.500000
20	1.093908	1.576260	12.350000
50	1.187411	1.570140	21.480000
100	1.172274	1.586720	16.090000

check_k=8
1	1.023251	2.449660	39.000000
2	1.066333	2.446740	34.000000
5	1.067903	2.460800	28.200001
10	1.066397	2.448660	23.700001
20	1.067485	2.467260	20.200001
50	1.178777	2.466280	26.000000
100	1.146844	2.605260	23.260000

check_k=16
1	1.000000	4.175040	52.000000
2	1.036059	4.162120	48.000000
5	1.049906	4.150360	39.599998
10	1.046628	4.142400	34.799999
20	1.045738	4.151320	30.200001
50	1.157610	4.343270	29.700001
100	1.122717	4.198870	28.309999

check_k=32
1	1.000000	7.427300	58.000000
2	1.018607	7.417760	58.000000
5	1.027319	7.559880	50.799999
10	1.030755	7.418900	47.299999
20	1.032249	7.402259	41.549999
50	1.157889	7.574380	32.500000
100	1.115213	7.444499	33.000000

check_k=64
1	1.000000	13.282580	69.000000
2	1.000000	13.444791	71.500000
5	1.016095	13.445310	64.199997
10	1.018441	13.241429	60.599998
20	1.020442	13.654240	54.950001
50	1.151879	13.864201	35.419998
100	1.114883	13.547430	36.090000

check_k=128
1	1.000000	23.451828	80.000000
2	1.000000	23.902138	83.000000
5	1.005262	23.338520	78.000000
10	1.009541	23.623892	75.400002
20	1.009879	23.990368	72.000000
50	1.143090	23.308001	37.360001
100	1.109720	23.244471	38.639999

check_k=256
1	1.000000	37.777279	96.000000
2	1.000000	37.910492	96.500000
5	1.000000	38.122231	95.400002
10	1.000000	37.989910	92.800003
20	1.001353	37.955189	91.150002
50	1.137964	37.813961	39.500000
100	1.103714	38.891003	41.500000

check_k=512
1	1.000000	54.682541	99.000000
2	1.000000	55.178642	99.500000
5	1.000000	55.575630	99.199997
10	1.000000	55.540516	98.400002
20	1.000000	56.047401	98.500000
50	1.137720	56.515659	40.439999
100	1.102227	55.912975	42.709999

