lcsb  r=0.660000, L=8
Indexing Time: 0.671429 Seconds

Estimated Memory Usage: 37576704 Bytes

check_k=1
1	1.083188	0.017530	0.000000
2	1.096289	0.008020	0.000000
5	1.131704	0.006020	0.000000
10	1.171622	0.005810	0.000000
20	31622.777344	0.005710	0.150000
50	31622.777344	0.005660	3.780000
100	31622.777344	0.005650	1.670000

check_k=2
1	1.074510	0.013820	0.000000
2	1.087597	0.009410	0.000000
5	1.101509	0.008970	0.000000
10	1.133762	0.009270	0.000000
20	1.178581	0.009490	0.150000
50	31622.777344	0.009540	7.600000
100	31622.777344	0.009480	3.120000

check_k=4
1	1.063788	0.027400	0.000000
2	1.070421	0.018800	0.000000
5	1.082898	0.019980	0.000000
10	1.105122	0.017260	0.000000
20	1.124617	0.020830	0.150000
50	1.270963	0.018440	14.400000
100	31622.777344	0.021770	6.150000

check_k=8
1	1.058837	0.054310	0.000000
2	1.063478	0.050000	0.000000
5	1.069089	0.048530	0.200000
10	1.081455	0.048560	0.100000
20	1.095577	0.049400	0.250000
50	1.184716	0.051130	20.540001
100	1.248955	0.052460	11.850000

check_k=16
1	1.047041	0.111630	0.000000
2	1.048424	0.110390	1.000000
5	1.056451	0.110100	0.600000
10	1.063840	0.110100	0.400000
20	1.077027	0.110430	0.600000
50	1.154022	0.111790	24.440001
100	1.157466	0.115170	17.209999

check_k=32
1	1.041000	0.222830	1.000000
2	1.041945	0.217770	2.500000
5	1.046512	0.217020	1.800000
10	1.051096	0.217770	1.300000
20	1.062760	0.218190	1.300000
50	1.131080	0.221960	27.900000
100	1.127883	0.222640	21.070000

check_k=64
1	1.036029	0.424530	1.000000
2	1.035165	0.415350	2.500000
5	1.039541	0.416790	2.400000
10	1.042619	0.413260	2.000000
20	1.048617	0.411290	2.150000
50	1.117096	0.413730	30.760000
100	1.107924	0.419860	23.190001

check_k=128
1	1.026626	0.822080	4.000000
2	1.028213	0.809300	5.500000
5	1.032458	0.844820	4.000000
10	1.035101	0.804430	3.300000
20	1.038646	0.804810	3.550000
50	1.111987	0.808540	33.259998
100	1.095244	0.823340	26.459999

check_k=256
1	1.020838	1.619220	9.000000
2	1.021811	1.607060	8.500000
5	1.025757	1.602380	6.200000
10	1.027166	1.612740	6.400000
20	1.030987	1.696830	6.000000
50	1.102597	1.684340	34.720001
100	1.090349	1.658660	28.700001

check_k=512
1	1.018428	3.188690	13.000000
2	1.017243	3.229260	11.500000
5	1.021350	3.181380	8.200000
10	1.022208	3.185080	9.300000
20	1.024532	3.332360	8.850000
50	1.102688	3.238780	35.540001
100	1.084203	3.202200	30.980000

lcsb  r=0.660000, L=16
Indexing Time: 1.280394 Seconds

Estimated Memory Usage: 63459328 Bytes

check_k=1
1	1.074395	0.033540	0.000000
2	1.082666	0.020140	0.000000
5	1.104229	0.013250	0.000000
10	1.124805	0.012350	0.000000
20	1.175235	0.012470	0.100000
50	31622.777344	0.012470	9.220000
100	31622.777344	0.012620	4.350000

check_k=2
1	1.060125	0.028490	0.000000
2	1.070483	0.024040	0.000000
5	1.087523	0.021830	0.000000
10	1.104045	0.021590	0.200000
20	1.120151	0.022110	0.250000
50	1.258575	0.022750	16.620001
100	31622.777344	0.025600	8.370000

check_k=4
1	1.054706	0.060080	0.000000
2	1.061328	0.053000	0.000000
5	1.066959	0.051760	0.200000
10	1.083756	0.052410	0.300000
20	1.098622	0.053470	0.300000
50	1.188964	0.055100	22.940001
100	1.238545	0.056170	15.320000

check_k=8
1	1.049607	0.114770	0.000000
2	1.052053	0.113580	0.000000
5	1.059177	0.113250	0.200000
10	1.067189	0.113140	0.400000
20	1.079159	0.113600	0.500000
50	1.150640	0.115780	26.639999
100	1.153983	0.118680	20.889999

check_k=16
1	1.041763	0.228440	1.000000
2	1.043936	0.223350	1.000000
5	1.048172	0.222770	0.600000
10	1.053928	0.261170	0.900000
20	1.063869	0.219150	0.950000
50	1.131394	0.222040	29.780001
100	1.127247	0.226020	25.209999

check_k=32
1	1.033084	0.433850	1.000000
2	1.034744	0.425520	2.000000
5	1.039238	0.421750	1.400000
10	1.043704	0.420310	1.900000
20	1.050192	0.421290	2.000000
50	1.116790	0.422470	32.279999
100	1.102650	0.429200	27.340000

check_k=64
1	1.029176	0.830290	3.000000
2	1.027466	0.821890	4.500000
5	1.031255	0.821390	4.000000
10	1.034085	0.814580	3.700000
20	1.038348	0.826870	3.700000
50	1.111091	0.849130	35.599998
100	1.092290	0.851170	30.400000

check_k=128
1	1.020634	1.738410	6.000000
2	1.022516	1.769060	7.000000
5	1.024915	1.779730	6.600000
10	1.027485	1.780280	6.800000
20	1.030485	1.784410	6.350000
50	1.103456	1.782530	37.380001
100	1.090009	1.790420	32.810001

check_k=256
1	1.015435	3.539510	11.000000
2	1.018192	3.428680	11.000000
5	1.018984	3.261910	10.200000
10	1.021053	3.210290	11.200000
20	1.023553	3.170240	10.150000
50	1.100764	3.190780	38.200001
100	1.086500	3.194270	35.340000

check_k=512
1	1.013528	6.436530	16.000000
2	1.014052	6.271250	15.000000
5	1.015842	6.250670	13.200000
10	1.017077	6.419990	15.200000
20	1.017891	6.214490	14.350000
50	1.100676	6.300330	39.400002
100	1.083567	6.372591	38.130001

lcsb  r=0.660000, L=32
Indexing Time: 2.733765 Seconds

Estimated Memory Usage: 115089408 Bytes

check_k=1
1	1.063788	0.066010	0.000000
2	1.069814	0.047490	0.000000
5	1.083802	0.033770	0.000000
10	1.098457	0.031370	0.300000
20	1.117785	0.031350	0.350000
50	1.263709	0.031720	16.480000
100	31622.777344	0.031360	8.570000

check_k=2
1	1.052150	0.070620	1.000000
2	1.054019	0.066310	0.500000
5	1.068711	0.061100	0.200000
10	1.081791	0.061870	0.600000
20	1.096548	0.063090	0.500000
50	1.178474	0.064910	22.900000
100	1.245909	0.066220	15.370000

check_k=4
1	1.045047	0.125710	2.000000
2	1.047386	0.124140	1.500000
5	1.054130	0.124160	0.600000
10	1.063846	0.124330	0.900000
20	1.077533	0.125070	0.700000
50	1.149615	0.127450	26.639999
100	1.153222	0.130480	20.990000

check_k=8
1	1.034054	0.240830	3.000000
2	1.040336	0.236190	3.000000
5	1.044494	0.233580	1.600000
10	1.050514	0.233430	1.700000
20	1.060176	0.232850	1.250000
50	1.129741	0.234410	29.879999
100	1.127533	0.239020	25.160000

check_k=16
1	1.031293	0.448130	3.000000
2	1.034868	0.439730	3.000000
5	1.038505	0.442790	2.200000
10	1.043429	0.438220	2.600000
20	1.049208	0.436780	2.000000
50	1.115095	0.440560	32.820000
100	1.104340	0.449850	27.570000

check_k=32
1	1.027462	0.851240	3.000000
2	1.025966	0.845310	4.000000
5	1.031593	0.843250	3.200000
10	1.034287	0.841000	4.000000
20	1.039389	0.885910	3.300000
50	1.109880	0.846430	35.500000
100	1.090803	0.855040	30.350000

check_k=64
1	1.020695	1.662070	6.000000
2	1.021381	1.641450	7.500000
5	1.023004	1.664670	7.600000
10	1.027323	1.661970	7.200000
20	1.029149	1.635890	6.450000
50	1.102220	1.677880	37.180000
100	1.088504	1.656440	33.090000

check_k=128
1	1.014440	3.225370	12.000000
2	1.017514	3.209870	13.000000
5	1.018994	3.259770	12.200000
10	1.020369	3.220040	12.400000
20	1.021689	3.209220	10.700000
50	1.101995	3.210590	38.580002
100	1.087654	3.279720	35.849998

check_k=256
1	1.010659	6.266500	18.000000
2	1.013423	6.323350	20.500000
5	1.014960	6.272760	17.400000
10	1.015695	6.322350	17.500000
20	1.016740	6.308130	16.350000
50	1.098902	6.332090	39.759998
100	1.083059	6.341100	38.680000

check_k=512
1	1.007423	12.118330	29.000000
2	1.009010	12.147030	28.500000
5	1.010324	12.175310	24.200001
10	1.011475	12.156350	24.500000
20	1.012075	12.172379	24.850000
50	1.097513	12.178471	40.540001
100	1.078196	12.174470	41.509998

lcsb  r=0.660000, L=64
Indexing Time: 6.131577 Seconds

Estimated Memory Usage: 218345472 Bytes

check_k=1
1	1.051012	0.147950	0.000000
2	1.056539	0.108090	0.000000
5	1.067368	0.103080	0.200000
10	1.083115	0.089470	0.100000
20	1.096641	0.084950	0.400000
50	1.186974	0.087140	22.940001
100	1.239312	0.088410	15.930000

check_k=2
1	1.048125	0.148480	1.000000
2	1.050177	0.147100	0.500000
5	1.058015	0.146940	0.600000
10	1.068128	0.146850	0.300000
20	1.079505	0.147970	0.600000
50	1.155472	0.150350	26.360001
100	1.154727	0.153230	21.040001

check_k=4
1	1.039245	0.266770	2.000000
2	1.040072	0.262770	2.000000
5	1.046918	0.260420	1.400000
10	1.052931	0.259640	1.100000
20	1.059192	0.259830	1.300000
50	1.130866	0.261610	29.740000
100	1.130177	0.270430	25.209999

check_k=8
1	1.032073	0.484980	2.000000
2	1.032426	0.476960	3.500000
5	1.039018	0.473000	2.400000
10	1.044982	0.469810	1.900000
20	1.048773	0.470250	2.050000
50	1.115087	0.472350	32.419998
100	1.104851	0.477420	27.570000

check_k=16
1	1.027161	0.892770	3.000000
2	1.029606	0.882980	6.500000
5	1.031711	0.879080	4.400000
10	1.035705	0.931200	3.900000
20	1.039339	0.879520	3.450000
50	1.109231	0.883260	35.220001
100	1.092015	0.895740	30.490000

check_k=32
1	1.021553	1.702790	4.000000
2	1.022592	1.693320	7.500000
5	1.024484	1.682190	7.000000
10	1.027479	1.684200	6.800000
20	1.031188	1.681230	5.900000
50	1.104917	1.740480	37.080002
100	1.089426	1.708540	33.209999

check_k=64
1	1.015878	3.244110	8.000000
2	1.018059	3.241730	11.000000
5	1.019231	3.341750	11.000000
10	1.020996	3.242880	10.300000
20	1.022602	3.239430	9.500000
50	1.103553	3.317290	37.939999
100	1.085851	3.253000	35.750000

check_k=128
1	1.010537	6.270639	16.000000
2	1.012026	6.314150	18.000000
5	1.014337	6.272570	20.200001
10	1.015439	6.308790	18.500000
20	1.016496	6.308660	17.100000
50	1.099943	6.269170	39.700001
100	1.083821	6.340570	38.840000

check_k=256
1	1.007612	12.193080	24.000000
2	1.008114	12.193060	25.500000
5	1.010246	12.188420	28.200001
10	1.011331	12.113579	27.000000
20	1.011378	12.197790	26.450001
50	1.098658	12.187360	40.820000
100	1.077680	13.055560	41.560001

check_k=512
1	1.002637	24.887480	40.000000
2	1.005617	24.934031	40.500000
5	1.006276	23.824291	39.799999
10	1.007309	22.683001	39.299999
20	1.007635	22.699638	39.750000
50	1.095786	22.654089	42.139999
100	1.074309	22.658300	44.439999

lcsb  r=0.660000, L=128
Indexing Time: 12.900651 Seconds

Estimated Memory Usage: 424996864 Bytes

check_k=1
1	1.047079	0.251370	2.000000
2	1.050423	0.293680	1.000000
5	1.056183	0.209830	0.800000
10	1.064867	0.198750	0.900000
20	1.073621	0.198890	1.100000
50	1.147086	0.203640	25.080000
100	1.155812	0.204710	17.150000

check_k=2
1	1.037345	0.317730	4.000000
2	1.042766	0.315210	3.000000
5	1.045099	0.313540	1.800000
10	1.052325	0.312860	1.800000
20	1.059204	0.313070	1.950000
50	1.132241	0.317430	28.219999
100	1.130210	0.320910	21.270000

check_k=4
1	1.031535	0.537910	4.000000
2	1.033764	0.531230	4.500000
5	1.038015	0.529380	3.200000
10	1.041384	0.527250	3.400000
20	1.047150	0.526930	3.200000
50	1.117238	0.529600	30.879999
100	1.106073	0.535220	24.010000

check_k=8
1	1.026867	0.953760	6.000000
2	1.027764	0.946680	8.000000
5	1.031625	0.939970	5.800000
10	1.034341	0.944310	5.300000
20	1.037235	1.003500	4.550000
50	1.110126	0.941370	33.180000
100	1.092624	0.946440	26.629999

check_k=16
1	1.020240	1.759990	8.000000
2	1.020545	1.763160	10.500000
5	1.023362	1.773200	7.800000
10	1.028016	1.755980	7.900000
20	1.029662	1.750060	7.200000
50	1.103308	1.821010	35.180000
100	1.089477	1.762720	29.750000

check_k=32
1	1.015999	3.397450	10.000000
2	1.016429	3.404170	14.500000
5	1.018594	3.487600	12.000000
10	1.020579	3.362810	11.800000
20	1.022258	3.339930	11.400000
50	1.105642	3.407580	36.259998
100	1.086214	3.361260	32.230000

check_k=64
1	1.010923	6.477770	16.000000
2	1.011327	6.435010	19.500000
5	1.013307	6.407310	19.600000
10	1.014679	6.394860	18.700001
20	1.015883	6.404650	18.350000
50	1.098060	6.436540	37.759998
100	1.083184	6.544250	34.689999

check_k=128
1	1.005949	12.352269	26.000000
2	1.007251	12.123640	30.500000
5	1.008479	12.211050	31.400000
10	1.010011	12.151070	30.700001
20	1.010646	12.351219	29.650000
50	1.098201	12.147130	38.880001
100	1.078061	12.298941	38.139999

check_k=256
1	1.001839	22.625771	46.000000
2	1.004116	22.803970	46.000000
5	1.005470	22.615917	45.799999
10	1.006252	22.698851	44.700001
20	1.006836	22.642729	44.200001
50	1.095034	22.605080	40.240002
100	1.077635	22.671951	40.799999

check_k=512
1	1.000000	41.013271	64.000000
2	1.001367	40.849281	64.500000
5	1.003335	44.310371	62.599998
10	1.003745	43.268909	60.400002
20	1.004122	40.305153	60.750000
50	1.093038	40.107506	42.119999
100	1.075246	40.615551	42.520000

lcsb  r=0.660000, L=256
Indexing Time: 26.370649 Seconds

Estimated Memory Usage: 838291456 Bytes

check_k=1
1	1.039804	0.515470	0.000000
2	1.043455	0.476680	1.500000
5	1.046210	0.475420	1.600000
10	1.052217	0.475370	1.500000
20	1.060660	0.555700	1.450000
50	1.129888	0.479010	28.620001
100	1.131074	0.483850	21.629999

check_k=2
1	1.029419	0.711620	4.000000
2	1.034457	0.710400	4.000000
5	1.039190	0.712100	3.000000
10	1.043692	0.712570	3.100000
20	1.047442	0.712200	2.950000
50	1.114321	0.714650	31.100000
100	1.105949	0.720820	23.990000

check_k=4
1	1.025874	1.180920	5.000000
2	1.029642	1.188660	6.500000
5	1.031877	1.184440	5.000000
10	1.034250	1.183630	5.200000
20	1.037389	1.265650	4.750000
50	1.112503	1.186750	33.599998
100	1.091712	1.190980	26.290001

check_k=8
1	1.019401	2.119520	10.000000
2	1.022134	2.111450	10.500000
5	1.023864	2.113190	8.600000
10	1.027589	2.193540	8.100000
20	1.028562	2.108800	7.500000
50	1.103308	2.112650	35.040001
100	1.089212	2.139550	29.070000

check_k=16
1	1.014052	3.918200	14.000000
2	1.014859	4.006030	16.000000
5	1.017866	3.970850	14.400000
10	1.020131	3.919360	13.400000
20	1.021791	4.015870	12.200000
50	1.103009	3.920500	36.220001
100	1.084191	3.991520	31.980000

check_k=32
1	1.010923	7.123270	19.000000
2	1.011603	7.184910	21.500000
5	1.013523	7.229900	21.200001
10	1.014548	7.207541	19.299999
20	1.015658	7.024820	18.650000
50	1.101617	7.192590	37.639999
100	1.083771	7.045030	34.840000

check_k=64
1	1.006998	13.128860	26.000000
2	1.008279	13.178170	30.000000
5	1.008675	12.794050	30.799999
10	1.010683	12.901331	29.000000
20	1.010715	12.575351	29.500000
50	1.098245	13.114141	38.660000
100	1.078079	13.631069	38.130001

check_k=128
1	1.002065	23.835260	43.000000
2	1.003190	24.348330	49.000000
5	1.005436	25.502169	49.200001
10	1.006233	26.053949	47.599998
20	1.006855	26.074690	46.450001
50	1.094969	24.844980	40.500000
100	1.078565	24.039200	41.220001

check_k=256
1	1.000000	45.599098	64.000000
2	1.001288	44.654224	63.500000
5	1.002786	45.477730	65.000000
10	1.002890	45.488388	66.000000
20	1.003407	44.369198	65.800003
50	1.094696	44.847462	42.480000
100	1.075205	43.576324	42.590000

check_k=512
1	1.000000	71.313591	84.000000
2	1.000000	77.508850	84.000000
5	1.000429	78.479889	84.800003
10	1.000817	80.540932	84.699997
20	1.001270	89.663528	84.199997
50	1.093994	71.525978	43.900002
100	1.072805	73.286819	43.160000

lcsb  r=0.660000, L=512
Indexing Time: 56.095379 Seconds

Estimated Memory Usage: 1664757760 Bytes

check_k=1
1	1.030766	3.959150	2.000000
2	1.032205	0.996320	2.000000
5	1.037426	0.946980	2.800000
10	1.041399	0.907570	2.400000
20	1.046851	0.901300	2.500000
50	1.115892	0.901410	31.020000
100	1.109143	0.910080	24.160000

check_k=2
1	1.026456	2.727930	5.000000
2	1.026830	1.343850	5.500000
5	1.031575	1.325720	5.400000
10	1.033345	1.324180	4.600000
20	1.037405	1.324410	4.150000
50	1.109828	1.330900	33.779999
100	1.093627	1.336400	26.700001

check_k=4
1	1.020305	2.814470	6.000000
2	1.022119	2.170170	7.500000
5	1.023021	2.163570	7.800000
10	1.025256	2.167460	7.300000
20	1.028413	2.169430	6.950000
50	1.104209	2.363650	35.299999
100	1.090536	2.181670	29.440001

check_k=8
1	1.015426	3.873530	13.000000
2	1.015849	3.778320	14.500000
5	1.018469	3.782360	13.200000
10	1.019336	3.787730	12.200000
20	1.021573	3.793220	11.700000
50	1.104390	3.786640	36.419998
100	1.085787	3.806760	32.070000

check_k=16
1	1.011942	6.907350	20.000000
2	1.011019	6.900900	21.000000
5	1.013124	6.901250	21.400000
10	1.014494	6.884400	20.000000
20	1.015308	6.887360	19.200001
50	1.100764	6.905780	37.660000
100	1.083495	6.905321	34.730000

check_k=32
1	1.005803	12.736950	34.000000
2	1.006306	12.754530	33.000000
5	1.008093	12.742280	33.200001
10	1.009516	12.750530	31.200001
20	1.010139	12.726770	30.900000
50	1.096826	12.806261	39.040001
100	1.078565	12.829800	38.009998

check_k=64
1	1.000928	23.446650	49.000000
2	1.002382	23.214632	49.500000
5	1.004860	23.277920	50.000000
10	1.005647	23.268589	47.900002
20	1.006326	23.221031	48.049999
50	1.094821	23.231470	40.799999
100	1.078565	23.170172	41.259998

check_k=128
1	1.000000	41.242699	66.000000
2	1.000529	41.283012	67.500000
5	1.001970	40.573811	70.000000
10	1.002626	40.774185	68.800003
20	1.003091	40.842140	68.099998
50	1.096046	40.929241	42.799999
100	1.073570	40.655163	42.669998

check_k=256
1	1.000000	67.471680	85.000000
2	1.000000	67.360931	84.500000
5	1.000326	67.015526	86.400002
10	1.000659	67.009109	86.199997
20	1.000920	66.985374	86.900002
50	1.094257	66.997787	44.360001
100	1.072805	67.675781	43.189999

check_k=512
1	1.000000	94.316673	95.000000
2	1.000000	94.602562	96.000000
5	1.000000	94.946487	96.800003
10	1.000000	95.005127	96.800003
20	1.000000	94.425301	97.199997
50	1.096190	94.581718	45.000000
100	1.071988	94.315071	43.689999

