lcsb  r=0.660000, L=8
Indexing Time: 0.670774 Seconds

Estimated Memory Usage: 37576704 Bytes

check_k=1
1	1.083188	0.015540	0.000000
2	1.096289	0.008080	0.000000
5	1.131704	0.005960	0.000000
10	1.171622	0.005910	0.000000
20	31622.777344	0.005740	0.150000
50	31622.777344	0.005560	4.420000
100	31622.777344	0.005470	2.310000

check_k=2
1	1.074510	0.013670	0.000000
2	1.087597	0.009560	0.000000
5	1.101509	0.009100	0.000000
10	1.133762	0.009260	0.000000
20	1.178581	0.009440	0.150000
50	31622.777344	0.009500	8.880000
100	31622.777344	0.009640	4.400000

check_k=4
1	1.063788	0.024870	0.000000
2	1.070421	0.020190	0.000000
5	1.082898	0.018800	0.000000
10	1.105122	0.018920	0.000000
20	1.124617	0.019380	0.150000
50	1.270963	0.019740	16.400000
100	31622.777344	0.020780	8.680000

check_k=8
1	1.058837	0.054140	0.000000
2	1.063478	0.052150	0.000000
5	1.069089	0.050460	0.200000
10	1.081455	0.049750	0.100000
20	1.095577	0.050110	0.250000
50	1.184716	0.051190	22.540001
100	1.248955	0.051160	15.850000

check_k=16
1	1.047041	0.114750	0.000000
2	1.048424	0.102800	1.000000
5	1.056451	0.102950	0.600000
10	1.063840	0.104170	0.400000
20	1.077027	0.105130	0.600000
50	1.154022	0.108150	26.440001
100	1.157466	0.111390	21.209999

check_k=32
1	1.041000	0.219600	1.000000
2	1.041945	0.216260	2.500000
5	1.046512	0.214780	1.800000
10	1.051096	0.213630	1.300000
20	1.062760	0.212840	1.300000
50	1.131080	0.214640	29.900000
100	1.127883	0.219090	25.070000

check_k=64
1	1.036029	0.427900	1.000000
2	1.035165	0.420110	2.500000
5	1.039541	0.415200	2.400000
10	1.042619	0.414870	2.000000
20	1.048617	0.413600	2.150000
50	1.117096	0.416580	32.759998
100	1.107924	0.422990	27.190001

check_k=128
1	1.026626	0.826680	4.000000
2	1.028213	0.816210	5.500000
5	1.032458	0.852530	4.000000
10	1.035101	0.809230	3.300000
20	1.038646	0.806100	3.550000
50	1.111987	0.811110	35.259998
100	1.095244	0.820960	30.459999

check_k=256
1	1.020838	1.623780	9.000000
2	1.021811	1.724480	8.500000
5	1.025757	1.761160	6.200000
10	1.027166	1.798880	6.400000
20	1.030987	1.759430	6.000000
50	1.102597	1.757070	36.720001
100	1.090349	1.776140	32.700001

check_k=512
1	1.018428	3.524690	13.000000
2	1.017243	3.550740	11.500000
5	1.021350	3.534400	8.200000
10	1.022208	3.514840	9.300000
20	1.024532	3.554280	8.850000
50	1.102688	3.532370	37.540001
100	1.084203	3.530090	34.980000

lcsb  r=0.660000, L=16
Indexing Time: 1.279335 Seconds

Estimated Memory Usage: 63459328 Bytes

check_k=1
1	1.074395	0.033550	0.000000
2	1.082666	0.022100	0.000000
5	1.104229	0.014210	0.000000
10	1.124805	0.012760	0.000000
20	1.175235	0.012670	0.100000
50	31622.777344	0.012750	7.960000
100	31622.777344	0.012940	3.080000

check_k=2
1	1.060125	0.029210	0.000000
2	1.070483	0.026790	0.000000
5	1.087523	0.025930	0.000000
10	1.104045	0.024830	0.200000
20	1.120151	0.024090	0.250000
50	1.258575	0.024240	14.620000
100	31622.777344	0.024190	5.830000

check_k=4
1	1.054706	0.060920	0.000000
2	1.061328	0.053910	0.000000
5	1.066959	0.054400	0.200000
10	1.083756	0.054080	0.300000
20	1.098622	0.054880	0.300000
50	1.188964	0.056680	20.940001
100	1.238545	0.057440	11.320000

check_k=8
1	1.049607	0.115410	0.000000
2	1.052053	0.114620	0.000000
5	1.059177	0.114170	0.200000
10	1.067189	0.114030	0.400000
20	1.079159	0.114730	0.500000
50	1.150640	0.116790	24.639999
100	1.153983	0.119570	16.889999

check_k=16
1	1.041763	0.228320	1.000000
2	1.043936	0.224060	1.000000
5	1.048172	0.264700	0.600000
10	1.053928	0.221370	0.900000
20	1.063869	0.220450	0.950000
50	1.131394	0.221270	27.780001
100	1.127247	0.225650	21.209999

check_k=32
1	1.033084	0.433440	1.000000
2	1.034744	0.426570	2.000000
5	1.039238	0.424970	1.400000
10	1.043704	0.423540	1.900000
20	1.050192	0.424900	2.000000
50	1.116790	0.430850	30.280001
100	1.102650	0.431850	23.340000

check_k=64
1	1.029176	0.833530	3.000000
2	1.027466	0.826310	4.500000
5	1.031255	0.822310	4.000000
10	1.034085	0.820420	3.700000
20	1.038348	0.826170	3.700000
50	1.111091	0.823330	33.599998
100	1.092290	0.832620	26.400000

check_k=128
1	1.020634	1.692060	6.000000
2	1.022516	1.735030	7.000000
5	1.024915	1.767260	6.600000
10	1.027485	1.793890	6.800000
20	1.030485	1.791420	6.350000
50	1.103456	1.791040	35.380001
100	1.090009	1.801330	28.809999

check_k=256
1	1.015435	3.507940	11.000000
2	1.018192	3.446690	11.000000
5	1.018984	3.446710	10.200000
10	1.021053	3.498660	11.200000
20	1.023553	3.473700	10.150000
50	1.100764	3.496520	36.200001
100	1.086500	3.564600	31.340000

check_k=512
1	1.013528	6.468330	16.000000
2	1.014052	6.321020	15.000000
5	1.015842	6.289240	13.200000
10	1.017077	6.324659	15.200000
20	1.017891	6.371100	14.350000
50	1.100676	6.324950	37.400002
100	1.083567	6.357180	34.130001

lcsb  r=0.660000, L=32
Indexing Time: 2.740025 Seconds

Estimated Memory Usage: 115089408 Bytes

check_k=1
1	1.063788	0.066080	0.000000
2	1.069814	0.048250	0.000000
5	1.083802	0.035140	0.000000
10	1.098457	0.032340	0.300000
20	1.117785	0.032000	0.350000
50	1.263709	0.032100	16.480000
100	31622.777344	0.031720	8.570000

check_k=2
1	1.052150	0.070180	1.000000
2	1.054019	0.063570	0.500000
5	1.068711	0.062390	0.200000
10	1.081791	0.065810	0.600000
20	1.096548	0.066960	0.500000
50	1.178474	0.066390	22.900000
100	1.245909	0.067230	15.370000

check_k=4
1	1.045047	0.126640	2.000000
2	1.047386	0.125320	1.500000
5	1.054130	0.124950	0.600000
10	1.063846	0.125090	0.900000
20	1.077533	0.125680	0.700000
50	1.149615	0.128400	26.639999
100	1.153222	0.131090	20.990000

check_k=8
1	1.034054	0.241770	3.000000
2	1.040336	0.237310	3.000000
5	1.044494	0.235130	1.600000
10	1.050514	0.233840	1.700000
20	1.060176	0.232920	1.250000
50	1.129741	0.235060	29.879999
100	1.127533	0.239770	25.160000

check_k=16
1	1.031293	0.448740	3.000000
2	1.034868	0.441680	3.000000
5	1.038505	0.443330	2.200000
10	1.043429	0.438400	2.600000
20	1.049208	0.437740	2.000000
50	1.115095	0.441990	32.820000
100	1.104340	0.446050	27.570000

check_k=32
1	1.027462	0.856310	3.000000
2	1.025966	0.849160	4.000000
5	1.031593	0.842910	3.200000
10	1.034287	0.844690	4.000000
20	1.039389	0.882570	3.300000
50	1.109880	0.841260	35.500000
100	1.090803	0.852840	30.350000

check_k=64
1	1.020695	1.654990	6.000000
2	1.021381	1.644820	7.500000
5	1.023004	1.649980	7.600000
10	1.027323	1.638900	7.200000
20	1.029149	1.677420	6.450000
50	1.102220	1.743370	37.180000
100	1.088504	1.684890	33.090000

check_k=128
1	1.014440	3.356040	12.000000
2	1.017514	3.407430	13.000000
5	1.018994	3.399790	12.200000
10	1.020369	3.407570	12.400000
20	1.021689	3.427010	10.700000
50	1.101995	3.452970	38.580002
100	1.087654	3.405590	35.849998

check_k=256
1	1.010659	6.631090	18.000000
2	1.013423	6.588140	20.500000
5	1.014960	6.606560	17.400000
10	1.015695	6.536050	17.500000
20	1.016740	6.634530	16.350000
50	1.098902	6.446370	39.759998
100	1.083059	6.557199	38.680000

check_k=512
1	1.007423	12.490300	29.000000
2	1.009010	12.650690	28.500000
5	1.010324	12.814540	24.200001
10	1.011475	12.617580	24.500000
20	1.012075	12.821080	24.850000
50	1.097513	12.904921	40.540001
100	1.078196	12.593969	41.509998

lcsb  r=0.660000, L=64
Indexing Time: 6.109869 Seconds

Estimated Memory Usage: 218345472 Bytes

check_k=1
1	1.051012	0.147970	0.000000
2	1.056539	0.108550	0.000000
5	1.067368	0.155870	0.200000
10	1.083115	0.091340	0.100000
20	1.096641	0.089690	0.400000
50	1.186974	0.089870	20.940001
100	1.239312	0.090870	11.930000

check_k=2
1	1.048125	0.149540	1.000000
2	1.050177	0.148360	0.500000
5	1.058015	0.148230	0.600000
10	1.068128	0.148680	0.300000
20	1.079505	0.149580	0.600000
50	1.155472	0.152000	24.360001
100	1.154727	0.155660	17.040001

check_k=4
1	1.039245	0.266090	2.000000
2	1.040072	0.262910	2.000000
5	1.046918	0.261440	1.400000
10	1.052931	0.261260	1.100000
20	1.059192	0.261750	1.300000
50	1.130866	0.263750	27.740000
100	1.130177	0.268200	21.209999

check_k=8
1	1.032073	0.482010	2.000000
2	1.032426	0.478640	3.500000
5	1.039018	0.474950	2.400000
10	1.044982	0.474030	1.900000
20	1.048773	0.473570	2.050000
50	1.115087	0.476950	30.420000
100	1.104851	0.482590	23.570000

check_k=16
1	1.027161	0.894560	3.000000
2	1.029606	0.886480	6.500000
5	1.031711	0.883340	4.400000
10	1.035705	0.879550	3.900000
20	1.039339	0.877920	3.450000
50	1.109231	0.933450	33.220001
100	1.092015	0.889870	26.490000

check_k=32
1	1.021553	1.695670	4.000000
2	1.022592	1.779620	7.500000
5	1.024484	1.848450	7.000000
10	1.027479	1.850750	6.800000
20	1.031188	1.850310	5.900000
50	1.104917	1.893940	35.080002
100	1.089426	1.871020	29.209999

check_k=64
1	1.015878	3.615650	8.000000
2	1.018059	3.622180	11.000000
5	1.019231	3.667690	11.000000
10	1.020996	3.620020	10.300000
20	1.022602	3.609340	9.500000
50	1.103553	3.665130	35.939999
100	1.085851	3.618110	31.750000

check_k=128
1	1.010537	7.098270	16.000000
2	1.012026	7.039171	18.000000
5	1.014337	7.061220	20.200001
10	1.015439	7.021560	18.500000
20	1.016496	7.060290	17.100000
50	1.099943	6.840950	37.700001
100	1.083821	6.751650	34.840000

check_k=256
1	1.007612	13.413369	24.000000
2	1.008114	13.215690	25.500000
5	1.010246	12.638599	28.200001
10	1.011331	12.863290	27.000000
20	1.011378	12.412090	26.450001
50	1.098658	12.456200	38.820000
100	1.077680	12.791379	37.560001

check_k=512
1	1.002637	24.017300	40.000000
2	1.005617	22.869680	40.500000
5	1.006276	24.642061	39.799999
10	1.007309	24.762911	39.299999
20	1.007635	24.651810	39.750000
50	1.095786	24.398960	40.139999
100	1.074309	23.288391	40.439999

lcsb  r=0.660000, L=128
Indexing Time: 13.058288 Seconds

Estimated Memory Usage: 424996864 Bytes

check_k=1
1	1.047079	0.250250	2.000000
2	1.050423	0.231080	1.000000
5	1.056183	0.229510	0.800000
10	1.064867	0.215980	0.900000
20	1.073621	0.208840	1.100000
50	1.147086	0.210410	25.080000
100	1.155812	0.211740	17.150000

check_k=2
1	1.037345	0.321170	4.000000
2	1.042766	0.317750	3.000000
5	1.045099	0.315560	1.800000
10	1.052325	0.315290	1.800000
20	1.059204	0.316450	1.950000
50	1.132241	0.324120	28.219999
100	1.130210	0.324830	21.270000

check_k=4
1	1.031535	0.538330	4.000000
2	1.033764	0.533160	4.500000
5	1.038015	0.530120	3.200000
10	1.041384	0.528680	3.400000
20	1.047150	0.529850	3.200000
50	1.117238	0.532050	30.879999
100	1.106073	0.538030	24.010000

check_k=8
1	1.026867	0.946160	6.000000
2	1.027764	1.003580	8.000000
5	1.031625	0.930580	5.800000
10	1.034341	0.928110	5.300000
20	1.037235	0.932110	4.550000
50	1.110126	0.940380	33.180000
100	1.092624	0.947540	26.629999

check_k=16
1	1.020240	1.749830	8.000000
2	1.020545	1.818120	10.500000
5	1.023362	1.888330	7.800000
10	1.028016	1.971560	7.900000
20	1.029662	1.910800	7.200000
50	1.103308	1.903840	35.180000
100	1.089477	1.916990	29.750000

check_k=32
1	1.015999	3.632390	10.000000
2	1.016429	3.687550	14.500000
5	1.018594	3.627650	12.000000
10	1.020579	3.635910	11.800000
20	1.022258	3.704430	11.400000
50	1.105642	3.644550	36.259998
100	1.086214	3.654330	32.230000

check_k=64
1	1.010923	6.882540	16.000000
2	1.011327	6.773740	19.500000
5	1.013307	6.663230	19.600000
10	1.014679	6.709640	18.700001
20	1.015883	6.964420	18.350000
50	1.098060	6.906140	37.759998
100	1.083184	6.764999	34.689999

check_k=128
1	1.005949	12.421189	26.000000
2	1.007251	12.549241	30.500000
5	1.008479	12.136150	31.400000
10	1.010011	12.351179	30.700001
20	1.010646	12.615481	29.650000
50	1.098201	12.716870	38.880001
100	1.078061	12.633081	38.139999

check_k=256
1	1.001839	23.536182	46.000000
2	1.004116	23.702000	46.000000
5	1.005470	23.853111	45.799999
10	1.006252	23.913620	44.700001
20	1.006836	24.618479	44.200001
50	1.095034	23.869871	40.240002
100	1.077635	23.176102	40.799999

check_k=512
1	1.000000	42.503681	64.000000
2	1.001367	41.961689	64.500000
5	1.003335	41.861839	62.599998
10	1.003745	42.264637	60.400002
20	1.004122	44.666210	60.750000
50	1.093038	44.086658	42.119999
100	1.075246	42.999081	42.520000

lcsb  r=0.660000, L=256
Indexing Time: 26.829424 Seconds

Estimated Memory Usage: 838291456 Bytes

check_k=1
1	1.039804	0.516900	0.000000
2	1.043455	0.469950	1.500000
5	1.046210	0.470070	1.600000
10	1.052217	0.453440	1.500000
20	1.060660	0.437430	1.450000
50	1.129888	0.437350	28.620001
100	1.131074	0.439220	21.629999

check_k=2
1	1.029419	0.655980	4.000000
2	1.034457	0.655440	4.000000
5	1.039190	0.650520	3.000000
10	1.043692	0.649740	3.100000
20	1.047442	0.651280	2.950000
50	1.114321	0.654100	31.100000
100	1.105949	0.658950	23.990000

check_k=4
1	1.025874	1.074360	5.000000
2	1.029642	1.065390	6.500000
5	1.031877	1.156040	5.000000
10	1.034250	1.060090	5.200000
20	1.037389	1.064170	4.750000
50	1.112503	1.066220	33.599998
100	1.091712	1.076850	26.290001

check_k=8
1	1.019401	1.891380	10.000000
2	1.022134	1.882400	10.500000
5	1.023864	1.876690	8.600000
10	1.027589	1.877320	8.100000
20	1.028562	1.963890	7.500000
50	1.103308	1.878600	35.040001
100	1.089212	1.890680	29.070000

check_k=16
1	1.014052	3.466010	14.000000
2	1.014859	3.512080	16.000000
5	1.017866	3.544130	14.400000
10	1.020131	3.448950	13.400000
20	1.021791	3.457930	12.200000
50	1.103009	3.553370	36.220001
100	1.084191	3.510170	31.980000

check_k=32
1	1.010923	6.698480	19.000000
2	1.011603	6.933740	21.500000
5	1.013523	6.862980	21.200001
10	1.014548	6.795680	19.299999
20	1.015658	6.847460	18.650000
50	1.101617	6.870240	37.639999
100	1.083771	6.925829	34.840000

check_k=64
1	1.006998	12.817679	26.000000
2	1.008279	12.810299	30.000000
5	1.008675	12.768459	30.799999
10	1.010683	12.686960	29.000000
20	1.010715	12.673570	29.500000
50	1.098245	12.558110	38.660000
100	1.078079	12.778790	38.130001

check_k=128
1	1.002065	23.389980	43.000000
2	1.003190	23.644089	49.000000
5	1.005436	23.325359	49.200001
10	1.006233	23.415430	47.599998
20	1.006855	23.662342	46.450001
50	1.094969	23.415981	40.500000
100	1.078565	23.105841	41.220001

check_k=256
1	1.000000	41.787941	64.000000
2	1.001288	41.858227	63.500000
5	1.002786	42.160503	65.000000
10	1.002890	41.979370	66.000000
20	1.003407	41.906601	65.800003
50	1.094696	41.498341	42.480000
100	1.075205	41.796680	42.590000

check_k=512
1	1.000000	68.070351	84.000000
2	1.000000	68.562149	84.000000
5	1.000429	68.319618	84.800003
10	1.000817	68.712532	84.699997
20	1.001270	67.786911	84.199997
50	1.093994	67.608688	43.900002
100	1.072805	68.819870	43.160000

lcsb  r=0.660000, L=512
Indexing Time: 55.365181 Seconds

Estimated Memory Usage: 1664757760 Bytes

check_k=1
1	1.030766	0.999470	2.000000
2	1.032205	0.939770	2.000000
5	1.037426	0.909800	2.800000
10	1.041399	0.904690	2.400000
20	1.046851	0.901810	2.500000
50	1.115892	0.905910	31.020000
100	1.109143	0.912440	24.160000

check_k=2
1	1.026456	1.333750	5.000000
2	1.026830	1.388770	5.500000
5	1.031575	1.388930	5.400000
10	1.033345	1.373600	4.600000
20	1.037405	1.394270	4.150000
50	1.109828	1.398710	33.779999
100	1.093627	1.396900	26.700001

check_k=4
1	1.020305	2.369900	6.000000
2	1.022119	2.275300	7.500000
5	1.023021	2.270300	7.800000
10	1.025256	2.273700	7.300000
20	1.028413	2.274310	6.950000
50	1.104209	2.277960	35.299999
100	1.090536	2.288270	29.440001

check_k=8
1	1.015426	3.984490	13.000000
2	1.015849	3.985160	14.500000
5	1.018469	4.111970	13.200000
10	1.019336	3.977810	12.200000
20	1.021573	3.993590	11.700000
50	1.104390	3.983980	36.419998
100	1.085787	3.992760	32.070000

check_k=16
1	1.011942	7.434830	20.000000
2	1.011019	7.293570	21.000000
5	1.013124	7.285060	21.400000
10	1.014494	7.391860	20.000000
20	1.015308	7.280860	19.200001
50	1.100764	7.304390	37.660000
100	1.083495	7.309820	34.730000

check_k=32
1	1.005803	13.324320	34.000000
2	1.006306	13.553860	33.000000
5	1.008093	13.117359	33.200001
10	1.009516	13.452300	31.200001
20	1.010139	13.452400	30.900000
50	1.096826	13.602290	39.040001
100	1.078565	13.442960	38.009998

check_k=64
1	1.000928	24.809361	49.000000
2	1.002382	24.710621	49.500000
5	1.004860	24.682362	50.000000
10	1.005647	24.757532	47.900002
20	1.006326	24.714911	48.049999
50	1.094821	24.611689	40.799999
100	1.078565	24.550510	41.259998

check_k=128
1	1.000000	42.866989	66.000000
2	1.000529	42.944790	67.500000
5	1.001970	43.246353	70.000000
10	1.002626	43.129982	68.800003
20	1.003091	43.165848	68.099998
50	1.096046	43.287731	42.799999
100	1.073570	43.234631	42.669998

check_k=256
1	1.000000	69.205551	85.000000
2	1.000000	69.704788	84.500000
5	1.000326	68.773376	86.400002
10	1.000659	69.165451	86.199997
20	1.000920	69.375114	86.900002
50	1.094257	69.348259	44.360001
100	1.072805	68.778488	43.189999

check_k=512
1	1.000000	96.760399	95.000000
2	1.000000	96.491455	96.000000
5	1.000000	96.599083	96.800003
10	1.000000	96.291824	96.800003
20	1.000000	96.194275	97.199997
50	1.096190	96.156319	45.000000
100	1.071988	96.422401	43.689999

