lcsb  r=0.660000, L=8
Indexing Time: 1.024721 Seconds

Estimated Memory Usage: 40620032 Bytes

check_k=1
1	1.152185	0.010900	24.000000
2	1.179365	0.005010	16.500000
5	1.184952	0.003890	9.200000
10	1.200998	0.003800	4.700000
20	31622.777344	0.003720	2.350000
50	31622.777344	0.004080	0.960000
100	31622.777344	0.003930	0.480000

check_k=2
1	1.134529	0.008740	25.000000
2	1.169641	0.005820	17.000000
5	1.169630	0.005640	10.400000
10	1.174260	0.005780	5.800000
20	1.207916	0.005860	2.900000
50	31622.777344	0.005840	1.180000
100	31622.777344	0.005950	0.590000

check_k=4
1	1.132491	0.014940	25.000000
2	1.157189	0.010130	17.000000
5	1.158223	0.009460	10.600000
10	1.157923	0.009920	6.000000
20	1.172379	0.010310	3.000000
50	31622.777344	0.010490	1.220000
100	31622.777344	0.010450	0.610000

check_k=8
1	1.123535	0.027720	26.000000
2	1.152383	0.022480	17.500000
5	1.148965	0.021320	10.800000
10	1.148316	0.021390	6.200000
20	1.157458	0.022150	3.100000
50	1.178944	0.023730	1.260000
100	31622.777344	0.023370	0.630000

check_k=16
1	1.117014	0.061190	27.000000
2	1.137731	0.052960	19.000000
5	1.139924	0.050260	11.600000
10	1.142914	0.051230	6.600000
20	1.148701	0.052160	3.350000
50	1.161390	0.055350	1.380000
100	1.177927	0.060090	0.690000

check_k=32
1	1.107195	0.121260	29.000000
2	1.127000	0.118530	20.500000
5	1.130447	0.124440	12.200000
10	1.132260	0.122800	7.100000
20	1.140083	0.121880	3.600000
50	1.150681	0.131070	1.500000
100	1.162691	0.133330	0.750000

check_k=64
1	1.094327	0.261140	29.000000
2	1.116087	0.256120	20.500000
5	1.125096	0.254350	13.000000
10	1.125147	0.252220	7.500000
20	1.130803	0.252710	3.900000
50	1.141558	0.255840	1.620000
100	1.151060	0.262120	0.810000

check_k=128
1	1.090492	0.516730	29.000000
2	1.109683	0.474630	20.500000
5	1.118347	0.477290	13.400000
10	1.117750	0.494130	8.000000
20	1.124642	0.481730	4.200000
50	1.134230	0.481490	1.840000
100	1.141971	0.507320	0.920000

check_k=256
1	1.069177	0.938100	33.000000
2	1.095849	0.929760	23.000000
5	1.111173	0.943600	15.600000
10	1.110094	0.943930	9.700000
20	1.117422	0.933480	5.150000
50	1.126438	0.965260	2.260000
100	1.134303	0.992600	1.140000

check_k=512
1	1.048890	1.959040	34.000000
2	1.082947	1.926590	26.000000
5	1.097934	1.968700	20.200001
10	1.102870	2.025860	14.200000
20	1.111030	2.029670	8.850000
50	1.120212	2.005750	4.980000
100	1.127459	1.920110	3.530000

lcsb  r=0.660000, L=16
Indexing Time: 2.254123 Seconds

Estimated Memory Usage: 68407296 Bytes

check_k=1
1	1.148864	0.017900	23.000000
2	1.176088	0.007850	16.000000
5	1.170247	0.006150	9.600000
10	1.177635	0.006300	5.500000
20	1.207543	0.006120	2.800000
50	31622.777344	0.006070	1.120000
100	31622.777344	0.005970	0.560000

check_k=2
1	1.143628	0.014490	23.000000
2	1.164155	0.009620	16.500000
5	1.156403	0.008940	10.200000
10	1.162041	0.009210	6.000000
20	1.175901	0.009600	3.100000
50	31622.777344	0.009860	1.240000
100	31622.777344	0.009720	0.620000

check_k=4
1	1.132483	0.025810	23.000000
2	1.149954	0.019950	16.500000
5	1.149258	0.018720	10.400000
10	1.150120	0.018490	6.100000
20	1.159444	0.018600	3.200000
50	1.180508	0.022770	1.280000
100	31622.777344	0.019900	0.650000

check_k=8
1	1.119905	0.054670	24.000000
2	1.139715	0.052140	18.000000
5	1.137727	0.048030	11.600000
10	1.142276	0.047020	6.800000
20	1.149186	0.049820	3.550000
50	1.162784	0.051130	1.420000
100	1.178570	0.052850	0.740000

check_k=16
1	1.104691	0.118590	24.000000
2	1.128058	0.112660	18.000000
5	1.128118	0.112220	12.200000
10	1.133402	0.112760	7.300000
20	1.138723	0.112800	3.800000
50	1.149186	0.117110	1.540000
100	1.161580	0.122210	0.800000

check_k=32
1	1.093525	0.240970	27.000000
2	1.117545	0.236100	19.500000
5	1.122093	0.234850	13.200000
10	1.127051	0.231590	8.000000
20	1.132818	0.230820	4.250000
50	1.141923	0.232330	1.760000
100	1.150332	0.237800	0.910000

check_k=64
1	1.084956	0.471130	28.000000
2	1.106899	0.458220	20.500000
5	1.114189	0.455330	14.600000
10	1.116503	0.523470	8.900000
20	1.124083	0.496950	4.800000
50	1.133363	0.493460	2.060000
100	1.141964	0.505330	1.060000

check_k=128
1	1.068251	0.997460	32.000000
2	1.094260	0.969270	23.500000
5	1.104757	0.965640	18.400000
10	1.110788	0.960310	12.200000
20	1.116997	0.923110	7.450000
50	1.125882	0.910980	3.620000
100	1.133565	0.918620	1.850000

check_k=256
1	1.038204	1.805570	41.000000
2	1.078074	1.836410	31.500000
5	1.094848	1.820810	25.000000
10	1.102349	1.812140	18.200001
20	1.109907	1.822930	12.750000
50	1.119980	1.822470	9.500000
100	1.126867	1.947760	6.980000

check_k=512
1	1.016890	3.731600	47.000000
2	1.064559	3.575270	37.500000
5	1.084686	3.629850	30.400000
10	1.093998	3.597970	22.900000
20	1.103249	3.805100	16.299999
50	1.112885	3.871380	11.520000
100	1.120255	3.737290	8.910000

lcsb  r=0.660000, L=32
Indexing Time: 4.914658 Seconds

Estimated Memory Usage: 124248064 Bytes

check_k=1
1	1.129057	0.034990	24.000000
2	1.154033	0.019180	19.500000
5	1.161560	0.012490	11.000000
10	1.162891	0.012110	6.400000
20	1.174837	0.012370	3.200000
50	31622.777344	0.014980	1.300000
100	31622.777344	0.013540	0.650000

check_k=2
1	1.117776	0.031810	25.000000
2	1.136357	0.020960	19.500000
5	1.144818	0.022010	11.200000
10	1.150316	0.022810	6.800000
20	1.160823	0.020520	3.500000
50	1.181215	0.021580	1.440000
100	31622.777344	0.021880	0.720000

check_k=4
1	1.105625	0.057380	25.000000
2	1.129020	0.054190	19.500000
5	1.138336	0.052370	11.800000
10	1.139905	0.052370	7.100000
20	1.149215	0.053050	3.650000
50	1.162852	0.055480	1.540000
100	1.179778	0.057700	0.780000

check_k=8
1	1.097836	0.125960	28.000000
2	1.120217	0.112790	21.500000
5	1.130179	0.113550	12.600000
10	1.132123	0.114820	7.600000
20	1.139702	0.115240	3.950000
50	1.151182	0.118960	1.680000
100	1.162511	0.123970	0.850000

check_k=16
1	1.083582	0.245150	31.000000
2	1.110750	0.242650	23.000000
5	1.121698	0.240560	13.400000
10	1.124139	0.253780	8.100000
20	1.130904	0.240110	4.250000
50	1.141528	0.239010	1.860000
100	1.150879	0.244090	0.940000

check_k=32
1	1.058480	0.478390	34.000000
2	1.098801	0.472320	27.000000
5	1.116100	0.478310	16.400000
10	1.115929	0.471030	10.000000
20	1.123694	0.465590	5.350000
50	1.133219	0.466730	2.360000
100	1.142249	0.473740	1.210000

check_k=64
1	1.043596	0.928810	36.000000
2	1.087389	0.944940	31.500000
5	1.104173	0.915020	20.200001
10	1.108894	0.913900	12.500000
20	1.116297	0.917070	6.950000
50	1.125389	0.915550	3.100000
100	1.134184	0.975160	1.600000

check_k=128
1	1.028593	1.896260	38.000000
2	1.069598	1.909240	34.000000
5	1.093570	1.875420	23.200001
10	1.101949	1.819710	15.700000
20	1.108706	1.833340	9.500000
50	1.118956	1.827990	4.700000
100	1.126739	1.875660	2.410000

check_k=256
1	1.014182	3.661210	43.000000
2	1.052861	3.737080	39.000000
5	1.087147	3.745770	28.000000
10	1.095741	3.675430	20.299999
20	1.103288	3.628840	12.550000
50	1.113391	3.616280	7.200000
100	1.120109	3.721520	4.660000

check_k=512
1	1.000192	7.322060	50.000000
2	1.035526	7.255600	46.500000
5	1.062966	7.459080	37.400002
10	1.085084	7.242220	28.500000
20	1.095380	7.299130	19.600000
50	1.106751	7.553610	12.780000
100	1.113124	7.161800	9.510000

lcsb  r=0.660000, L=64
Indexing Time: 11.044343 Seconds

Estimated Memory Usage: 235667456 Bytes

check_k=1
1	1.114910	0.069070	25.000000
2	1.138694	0.044450	19.500000
5	1.150103	0.028680	10.600000
10	1.148596	0.027470	6.400000
20	1.160350	0.027770	3.250000
50	1.181611	0.028770	1.340000
100	31622.777344	0.028730	0.670000

check_k=2
1	1.101103	0.069800	28.000000
2	1.120940	0.065810	22.500000
5	1.135569	0.063780	12.800000
10	1.138718	0.063270	8.000000
20	1.147628	0.066090	4.100000
50	1.163624	0.066460	1.720000
100	1.181655	0.067590	0.870000

check_k=4
1	1.091385	0.133790	30.000000
2	1.108798	0.121650	24.500000
5	1.127948	0.122050	15.000000
10	1.131672	0.122730	9.200000
20	1.138694	0.122970	4.950000
50	1.149567	0.129660	2.060000
100	1.162236	0.133150	1.040000

check_k=8
1	1.068175	0.251840	34.000000
2	1.101728	0.253810	27.500000
5	1.117239	0.254190	17.600000
10	1.122037	0.265800	10.900000
20	1.129014	0.262180	6.100000
50	1.139985	0.263520	2.580000
100	1.149721	0.276110	1.310000

check_k=16
1	1.048004	0.533820	38.000000
2	1.091241	0.537270	30.500000
5	1.109592	0.536060	20.200001
10	1.115214	0.526010	12.900000
20	1.121778	0.532330	7.550000
50	1.132074	0.533260	3.280000
100	1.140270	0.498530	1.660000

check_k=32
1	1.037518	0.977160	41.000000
2	1.078191	0.955090	33.500000
5	1.100853	0.922230	23.000000
10	1.107573	0.916730	14.800000
20	1.115345	0.914610	9.000000
50	1.125043	0.919080	4.000000
100	1.132558	0.929430	2.050000

check_k=64
1	1.026406	1.786410	43.000000
2	1.059153	1.802030	36.500000
5	1.091311	1.830510	28.200001
10	1.097974	1.779620	18.799999
20	1.108281	1.813420	12.000000
50	1.118386	1.882600	5.760000
100	1.125999	1.859030	2.950000

check_k=128
1	1.001393	3.559440	49.000000
2	1.045264	3.473080	42.500000
5	1.077797	3.505100	35.000000
10	1.088974	3.535990	23.700001
20	1.099497	3.687720	15.850000
50	1.111643	3.566910	8.540000
100	1.118898	3.584630	4.850000

check_k=256
1	1.000000	6.969100	60.000000
2	1.014331	7.040030	55.500000
5	1.059685	6.880250	44.599998
10	1.078663	7.019170	33.099998
20	1.091770	6.968690	23.400000
50	1.104113	6.935960	14.980000
100	1.112583	7.062670	10.710000

check_k=512
1	1.000000	14.407179	73.000000
2	1.000000	22.672829	68.000000
5	1.023968	16.854660	55.599998
10	1.064995	13.251920	45.200001
20	1.080023	13.269300	34.150002
50	1.095116	13.299610	23.860001
100	1.105396	13.085550	18.200001

lcsb  r=0.660000, L=128
Indexing Time: 25.320356 Seconds

Estimated Memory Usage: 458768384 Bytes

check_k=1
1	1.093427	0.128290	33.000000
2	1.124966	0.101370	24.000000
5	1.139127	0.094720	14.400000
10	1.141296	0.092490	8.500000
20	1.150272	0.091470	4.550000
50	1.164921	0.092820	1.820000
100	1.182293	0.085430	0.910000

check_k=2
1	1.072980	0.144260	33.000000
2	1.110191	0.142850	26.000000
5	1.127356	0.144120	16.400000
10	1.130309	0.142360	9.900000
20	1.139966	0.142290	5.450000
50	1.151058	0.150400	2.240000
100	1.162738	0.150780	1.120000

check_k=4
1	1.069306	0.277510	35.000000
2	1.101715	0.279410	27.500000
5	1.120441	0.266260	17.400000
10	1.123224	0.268500	10.800000
20	1.129566	0.274410	6.150000
50	1.141456	0.265150	2.580000
100	1.151164	0.269670	1.290000

check_k=8
1	1.048658	0.518690	38.000000
2	1.095005	0.541680	30.000000
5	1.107377	0.538560	20.600000
10	1.116728	0.574470	13.700000
20	1.122678	0.521860	7.700000
50	1.132678	0.537600	3.360000
100	1.141394	0.539770	1.690000

check_k=16
1	1.037750	0.984530	41.000000
2	1.074880	1.008740	33.500000
5	1.098856	0.978610	24.000000
10	1.107465	0.981720	16.299999
20	1.114655	0.977780	9.400000
50	1.124236	1.000440	4.320000
100	1.132759	0.988860	2.170000

check_k=32
1	1.005844	1.934600	46.000000
2	1.051114	1.909040	41.000000
5	1.087898	1.903200	29.200001
10	1.099026	1.903330	20.200001
20	1.107994	1.950890	12.000000
50	1.118155	2.017620	5.580000
100	1.125512	1.949340	2.810000

check_k=64
1	1.000000	3.646940	51.000000
2	1.029522	3.732010	46.500000
5	1.064559	3.688060	37.200001
10	1.088830	3.939160	27.299999
20	1.099385	3.872220	17.150000
50	1.110619	3.729340	8.160000
100	1.118465	3.706640	4.110000

check_k=128
1	1.000000	9.316280	60.000000
2	1.003596	7.172920	57.000000
5	1.049619	6.963150	44.799999
10	1.075329	7.044390	34.299999
20	1.090817	6.963650	24.500000
50	1.103470	7.081961	15.000000
100	1.112388	7.272120	8.610000

check_k=256
1	1.000000	13.647230	64.000000
2	1.000000	13.577590	63.500000
5	1.033919	13.821870	51.599998
10	1.066616	13.681620	40.500000
20	1.081857	13.963580	29.299999
50	1.097843	15.244020	19.879999
100	1.105664	14.309600	14.220000

check_k=512
1	1.000000	24.680340	73.000000
2	1.000000	25.807642	73.500000
5	1.006359	25.598791	62.400002
10	1.046021	25.693439	49.500000
20	1.071862	27.519199	37.400002
50	1.088495	25.013239	26.600000
100	1.098796	25.751299	20.639999

lcsb  r=0.660000, L=256
Indexing Time: 57.523621 Seconds

Estimated Memory Usage: 904699904 Bytes

check_k=1
1	1.054941	1.013320	32.000000
2	1.113038	0.270080	27.000000
5	1.123796	0.249630	16.000000
10	1.131637	0.240320	9.900000
20	1.138485	0.236060	5.300000
50	1.151316	0.231120	2.220000
100	1.163649	0.233900	1.120000

check_k=2
1	1.034606	0.797380	38.000000
2	1.093055	0.379340	32.500000
5	1.117520	0.356500	20.600000
10	1.120960	0.352000	12.900000
20	1.129148	0.361470	7.000000
50	1.140574	0.371750	3.000000
100	1.150693	0.362530	1.530000

check_k=4
1	1.026750	0.989470	42.000000
2	1.081968	0.611770	35.500000
5	1.108301	0.616760	23.600000
10	1.114348	0.615040	15.500000
20	1.120730	0.617270	8.450000
50	1.131347	0.650960	3.800000
100	1.140206	0.623950	1.950000

check_k=8
1	1.006104	1.312290	48.000000
2	1.055161	1.168160	40.500000
5	1.096341	1.126740	29.600000
10	1.104781	1.124020	20.200001
20	1.113996	1.092650	11.550000
50	1.123473	1.119340	5.160000
100	1.131524	1.130690	2.680000

check_k=16
1	1.000000	2.097550	54.000000
2	1.024663	2.169820	46.500000
5	1.081416	2.144850	34.599998
10	1.094415	2.176190	25.100000
20	1.106019	2.165060	14.900000
50	1.116682	2.187010	6.740000
100	1.124476	2.230570	3.530000

check_k=32
1	1.000000	4.175570	59.000000
2	1.018361	4.235420	50.000000
5	1.065639	4.111670	38.599998
10	1.088256	4.059290	28.700001
20	1.099069	4.219720	18.500000
50	1.110151	4.154870	9.140000
100	1.117915	4.011490	4.900000

check_k=64
1	1.000000	7.441570	64.000000
2	1.006013	7.837300	57.500000
5	1.057390	7.819590	46.400002
10	1.078620	7.740600	34.900002
20	1.090155	7.792371	22.600000
50	1.103491	7.555710	11.960000
100	1.111367	7.774130	7.120000

check_k=128
1	1.000000	14.755440	72.000000
2	1.000000	14.837821	69.000000
5	1.018475	14.406430	57.000000
10	1.064214	14.744650	46.000000
20	1.077858	15.010961	33.500000
50	1.095456	14.409790	20.320000
100	1.104996	14.837299	12.130000

check_k=256
1	1.000000	27.048750	79.000000
2	1.000000	27.055901	76.500000
5	1.001571	26.907629	68.000000
10	1.034659	27.326361	58.299999
20	1.062935	27.052761	47.500000
50	1.083254	27.117500	36.599998
100	1.095958	26.767101	28.930000

check_k=512
1	1.000000	45.634716	91.000000
2	1.000000	45.501728	89.500000
5	1.000000	46.193619	81.599998
10	1.000000	46.656792	72.099998
20	1.018821	46.922348	62.150002
50	1.061876	46.177402	51.840000
100	1.083236	46.370567	46.900002

lcsb  r=0.660000, L=512
Indexing Time: 131.870056 Seconds

Estimated Memory Usage: 1796698112 Bytes

check_k=1
1	1.042791	1.803970	38.000000
2	1.088846	0.611390	33.500000
5	1.112287	0.541300	22.200001
10	1.119960	0.529970	14.500000
20	1.129219	0.517770	7.950000
50	1.140732	0.513180	3.400000
100	1.150486	0.512180	1.720000

check_k=2
1	1.017409	1.171950	39.000000
2	1.067979	0.789550	36.500000
5	1.102669	0.771360	26.799999
10	1.111112	0.756710	18.100000
20	1.119987	0.768680	10.250000
50	1.131266	0.802110	4.460000
100	1.140172	0.818290	2.260000

check_k=4
1	1.012095	1.486520	44.000000
2	1.046926	1.261700	43.000000
5	1.093861	1.306910	31.600000
10	1.103569	1.272320	21.500000
20	1.112840	1.269680	13.150000
50	1.123182	1.262790	5.920000
100	1.131418	1.300970	3.030000

check_k=8
1	1.000000	2.311400	53.000000
2	1.023622	2.278420	51.000000
5	1.074065	2.270270	39.400002
10	1.095163	2.269540	27.200001
20	1.105440	2.333990	17.000000
50	1.115348	2.393780	8.360000
100	1.123267	2.325240	4.280000

check_k=16
1	1.000000	4.238770	62.000000
2	1.004935	4.266470	60.500000
5	1.057595	4.246600	47.400002
10	1.084239	4.238050	34.900002
20	1.096745	4.233120	22.150000
50	1.108888	4.223880	11.680000
100	1.116333	4.257030	6.360000

check_k=32
1	1.000000	7.965670	70.000000
2	1.000000	7.815600	66.000000
5	1.018475	7.965970	55.599998
10	1.066280	7.872680	42.200001
20	1.086436	7.919240	29.650000
50	1.101958	7.964440	17.059999
100	1.110310	7.828240	9.800000

check_k=64
1	1.000000	14.833819	76.000000
2	1.000000	14.728879	72.500000
5	1.010244	14.784091	61.599998
10	1.054034	14.673831	49.000000
20	1.077751	14.982540	36.200001
50	1.094406	14.700251	24.760000
100	1.104524	14.309340	15.930000

check_k=128
1	1.000000	25.180630	82.000000
2	1.000000	25.749580	79.000000
5	1.000000	26.623930	69.400002
10	1.029048	27.029341	58.299999
20	1.062792	27.116690	45.849998
50	1.086254	27.312630	32.660000
100	1.097698	27.150259	23.830000

check_k=256
1	1.000000	46.435780	86.000000
2	1.000000	46.459442	84.000000
5	1.000000	46.706749	77.199997
10	1.000000	48.055126	68.800003
20	1.011756	48.671398	60.299999
50	1.057859	46.659698	49.619999
100	1.087505	48.203869	41.529999

check_k=512
1	1.000000	73.166100	94.000000
2	1.000000	73.405769	93.000000
5	1.000000	69.758530	89.800003
10	1.000000	69.281013	84.099998
20	1.000000	69.045731	78.599998
50	1.000000	68.933380	72.779999
100	1.000000	69.144363	69.339996

