lcsb  r=0.660000, L=8
Indexing Time: 1.044785 Seconds

Estimated Memory Usage: 40620032 Bytes

check_k=1
1	1.152185	0.012480	24.000000
2	1.179365	0.009920	16.500000
5	1.184952	0.008560	9.200000
10	1.200998	0.007230	4.700000
20	31622.777344	0.003150	2.350000
50	31622.777344	0.003200	0.960000
100	31622.777344	0.003180	0.480000

check_k=2
1	1.134529	0.008420	25.000000
2	1.169641	0.004510	17.000000
5	1.169630	0.004570	10.400000
10	1.174260	0.004770	5.800000
20	1.207916	0.004910	2.900000
50	31622.777344	0.004850	1.180000
100	31622.777344	0.004880	0.590000

check_k=4
1	1.132491	0.014980	25.000000
2	1.157189	0.007900	17.000000
5	1.158223	0.007770	10.600000
10	1.157923	0.008110	6.000000
20	1.172379	0.008480	3.000000
50	31622.777344	0.008680	1.220000
100	31622.777344	0.008630	0.610000

check_k=8
1	1.123535	0.027020	26.000000
2	1.152383	0.020370	17.500000
5	1.148965	0.018530	10.800000
10	1.148316	0.017830	6.200000
20	1.157458	0.018470	3.100000
50	1.178944	0.019690	1.260000
100	31622.777344	0.020130	0.630000

check_k=16
1	1.117014	0.057760	27.000000
2	1.137731	0.057610	19.000000
5	1.139924	0.058320	11.600000
10	1.142914	0.057440	6.600000
20	1.148701	0.058990	3.350000
50	1.161390	0.061610	1.380000
100	1.177927	0.066310	0.690000

check_k=32
1	1.107195	0.135740	29.000000
2	1.127000	0.132370	20.500000
5	1.130447	0.129910	12.200000
10	1.132260	0.130450	7.100000
20	1.140083	0.129460	3.600000
50	1.150681	0.134770	1.500000
100	1.162691	0.138730	0.750000

check_k=64
1	1.094327	0.270180	29.000000
2	1.116087	0.266180	20.500000
5	1.125096	0.258410	13.000000
10	1.125147	0.255170	7.500000
20	1.130803	0.250090	3.900000
50	1.141558	0.252740	1.620000
100	1.151060	0.260940	0.810000

check_k=128
1	1.090492	0.564480	29.000000
2	1.109683	0.529680	20.500000
5	1.118347	0.503540	13.400000
10	1.117750	0.508190	8.000000
20	1.124642	0.558070	4.200000
50	1.134230	0.568600	1.840000
100	1.141971	0.548590	0.920000

check_k=256
1	1.069177	1.080470	33.000000
2	1.095849	1.063660	23.000000
5	1.111173	1.107780	15.600000
10	1.110094	1.105400	9.700000
20	1.117422	1.048500	5.150000
50	1.126438	1.060610	2.260000
100	1.134303	1.072260	1.140000

check_k=512
1	1.048890	2.319670	34.000000
2	1.082947	2.248070	26.000000
5	1.097934	2.179000	20.200001
10	1.102870	2.130890	14.200000
20	1.111030	2.099350	8.850000
50	1.120212	2.114530	4.980000
100	1.127459	2.046900	3.530000

lcsb  r=0.660000, L=16
Indexing Time: 2.129849 Seconds

Estimated Memory Usage: 68407296 Bytes

check_k=1
1	1.148864	0.018030	23.000000
2	1.176088	0.007860	16.000000
5	1.170247	0.006120	9.600000
10	1.177635	0.006190	5.500000
20	1.207543	0.006050	2.800000
50	31622.777344	0.005990	1.120000
100	31622.777344	0.005880	0.560000

check_k=2
1	1.143628	0.014850	23.000000
2	1.164155	0.009570	16.500000
5	1.156403	0.008860	10.200000
10	1.162041	0.009140	6.000000
20	1.175901	0.009490	3.100000
50	31622.777344	0.009810	1.240000
100	31622.777344	0.009690	0.620000

check_k=4
1	1.132483	0.026150	23.000000
2	1.149954	0.019590	16.500000
5	1.149258	0.018000	10.400000
10	1.150120	0.018230	6.100000
20	1.159444	0.018820	3.200000
50	1.180508	0.020110	1.280000
100	31622.777344	0.020360	0.650000

check_k=8
1	1.119905	0.057650	24.000000
2	1.139715	0.051480	18.000000
5	1.137727	0.049380	11.600000
10	1.142276	0.050120	6.800000
20	1.149186	0.051560	3.550000
50	1.162784	0.054160	1.420000
100	1.178570	0.056230	0.740000

check_k=16
1	1.104691	0.121070	24.000000
2	1.128058	0.115070	18.000000
5	1.128118	0.112390	12.200000
10	1.133402	0.114340	7.300000
20	1.138723	0.114330	3.800000
50	1.149186	0.117250	1.540000
100	1.161580	0.121990	0.800000

check_k=32
1	1.093525	0.238310	27.000000
2	1.117545	0.232920	19.500000
5	1.122093	0.230040	13.200000
10	1.127051	0.228420	8.000000
20	1.132818	0.228110	4.250000
50	1.141923	0.230690	1.760000
100	1.150332	0.240370	0.910000

check_k=64
1	1.084956	0.465810	28.000000
2	1.106899	0.462420	20.500000
5	1.114189	0.457810	14.600000
10	1.116503	0.464110	8.900000
20	1.124083	0.453460	4.800000
50	1.133363	0.482620	2.060000
100	1.141964	0.462330	1.060000

check_k=128
1	1.068251	0.948300	32.000000
2	1.094260	0.969040	23.500000
5	1.104757	0.913530	18.400000
10	1.110788	0.903000	12.200000
20	1.116997	0.928510	7.450000
50	1.125882	0.928040	3.620000
100	1.133565	0.937840	1.850000

check_k=256
1	1.038204	1.845400	41.000000
2	1.078074	1.853390	31.500000
5	1.094848	1.849720	25.000000
10	1.102349	1.828110	18.200001
20	1.109907	1.888940	12.750000
50	1.119980	1.853810	9.500000
100	1.126867	1.921500	6.980000

check_k=512
1	1.016890	3.590720	47.000000
2	1.064559	3.655540	37.500000
5	1.084686	3.737630	30.400000
10	1.093998	3.721120	22.900000
20	1.103249	3.716330	16.299999
50	1.112885	3.682550	11.520000
100	1.120255	3.603840	8.910000

lcsb  r=0.660000, L=32
Indexing Time: 4.725050 Seconds

Estimated Memory Usage: 124248064 Bytes

check_k=1
1	1.129057	0.032600	24.000000
2	1.154033	0.017640	19.500000
5	1.161560	0.012410	11.000000
10	1.162891	0.011910	6.400000
20	1.174837	0.012180	3.200000
50	31622.777344	0.012400	1.300000
100	31622.777344	0.012330	0.650000

check_k=2
1	1.117776	0.028770	25.000000
2	1.136357	0.020840	19.500000
5	1.144818	0.019110	11.200000
10	1.150316	0.019300	6.800000
20	1.160823	0.020050	3.500000
50	1.181215	0.021060	1.440000
100	31622.777344	0.021330	0.720000

check_k=4
1	1.105625	0.056260	25.000000
2	1.129020	0.053060	19.500000
5	1.138336	0.051990	11.800000
10	1.139905	0.051770	7.100000
20	1.149215	0.052200	3.650000
50	1.162852	0.054900	1.540000
100	1.179778	0.056860	0.780000

check_k=8
1	1.097836	0.125570	28.000000
2	1.120217	0.110180	21.500000
5	1.130179	0.111020	12.600000
10	1.132123	0.113620	7.600000
20	1.139702	0.114420	3.950000
50	1.151182	0.118290	1.680000
100	1.162511	0.123910	0.850000

check_k=16
1	1.083582	0.241210	31.000000
2	1.110750	0.238120	23.000000
5	1.121698	0.233820	13.400000
10	1.124139	0.232000	8.100000
20	1.130904	0.232050	4.250000
50	1.141528	0.236020	1.860000
100	1.150879	0.243580	0.940000

check_k=32
1	1.058480	0.476130	34.000000
2	1.098801	0.463570	27.000000
5	1.116100	0.457540	16.400000
10	1.115929	0.456270	10.000000
20	1.123694	0.457390	5.350000
50	1.133219	0.469980	2.360000
100	1.142249	0.473510	1.210000

check_k=64
1	1.043596	0.909190	36.000000
2	1.087389	0.943080	31.500000
5	1.104173	0.906120	20.200001
10	1.108894	0.944320	12.500000
20	1.116297	0.935350	6.950000
50	1.125389	0.944710	3.100000
100	1.134184	0.945650	1.600000

check_k=128
1	1.028593	1.817800	38.000000
2	1.069598	1.813320	34.000000
5	1.093570	1.805090	23.200001
10	1.101949	1.814280	15.700000
20	1.108706	1.829900	9.500000
50	1.118956	1.837490	4.700000
100	1.126739	1.889620	2.410000

check_k=256
1	1.014182	3.554100	43.000000
2	1.052861	3.722970	39.000000
5	1.087147	3.699350	28.000000
10	1.095741	3.723610	20.299999
20	1.103288	3.754890	12.550000
50	1.113391	3.761120	7.200000
100	1.120109	3.675750	4.660000

check_k=512
1	1.000192	7.036390	50.000000
2	1.035526	7.283120	46.500000
5	1.062966	7.061221	37.400002
10	1.085084	7.080760	28.500000
20	1.095380	6.914040	19.600000
50	1.106751	7.080980	12.780000
100	1.113124	7.101770	9.510000

lcsb  r=0.660000, L=64
Indexing Time: 10.903018 Seconds

Estimated Memory Usage: 235667456 Bytes

check_k=1
1	1.114910	0.066980	25.000000
2	1.138694	0.044490	19.500000
5	1.150103	0.028920	10.600000
10	1.148596	0.026830	6.400000
20	1.160350	0.027380	3.250000
50	1.181611	0.028290	1.340000
100	31622.777344	0.028310	0.670000

check_k=2
1	1.101103	0.064640	28.000000
2	1.120940	0.056480	22.500000
5	1.135569	0.056800	12.800000
10	1.138718	0.058070	8.000000
20	1.147628	0.059600	4.100000
50	1.163624	0.065790	1.720000
100	1.181655	0.064930	0.870000

check_k=4
1	1.091385	0.123330	30.000000
2	1.108798	0.122680	24.500000
5	1.127948	0.124690	15.000000
10	1.131672	0.124320	9.200000
20	1.138694	0.125010	4.950000
50	1.149567	0.127540	2.060000
100	1.162236	0.132910	1.040000

check_k=8
1	1.068175	0.246940	34.000000
2	1.101728	0.245480	27.500000
5	1.117239	0.241870	17.600000
10	1.122037	0.240570	10.900000
20	1.129014	0.241210	6.100000
50	1.139985	0.247440	2.580000
100	1.149721	0.253850	1.310000

check_k=16
1	1.048004	0.478470	38.000000
2	1.091241	0.471260	30.500000
5	1.109592	0.471080	20.200001
10	1.115214	0.469950	12.900000
20	1.121778	0.470650	7.550000
50	1.132074	0.472700	3.280000
100	1.140270	0.477270	1.660000

check_k=32
1	1.037518	0.917250	41.000000
2	1.078191	0.924020	33.500000
5	1.100853	0.957990	23.000000
10	1.107573	0.914620	14.800000
20	1.115345	0.911920	9.000000
50	1.125043	0.914610	4.000000
100	1.132558	0.916250	2.050000

check_k=64
1	1.026406	1.775980	43.000000
2	1.059153	1.777360	36.500000
5	1.091311	1.769560	28.200001
10	1.097974	1.805790	18.799999
20	1.108281	1.775520	12.000000
50	1.118386	1.780580	5.760000
100	1.125999	1.771170	2.950000

check_k=128
1	1.001393	3.531610	49.000000
2	1.045264	3.464880	42.500000
5	1.077797	3.486200	35.000000
10	1.088974	3.505900	23.700001
20	1.099497	3.480270	15.850000
50	1.111643	3.485240	8.540000
100	1.118898	3.540530	4.850000

check_k=256
1	1.000000	6.783940	60.000000
2	1.014331	6.811720	55.500000
5	1.059685	6.836070	44.599998
10	1.078663	6.808150	33.099998
20	1.091770	6.813450	23.400000
50	1.104113	6.826000	14.980000
100	1.112583	6.792810	10.710000

check_k=512
1	1.000000	13.105691	73.000000
2	1.000000	13.035870	68.000000
5	1.023968	13.059900	55.599998
10	1.064995	13.064659	45.200001
20	1.080023	13.070840	34.150002
50	1.095116	13.098240	23.860001
100	1.105396	13.084900	18.200001

lcsb  r=0.660000, L=128
Indexing Time: 25.100677 Seconds

Estimated Memory Usage: 458768384 Bytes

check_k=1
1	1.093427	0.132460	33.000000
2	1.124966	0.110010	24.000000
5	1.139127	0.104410	14.400000
10	1.141296	0.099630	8.500000
20	1.150272	0.094400	4.550000
50	1.164921	0.093960	1.820000
100	1.182293	0.096470	0.910000

check_k=2
1	1.072980	0.157140	33.000000
2	1.110191	0.155140	26.000000
5	1.127356	0.156480	16.400000
10	1.130309	0.158220	9.900000
20	1.139966	0.159760	5.450000
50	1.151058	0.164490	2.240000
100	1.162738	0.169190	1.120000

check_k=4
1	1.069306	0.285570	35.000000
2	1.101715	0.280910	27.500000
5	1.120441	0.274330	17.400000
10	1.123224	0.271410	10.800000
20	1.129566	0.269130	6.150000
50	1.141456	0.273400	2.580000
100	1.151164	0.283840	1.290000

check_k=8
1	1.048658	0.544650	38.000000
2	1.095005	0.554380	30.000000
5	1.107377	0.544070	20.600000
10	1.116728	0.534650	13.700000
20	1.122678	0.530040	7.700000
50	1.132678	0.535060	3.360000
100	1.141394	0.548690	1.690000

check_k=16
1	1.037750	1.080870	41.000000
2	1.074880	1.005680	33.500000
5	1.098856	1.029320	24.000000
10	1.107465	1.050020	16.299999
20	1.114655	1.043070	9.400000
50	1.124236	1.047920	4.320000
100	1.132759	1.056820	2.170000

check_k=32
1	1.005844	1.979770	46.000000
2	1.051114	2.025880	41.000000
5	1.087898	2.057840	29.200001
10	1.099026	2.001040	20.200001
20	1.107994	2.022270	12.000000
50	1.118155	2.029870	5.580000
100	1.125512	2.035400	2.810000

check_k=64
1	1.000000	3.916860	51.000000
2	1.029522	3.799620	46.500000
5	1.064559	3.771640	37.200001
10	1.088830	3.851070	27.299999
20	1.099385	3.921660	17.150000
50	1.110619	3.880450	8.160000
100	1.118465	3.879810	4.110000

check_k=128
1	1.000000	7.120850	60.000000
2	1.003596	7.214970	57.000000
5	1.049619	7.231680	44.799999
10	1.075329	7.134990	34.299999
20	1.090817	7.229499	24.500000
50	1.103470	7.229671	15.000000
100	1.112388	7.223260	8.610000

check_k=256
1	1.000000	13.764291	64.000000
2	1.000000	13.827060	63.500000
5	1.033919	13.920420	51.599998
10	1.066616	13.887301	40.500000
20	1.081857	13.821389	29.299999
50	1.097843	13.858930	19.879999
100	1.105664	13.884810	14.220000

check_k=512
1	1.000000	25.598291	73.000000
2	1.000000	25.806021	73.500000
5	1.006359	25.554810	62.400002
10	1.046021	25.518999	49.500000
20	1.071862	25.540630	37.400002
50	1.088495	26.473841	26.600000
100	1.098796	27.467091	20.639999

lcsb  r=0.660000, L=256
Indexing Time: 54.720013 Seconds

Estimated Memory Usage: 904699904 Bytes

check_k=1
1	1.054941	0.277290	32.000000
2	1.113038	0.234600	27.000000
5	1.123796	0.222270	16.000000
10	1.131637	0.209830	9.900000
20	1.138485	0.214030	5.300000
50	1.151316	0.216740	2.220000
100	1.163649	0.217690	1.120000

check_k=2
1	1.034606	0.336400	38.000000
2	1.093055	0.336570	32.500000
5	1.117520	0.334790	20.600000
10	1.120960	0.335130	12.900000
20	1.129148	0.341360	7.000000
50	1.140574	0.339910	3.000000
100	1.150693	0.413930	1.530000

check_k=4
1	1.026750	0.557250	42.000000
2	1.081968	0.554330	35.500000
5	1.108301	0.586170	23.600000
10	1.114348	0.580490	15.500000
20	1.120730	0.589830	8.450000
50	1.131347	0.583820	3.800000
100	1.140206	0.590420	1.950000

check_k=8
1	1.006104	1.057250	48.000000
2	1.055161	1.052200	40.500000
5	1.096341	1.034530	29.600000
10	1.104781	1.054440	20.200001
20	1.113996	1.062430	11.550000
50	1.123473	1.068730	5.160000
100	1.131524	1.152190	2.680000

check_k=16
1	1.000000	1.971650	54.000000
2	1.024663	2.040930	46.500000
5	1.081416	2.000170	34.599998
10	1.094415	1.972670	25.100000
20	1.106019	2.037990	14.900000
50	1.116682	2.078030	6.740000
100	1.124476	1.985890	3.530000

check_k=32
1	1.000000	3.777060	59.000000
2	1.018361	3.782830	50.000000
5	1.065639	3.920220	38.599998
10	1.088256	3.765380	28.700001
20	1.099069	3.794290	18.500000
50	1.110151	3.946040	9.140000
100	1.117915	3.809400	4.900000

check_k=64
1	1.000000	7.249220	64.000000
2	1.006013	7.155690	57.500000
5	1.057390	7.190600	46.400002
10	1.078620	7.146120	34.900002
20	1.090155	7.075830	22.600000
50	1.103491	7.158790	11.960000
100	1.111367	7.159000	7.120000

check_k=128
1	1.000000	13.386040	72.000000
2	1.000000	13.439280	69.000000
5	1.018475	13.487750	57.000000
10	1.064214	13.479389	46.000000
20	1.077858	13.668831	33.500000
50	1.095456	14.333611	20.320000
100	1.104996	14.456510	12.130000

check_k=256
1	1.000000	26.581871	79.000000
2	1.000000	26.730209	76.500000
5	1.001571	26.233450	68.000000
10	1.034659	24.713692	58.299999
20	1.062935	24.704290	47.500000
50	1.083254	24.960241	36.599998
100	1.095958	25.173809	28.930000

check_k=512
1	1.000000	43.533676	91.000000
2	1.000000	43.690117	89.500000
5	1.000000	43.644672	81.599998
10	1.000000	45.146595	72.099998
20	1.018821	45.466171	62.150002
50	1.061876	45.362022	51.840000
100	1.083236	45.477993	46.900002

lcsb  r=0.660000, L=512
Indexing Time: 129.406387 Seconds

Estimated Memory Usage: 1796698112 Bytes

check_k=1
1	1.042791	0.538250	38.000000
2	1.088846	0.483180	33.500000
5	1.112287	0.459980	22.200001
10	1.119960	0.457190	14.500000
20	1.129219	0.476120	7.950000
50	1.140732	0.467690	3.400000
100	1.150486	0.593550	1.720000

check_k=2
1	1.017409	0.698910	39.000000
2	1.067979	0.694310	36.500000
5	1.102669	0.690820	26.799999
10	1.111112	0.693530	18.100000
20	1.119987	0.692810	10.250000
50	1.131266	0.697200	4.460000
100	1.140172	0.712290	2.260000

check_k=4
1	1.012095	1.178760	44.000000
2	1.046926	1.197350	43.000000
5	1.093861	1.185770	31.600000
10	1.103569	1.195580	21.500000
20	1.112840	1.160150	13.150000
50	1.123182	1.172840	5.920000
100	1.131418	1.314100	3.030000

check_k=8
1	1.000000	2.111990	53.000000
2	1.023622	2.142580	51.000000
5	1.074065	2.154110	39.400002
10	1.095163	2.127600	27.200001
20	1.105440	2.132000	17.000000
50	1.115348	2.265620	8.360000
100	1.123267	2.138010	4.280000

check_k=16
1	1.000000	3.904400	62.000000
2	1.004935	3.949060	60.500000
5	1.057595	4.084900	47.400002
10	1.084239	3.918220	34.900002
20	1.096745	3.943130	22.150000
50	1.108888	4.088250	11.680000
100	1.116333	3.987260	6.360000

check_k=32
1	1.000000	7.422230	70.000000
2	1.000000	7.193841	66.000000
5	1.018475	7.274890	55.599998
10	1.066280	7.333660	42.200001
20	1.086436	7.694860	29.650000
50	1.101958	7.701970	17.059999
100	1.110310	7.517990	9.800000

check_k=64
1	1.000000	14.002390	76.000000
2	1.000000	14.016210	72.500000
5	1.010244	14.134049	61.599998
10	1.054034	14.261310	49.000000
20	1.077751	13.983120	36.200001
50	1.094406	14.002159	24.760000
100	1.104524	14.036040	15.930000

check_k=128
1	1.000000	25.380320	82.000000
2	1.000000	25.463980	79.000000
5	1.000000	25.554260	69.400002
10	1.029048	25.250750	58.299999
20	1.062792	25.294548	45.849998
50	1.086254	25.430349	32.660000
100	1.097698	25.649519	23.830000

check_k=256
1	1.000000	43.429424	86.000000
2	1.000000	43.760372	84.000000
5	1.000000	43.507320	77.199997
10	1.000000	43.451000	68.800003
20	1.011756	44.401478	60.299999
50	1.057859	46.544991	49.619999
100	1.087505	46.719097	41.529999

check_k=512
1	1.000000	66.892693	94.000000
2	1.000000	67.644501	93.000000
5	1.000000	68.623161	89.800003
10	1.000000	67.266022	84.099998
20	1.000000	66.838737	78.599998
50	1.000000	66.551788	72.779999
100	1.000000	66.620171	69.339996

