lcsb  r=0.660000, L=8
Indexing Time: 3.402835 Seconds

Estimated Memory Usage: 140046336 Bytes

check_k=1
1	1.103126	0.012330	0.000000
2	1.144927	0.008450	0.000000
5	1.210837	0.006810	0.000000
10	1.359654	0.005960	0.000000
20	31622.777344	0.005530	0.000000
50	31622.777344	0.003060	7.980000
100	31622.777344	0.002790	3.420000

check_k=2
1	1.092971	0.007370	0.000000
2	1.116404	0.004240	0.000000
5	1.163520	0.004290	0.000000
10	1.222920	0.004500	0.000000
20	1.383379	0.004700	0.000000
50	31622.777344	0.004680	15.120000
100	31622.777344	0.004710	6.620000

check_k=4
1	1.077616	0.013010	0.000000
2	1.095316	0.007300	0.000000
5	1.124688	0.007190	0.000000
10	1.159269	0.007410	0.000000
20	1.231991	0.007920	0.050000
50	1.821828	0.008340	27.000000
100	31622.777344	0.008350	12.890000

check_k=8
1	1.069000	0.023260	0.000000
2	1.081441	0.014900	0.000000
5	1.102673	0.013780	0.000000
10	1.124543	0.013960	0.000000
20	1.159493	0.014500	0.050000
50	1.454483	0.015920	32.820000
100	1.827262	0.016620	24.730000

check_k=16
1	1.058542	0.046460	0.000000
2	1.065631	0.043870	0.000000
5	1.079174	0.038200	0.000000
10	1.096147	0.035730	0.100000
20	1.120676	0.035610	0.100000
50	1.389890	0.037290	35.139999
100	1.435746	0.039730	30.150000

check_k=32
1	1.049275	0.104490	0.000000
2	1.057400	0.090410	1.000000
5	1.067128	0.091430	0.800000
10	1.078948	0.092450	0.500000
20	1.091825	0.093830	0.300000
50	1.405544	0.097080	36.520000
100	1.420517	0.140440	33.119999

check_k=64
1	1.039422	0.208860	0.000000
2	1.044618	0.205950	1.500000
5	1.049926	0.205040	1.400000
10	1.059932	0.205080	1.100000
20	1.072541	0.205260	0.850000
50	1.360750	0.208520	37.880001
100	1.396004	0.214460	36.500000

check_k=128
1	1.033124	0.426240	0.000000
2	1.037488	0.418380	1.500000
5	1.040539	0.414140	1.600000
10	1.047114	0.413170	1.300000
20	1.052053	0.413260	1.200000
50	1.377147	0.416610	39.160000
100	1.383360	0.424390	39.630001

check_k=256
1	1.028031	0.846560	0.000000
2	1.031335	0.837640	1.500000
5	1.033483	0.834310	1.800000
10	1.035917	0.852960	1.800000
20	1.040897	0.865830	1.600000
50	1.371013	0.879790	39.259998
100	1.361818	0.944520	42.759998

check_k=512
1	1.021671	1.739710	1.000000
2	1.025106	1.687010	2.500000
5	1.026551	1.675140	3.000000
10	1.029531	1.677090	2.900000
20	1.031686	1.677570	2.400000
50	1.376378	1.716380	39.480000
100	1.337340	1.690050	45.410000

lcsb  r=0.660000, L=16
Indexing Time: 7.402130 Seconds

Estimated Memory Usage: 236101632 Bytes

check_k=1
1	1.093209	0.022210	0.000000
2	1.109353	0.017480	0.000000
5	1.157103	0.011980	0.000000
10	1.220847	0.006520	0.000000
20	1.404220	0.006270	0.000000
50	31622.777344	0.006240	12.540000
100	31622.777344	0.006190	5.830000

check_k=2
1	1.073756	0.014510	0.000000
2	1.089883	0.009050	0.000000
5	1.115294	0.008650	0.000000
10	1.149046	0.008910	0.000000
20	1.215175	0.009350	0.000000
50	2.111285	0.009780	24.940001
100	31622.777344	0.009810	11.580000

check_k=4
1	1.061095	0.024690	0.000000
2	1.073100	0.018140	0.000000
5	1.094942	0.016400	0.000000
10	1.118187	0.016270	0.100000
20	1.151423	0.016870	0.050000
50	1.456977	0.018400	33.400002
100	1.956117	0.019030	22.410000

check_k=8
1	1.051358	0.053640	0.000000
2	1.060443	0.054280	0.000000
5	1.071565	0.046240	0.000000
10	1.087842	0.042160	0.100000
20	1.110617	0.041190	0.100000
50	1.393964	0.043380	36.240002
100	1.467557	0.044790	29.650000

check_k=16
1	1.046199	0.108310	0.000000
2	1.050803	0.096420	0.000000
5	1.058254	0.096660	0.000000
10	1.068043	0.097240	0.100000
20	1.080591	0.098190	0.200000
50	1.381666	0.101990	37.840000
100	1.408288	0.109780	34.090000

check_k=32
1	1.037727	0.221100	0.000000
2	1.041542	0.221360	0.000000
5	1.048718	0.220150	0.000000
10	1.054164	0.219490	0.200000
20	1.064206	0.215560	0.250000
50	1.369913	0.217490	38.500000
100	1.378308	0.226690	37.660000

check_k=64
1	1.031696	0.444400	1.000000
2	1.034608	0.443880	1.000000
5	1.038062	0.474330	0.400000
10	1.043576	0.422720	0.600000
20	1.047746	0.422410	0.550000
50	1.361831	0.421730	39.080002
100	1.345831	0.429420	40.020000

check_k=128
1	1.025467	0.846880	3.000000
2	1.028288	0.839730	2.500000
5	1.029858	0.838260	1.000000
10	1.032032	0.836940	1.000000
20	1.035574	0.836840	1.150000
50	1.358498	0.840710	39.380001
100	1.337242	0.858920	43.029999

check_k=256
1	1.020968	1.674770	4.000000
2	1.023275	1.675560	4.000000
5	1.024807	1.722390	2.000000
10	1.025732	1.674260	2.100000
20	1.027805	1.732390	2.400000
50	1.381631	1.757870	39.599998
100	1.334693	1.732430	45.610001

check_k=512
1	1.016793	3.368880	5.000000
2	1.018879	3.314800	5.500000
5	1.018881	3.321280	3.600000
10	1.019652	3.329120	4.400000
20	1.020462	3.517650	4.500000
50	1.371596	3.365920	40.099998
100	1.318383	3.356610	46.369999

lcsb  r=0.660000, L=32
Indexing Time: 15.941169 Seconds

Estimated Memory Usage: 428072960 Bytes

check_k=1
1	1.069597	0.041400	0.000000
2	1.079961	0.034310	0.000000
5	1.107573	0.023470	0.000000
10	1.141425	0.013250	0.000000
20	1.210385	0.012650	0.000000
50	1.892786	0.013030	24.360001
100	31622.777344	0.012940	10.780000

check_k=2
1	1.059735	0.028330	0.000000
2	1.067459	0.021980	0.500000
5	1.084377	0.020540	0.200000
10	1.106094	0.020320	0.100000
20	1.141142	0.020900	0.050000
50	1.431033	0.022250	32.959999
100	1.946767	0.023010	21.879999

check_k=4
1	1.049372	0.054940	0.000000
2	1.057430	0.044900	0.500000
5	1.070400	0.043820	0.200000
10	1.081589	0.044370	0.100000
20	1.102237	0.043600	0.050000
50	1.414612	0.045310	36.439999
100	1.459572	0.047520	30.490000

check_k=8
1	1.041415	0.113550	0.000000
2	1.049019	0.098290	0.500000
5	1.056820	0.099040	0.600000
10	1.067169	0.100370	0.300000
20	1.078658	0.103920	0.250000
50	1.392771	0.105470	38.720001
100	1.405499	0.109860	35.209999

check_k=16
1	1.035444	0.217050	1.000000
2	1.041099	0.214350	1.000000
5	1.044975	0.213760	1.000000
10	1.052630	0.213860	0.700000
20	1.060880	0.214640	0.550000
50	1.364753	0.218470	39.060001
100	1.360706	0.226470	38.970001

check_k=32
1	1.031642	0.436720	2.000000
2	1.032726	0.430630	1.500000
5	1.036489	0.427880	1.200000
10	1.039680	0.426330	1.000000
20	1.046090	0.425090	0.800000
50	1.344462	0.428690	39.119999
100	1.353692	0.441770	41.650002

check_k=64
1	1.024922	0.856650	4.000000
2	1.027291	0.847980	2.500000
5	1.029656	0.845690	2.000000
10	1.032269	0.842350	1.600000
20	1.035876	0.844110	1.350000
50	1.362983	0.904310	39.340000
100	1.336009	0.899980	43.779999

check_k=128
1	1.020980	1.744400	6.000000
2	1.022559	1.738950	4.000000
5	1.024922	1.673400	3.400000
10	1.025854	1.671210	2.700000
20	1.027912	1.684120	2.450000
50	1.367692	1.676080	39.860001
100	1.315844	1.750610	45.500000

check_k=256
1	1.014600	3.311360	9.000000
2	1.018049	3.335180	6.500000
5	1.019177	3.524080	5.200000
10	1.020716	3.301950	4.600000
20	1.021539	3.295200	4.600000
50	1.360827	3.310190	40.720001
100	1.318813	3.378960	46.520000

check_k=512
1	1.010355	6.715960	15.000000
2	1.012919	6.552780	10.500000
5	1.013769	6.523540	8.800000
10	1.015306	6.771831	8.900000
20	1.015795	6.570180	8.750000
50	1.360926	6.580959	41.619999
100	1.320348	6.716610	47.090000

lcsb  r=0.660000, L=64
Indexing Time: 34.545174 Seconds

Estimated Memory Usage: 812150784 Bytes

check_k=1
1	1.061067	0.083180	1.000000
2	1.068065	0.065520	0.500000
5	1.085167	0.056500	0.200000
10	1.105816	0.042830	0.100000
20	1.136900	0.037850	0.050000
50	1.408085	0.034740	31.020000
100	2.040842	0.032540	20.850000

check_k=2
1	1.051044	0.065760	1.000000
2	1.058325	0.057120	0.500000
5	1.068590	0.055280	0.200000
10	1.080010	0.056460	0.100000
20	1.100651	0.060670	0.050000
50	1.391381	0.062710	35.660000
100	1.457689	0.064880	29.540001

check_k=4
1	1.043331	0.127150	1.000000
2	1.047863	0.112460	0.500000
5	1.053933	0.112750	0.200000
10	1.064395	0.112600	0.200000
20	1.076366	0.114430	0.100000
50	1.379375	0.118740	38.360001
100	1.415228	0.122240	35.119999

check_k=8
1	1.034852	0.229170	1.000000
2	1.039672	0.227780	0.500000
5	1.044398	0.227480	0.400000
10	1.051046	0.231340	0.300000
20	1.059469	0.228390	0.150000
50	1.356634	0.234150	39.180000
100	1.371117	0.238900	38.930000

check_k=16
1	1.029503	0.456750	2.000000
2	1.032731	0.450360	1.000000
5	1.036562	0.452230	0.800000
10	1.040431	0.452890	0.500000
20	1.045660	0.449740	0.350000
50	1.362295	0.452150	39.320000
100	1.343395	0.459090	41.680000

check_k=32
1	1.023727	0.885790	4.000000
2	1.025137	0.881400	2.000000
5	1.029301	0.887080	1.400000
10	1.032736	0.921960	1.300000
20	1.035916	0.881620	0.950000
50	1.372175	0.881950	39.619999
100	1.326585	0.897290	44.360001

check_k=64
1	1.018504	1.788560	5.000000
2	1.021104	1.808350	3.000000
5	1.023920	1.772930	2.400000
10	1.026076	1.741370	1.900000
20	1.028304	1.716360	1.700000
50	1.368857	1.722430	40.160000
100	1.328183	1.741180	45.770000

check_k=128
1	1.015854	3.355880	6.000000
2	1.016547	4.192640	5.000000
5	1.018830	3.900080	3.800000
10	1.019738	3.660230	3.900000
20	1.021339	3.804100	3.750000
50	1.365904	3.869650	41.020000
100	1.321255	3.880670	46.360001

check_k=256
1	1.011808	7.727760	13.000000
2	1.013148	8.066990	10.000000
5	1.013845	8.036800	7.200000
10	1.015421	7.938260	7.900000
20	1.016464	7.892951	7.250000
50	1.362993	7.902620	41.840000
100	1.311579	7.904490	46.880001

check_k=512
1	1.008139	15.845881	20.000000
2	1.009282	15.551500	15.500000
5	1.010566	15.462001	14.400000
10	1.010908	15.208260	14.500000
20	1.011619	14.767961	14.000000
50	1.365507	15.987290	42.619999
100	1.306860	14.291080	47.919998

lcsb  r=0.660000, L=128
Indexing Time: 70.810593 Seconds

Estimated Memory Usage: 1580302336 Bytes

check_k=1
1	1.046688	0.147500	0.000000
2	1.053544	0.119460	0.000000
5	1.064960	0.112950	0.200000
10	1.076634	0.104960	0.100000
20	1.096989	0.101680	0.050000
50	1.396014	0.101070	34.500000
100	1.477138	0.101270	29.969999

check_k=2
1	1.040122	0.161320	0.000000
2	1.044897	0.145300	0.500000
5	1.052400	0.144410	0.400000
10	1.061770	0.145700	0.300000
20	1.073307	0.146670	0.200000
50	1.382851	0.148840	37.959999
100	1.412281	0.153660	35.430000

check_k=4
1	1.035425	0.261260	0.000000
2	1.037838	0.260130	0.500000
5	1.042991	0.259310	0.400000
10	1.049296	0.259430	0.300000
20	1.057229	0.260630	0.300000
50	1.351798	0.263750	39.160000
100	1.372564	0.268780	39.630001

check_k=8
1	1.028820	0.489560	1.000000
2	1.033093	0.484010	1.000000
5	1.035618	0.484220	0.800000
10	1.039343	0.484110	0.600000
20	1.044474	0.482610	0.450000
50	1.356220	0.487320	39.360001
100	1.335608	0.495430	41.799999

check_k=16
1	1.023980	0.929790	1.000000
2	1.026105	1.056020	1.500000
5	1.028749	0.924280	1.200000
10	1.032618	0.919200	1.200000
20	1.035388	0.917100	1.050000
50	1.372309	0.964030	39.840000
100	1.319390	0.976170	44.299999

check_k=32
1	1.017995	1.871050	4.000000
2	1.020005	1.804160	4.500000
5	1.022778	1.766670	3.600000
10	1.025472	1.874610	3.300000
20	1.028002	1.800120	2.750000
50	1.368337	1.779210	40.560001
100	1.324342	1.785760	45.860001

check_k=64
1	1.014298	3.378760	8.000000
2	1.016636	3.483210	8.000000
5	1.017972	3.566800	6.000000
10	1.020425	3.382930	5.300000
20	1.021873	3.385970	4.800000
50	1.358801	3.522830	41.419998
100	1.321391	3.481320	46.480000

check_k=128
1	1.010820	6.650240	12.000000
2	1.012816	6.643810	10.500000
5	1.013065	6.608960	10.200000
10	1.015005	6.712420	9.300000
20	1.016273	6.497380	8.300000
50	1.364146	6.830451	41.900002
100	1.313195	6.657011	47.000000

check_k=256
1	1.007337	12.915030	21.000000
2	1.009418	12.730080	20.500000
5	1.009335	12.921720	17.400000
10	1.010208	12.947870	16.500000
20	1.011698	12.760131	15.050000
50	1.367328	12.949329	42.680000
100	1.309499	12.926691	47.669998

check_k=512
1	1.002452	24.553171	41.000000
2	1.005892	24.675779	36.500000
5	1.006415	24.788288	31.799999
10	1.006853	25.763140	29.500000
20	1.007982	27.220810	27.100000
50	1.368299	26.920610	43.939999
100	1.311546	25.037529	48.400002

lcsb  r=0.660000, L=256
Indexing Time: 144.404114 Seconds

Estimated Memory Usage: 3116605440 Bytes

check_k=1
1	1.040812	0.468440	1.000000
2	1.047193	0.304380	0.500000
5	1.051831	0.283420	0.200000
10	1.062384	0.273240	0.300000
20	1.074731	0.267220	0.200000
50	1.383891	0.267460	39.380001
100	1.410646	0.270430	39.290001

check_k=2
1	1.033301	0.398380	1.000000
2	1.038184	0.412460	0.500000
5	1.043454	0.435590	0.400000
10	1.048562	0.430570	0.700000
20	1.057576	0.429770	0.450000
50	1.348384	0.432690	40.759998
100	1.369335	0.434460	42.630001

check_k=4
1	1.028230	0.689850	1.000000
2	1.032169	0.695680	0.500000
5	1.036172	0.706100	0.800000
10	1.039623	0.699110	1.000000
20	1.044296	0.693770	0.650000
50	1.358340	0.682700	41.380001
100	1.346157	0.687950	45.330002

check_k=8
1	1.023779	1.212990	1.000000
2	1.025896	1.233290	0.500000
5	1.029341	1.244410	1.200000
10	1.032179	1.230350	1.400000
20	1.035331	1.225100	1.050000
50	1.372165	1.637430	41.799999
100	1.328481	1.436660	47.959999

check_k=16
1	1.019373	2.257870	4.000000
2	1.021135	2.213820	3.500000
5	1.022667	2.228330	3.200000
10	1.025573	2.255580	3.200000
20	1.028584	2.237850	2.500000
50	1.369677	2.199500	42.279999
100	1.338172	2.243780	49.779999

check_k=32
1	1.015149	4.216160	9.000000
2	1.016866	4.178670	7.500000
5	1.017675	4.223910	5.600000
10	1.019744	4.178810	6.100000
20	1.021741	4.214580	4.650000
50	1.359533	4.514070	43.200001
100	1.322602	4.483240	50.549999

check_k=64
1	1.010667	7.995830	12.000000
2	1.012605	8.008221	12.500000
5	1.013273	8.010970	9.600000
10	1.015467	8.023910	9.200000
20	1.016627	8.538230	8.700000
50	1.366339	8.152020	43.720001
100	1.316754	8.055650	51.070000

check_k=128
1	1.007461	15.273301	24.000000
2	1.008977	15.645450	20.000000
5	1.009627	14.119890	16.799999
10	1.011076	14.990279	17.200001
20	1.012355	13.835670	15.950000
50	1.367068	14.852311	44.500000
100	1.311811	13.886641	51.820000

check_k=256
1	1.002679	26.586721	37.000000
2	1.005705	26.140461	31.500000
5	1.006126	26.221830	30.000000
10	1.007419	26.295969	29.200001
20	1.008312	26.451231	26.200001
50	1.366684	26.410442	45.820000
100	1.310695	26.380770	52.599998

check_k=512
1	1.000000	48.900780	54.000000
2	1.003083	49.658817	49.000000
5	1.004005	50.251324	48.000000
10	1.004412	50.022091	45.599998
20	1.004766	49.242172	42.750000
50	1.370208	48.287643	47.119999
100	1.307724	48.845516	53.220001

lcsb  r=0.660000, L=512
Indexing Time: 301.583588 Seconds

Estimated Memory Usage: 6189215744 Bytes

check_k=1
1	1.033995	1.997450	0.000000
2	1.038916	0.537110	0.000000
5	1.043072	0.512340	0.400000
10	1.049801	0.480020	0.400000
20	1.058179	0.477750	0.400000
50	1.347107	0.483240	38.900002
100	1.360456	0.488900	39.450001

check_k=2
1	1.028212	1.243440	0.000000
2	1.032031	0.732530	0.500000
5	1.035718	0.724290	0.600000
10	1.039671	0.725220	1.100000
20	1.045839	0.724440	1.000000
50	1.358565	0.732390	39.299999
100	1.342897	0.735270	42.080002

check_k=4
1	1.022691	1.485210	3.000000
2	1.025777	1.319310	2.500000
5	1.028320	1.186630	1.800000
10	1.032589	1.192520	1.700000
20	1.036155	1.205010	1.450000
50	1.370006	1.205600	39.599998
100	1.330829	1.225860	44.299999

check_k=8
1	1.017671	2.201450	7.000000
2	1.019365	2.089460	6.000000
5	1.023212	2.142580	3.400000
10	1.025973	2.093390	3.300000
20	1.028649	2.098170	3.200000
50	1.364928	2.113930	40.200001
100	1.332896	2.130950	45.590000

check_k=16
1	1.013782	3.846320	10.000000
2	1.016321	3.854240	9.500000
5	1.018699	3.856320	5.400000
10	1.020405	3.844970	5.000000
20	1.022311	3.876400	4.700000
50	1.365112	3.883220	40.880001
100	1.323886	3.887810	46.450001

check_k=32
1	1.009660	7.242120	18.000000
2	1.011887	7.073249	16.500000
5	1.013409	7.127190	10.200000
10	1.015753	7.066660	8.800000
20	1.017363	7.278560	8.350000
50	1.370634	7.126730	41.820000
100	1.318378	7.132110	47.119999

check_k=64
1	1.006708	13.237740	27.000000
2	1.009128	13.079309	25.500000
5	1.010364	13.377820	17.600000
10	1.011554	13.099659	16.299999
20	1.012490	13.229840	14.600000
50	1.369927	13.147440	42.639999
100	1.309647	13.331490	47.599998

check_k=128
1	1.003414	24.226421	35.000000
2	1.006803	24.350569	34.000000
5	1.006674	24.240839	29.200001
10	1.007444	24.416580	27.100000
20	1.008517	24.254881	25.600000
50	1.366598	24.418388	44.200001
100	1.313004	24.366970	48.200001

check_k=256
1	1.000000	43.921650	55.000000
2	1.002454	43.902443	55.000000
5	1.003259	44.203636	49.599998
10	1.004167	44.020992	46.599998
20	1.004879	44.266911	44.150002
50	1.370560	44.013790	45.220001
100	1.309905	43.854980	49.150002

check_k=512
1	1.000000	75.019073	73.000000
2	1.000000	74.953835	74.000000
5	1.001278	74.929207	69.800003
10	1.002120	74.953369	67.300003
20	1.002270	75.041779	64.400002
50	1.375100	75.230423	45.740002
100	1.306272	75.291283	49.590000

