lcsb  r=0.660000, L=8
Indexing Time: 3.329190 Seconds

Estimated Memory Usage: 140046336 Bytes

check_k=1
1	1.103126	0.012560	0.000000
2	1.144927	0.008480	0.000000
5	1.210837	0.006970	0.000000
10	1.359654	0.006230	0.000000
20	31622.777344	0.003400	0.000000
50	31622.777344	0.002820	7.980000
100	31622.777344	0.002740	3.420000

check_k=2
1	1.092971	0.007560	0.000000
2	1.116404	0.004240	0.000000
5	1.163520	0.004250	0.000000
10	1.222920	0.004430	0.000000
20	1.383379	0.004630	0.000000
50	31622.777344	0.004600	15.120000
100	31622.777344	0.004560	6.620000

check_k=4
1	1.077616	0.013060	0.000000
2	1.095316	0.007220	0.000000
5	1.124688	0.007070	0.000000
10	1.159269	0.007330	0.000000
20	1.231991	0.007790	0.050000
50	1.821828	0.008280	27.000000
100	31622.777344	0.008320	12.890000

check_k=8
1	1.069000	0.023210	0.000000
2	1.081441	0.014450	0.000000
5	1.102673	0.013300	0.000000
10	1.124543	0.013440	0.000000
20	1.159493	0.014210	0.050000
50	1.454483	0.015590	32.820000
100	1.827262	0.016370	24.730000

check_k=16
1	1.058542	0.046650	0.000000
2	1.065631	0.041050	0.000000
5	1.079174	0.040210	0.000000
10	1.096147	0.039110	0.100000
20	1.120676	0.039270	0.100000
50	1.389890	0.042800	35.139999
100	1.435746	0.043920	30.150000

check_k=32
1	1.049275	0.103410	0.000000
2	1.057400	0.092800	1.000000
5	1.067128	0.092950	0.800000
10	1.078948	0.093790	0.500000
20	1.091825	0.094900	0.300000
50	1.405544	0.097900	36.520000
100	1.420517	0.102260	33.119999

check_k=64
1	1.039422	0.210840	0.000000
2	1.044618	0.207480	1.500000
5	1.049926	0.206220	1.400000
10	1.059932	0.205760	1.100000
20	1.072541	0.245160	0.850000
50	1.360750	0.209310	37.880001
100	1.396004	0.216290	36.500000

check_k=128
1	1.033124	0.429410	0.000000
2	1.037488	0.422160	1.500000
5	1.040539	0.420590	1.600000
10	1.047114	0.418530	1.300000
20	1.052053	0.418670	1.200000
50	1.377147	0.419490	39.160000
100	1.383360	0.429190	39.630001

check_k=256
1	1.028031	0.854890	0.000000
2	1.031335	0.847610	1.500000
5	1.033483	0.846550	1.800000
10	1.035917	0.845200	1.800000
20	1.040897	0.848440	1.600000
50	1.371013	0.851300	39.259998
100	1.361818	0.860560	42.759998

check_k=512
1	1.021671	1.773950	1.000000
2	1.025106	1.729530	2.500000
5	1.026551	1.728300	3.000000
10	1.029531	1.741440	2.900000
20	1.031686	1.729830	2.400000
50	1.376378	1.732840	39.480000
100	1.337340	1.764350	45.410000

lcsb  r=0.660000, L=16
Indexing Time: 7.317143 Seconds

Estimated Memory Usage: 236101632 Bytes

check_k=1
1	1.093209	0.021780	0.000000
2	1.109353	0.017290	0.000000
5	1.157103	0.015680	0.000000
10	1.220847	0.008180	0.000000
20	1.404220	0.006400	0.000000
50	31622.777344	0.006090	12.540000
100	31622.777344	0.006020	5.830000

check_k=2
1	1.073756	0.014410	0.000000
2	1.089883	0.008580	0.000000
5	1.115294	0.008430	0.000000
10	1.149046	0.008660	0.000000
20	1.215175	0.009130	0.000000
50	2.111285	0.009550	24.940001
100	31622.777344	0.009610	11.580000

check_k=4
1	1.061095	0.024620	0.000000
2	1.073100	0.016260	0.000000
5	1.094942	0.014840	0.000000
10	1.118187	0.014900	0.100000
20	1.151423	0.015700	0.050000
50	1.456977	0.017040	33.400002
100	1.956117	0.017820	22.410000

check_k=8
1	1.051358	0.048010	0.000000
2	1.060443	0.046120	0.000000
5	1.071565	0.040560	0.000000
10	1.087842	0.037080	0.100000
20	1.110617	0.036620	0.100000
50	1.393964	0.037700	36.240002
100	1.467557	0.041310	29.650000

check_k=16
1	1.046199	0.105300	0.000000
2	1.050803	0.090390	0.000000
5	1.058254	0.091130	0.000000
10	1.068043	0.093770	0.100000
20	1.080591	0.095490	0.200000
50	1.381666	0.099770	37.840000
100	1.408288	0.104030	34.090000

check_k=32
1	1.037727	0.211520	0.000000
2	1.041542	0.208200	0.000000
5	1.048718	0.208320	0.000000
10	1.054164	0.206840	0.200000
20	1.064206	0.209050	0.250000
50	1.369913	0.212480	38.500000
100	1.378308	0.217880	37.660000

check_k=64
1	1.031696	0.426420	1.000000
2	1.034608	0.421750	1.000000
5	1.038062	0.467480	0.400000
10	1.043576	0.425180	0.600000
20	1.047746	0.417960	0.550000
50	1.361831	0.418530	39.080002
100	1.345831	0.426570	40.020000

check_k=128
1	1.025467	0.845100	3.000000
2	1.028288	0.844890	2.500000
5	1.029858	0.839530	1.000000
10	1.032032	0.833990	1.000000
20	1.035574	0.836360	1.150000
50	1.358498	0.839990	39.380001
100	1.337242	0.850180	43.029999

check_k=256
1	1.020968	1.675440	4.000000
2	1.023275	1.673410	4.000000
5	1.024807	1.714050	2.000000
10	1.025732	1.670210	2.100000
20	1.027805	1.678110	2.400000
50	1.381631	1.671250	39.599998
100	1.334693	1.706930	45.610001

check_k=512
1	1.016793	3.399690	5.000000
2	1.018879	3.354200	5.500000
5	1.018881	3.366510	3.600000
10	1.019652	3.370480	4.400000
20	1.020462	3.370090	4.500000
50	1.371596	3.332950	40.099998
100	1.318383	3.348340	46.369999

lcsb  r=0.660000, L=32
Indexing Time: 15.889681 Seconds

Estimated Memory Usage: 428072960 Bytes

check_k=1
1	1.069597	0.042210	0.000000
2	1.079961	0.035420	0.000000
5	1.107573	0.029430	0.000000
10	1.141425	0.015800	0.000000
20	1.210385	0.012780	0.000000
50	1.892786	0.012960	24.360001
100	31622.777344	0.012850	10.780000

check_k=2
1	1.059735	0.028500	0.000000
2	1.067459	0.022210	0.500000
5	1.084377	0.021100	0.200000
10	1.106094	0.020950	0.100000
20	1.141142	0.021880	0.050000
50	1.431033	0.023250	32.959999
100	1.946767	0.023970	21.879999

check_k=4
1	1.049372	0.058540	0.000000
2	1.057430	0.055980	0.500000
5	1.070400	0.049510	0.200000
10	1.081589	0.047260	0.100000
20	1.102237	0.046810	0.050000
50	1.414612	0.048510	36.439999
100	1.459572	0.050550	30.490000

check_k=8
1	1.041415	0.117850	0.000000
2	1.049019	0.102430	0.500000
5	1.056820	0.102710	0.600000
10	1.067169	0.104050	0.300000
20	1.078658	0.104790	0.250000
50	1.392771	0.107950	38.720001
100	1.405499	0.112890	35.209999

check_k=16
1	1.035444	0.221090	1.000000
2	1.041099	0.219730	1.000000
5	1.044975	0.220270	1.000000
10	1.052630	0.222610	0.700000
20	1.060880	0.222600	0.550000
50	1.364753	0.221740	39.060001
100	1.360706	0.227830	38.970001

check_k=32
1	1.031642	0.444770	2.000000
2	1.032726	0.438020	1.500000
5	1.036489	0.440180	1.200000
10	1.039680	0.442560	1.000000
20	1.046090	0.437300	0.800000
50	1.344462	0.437450	39.119999
100	1.353692	0.447410	41.650002

check_k=64
1	1.024922	0.870140	4.000000
2	1.027291	0.862630	2.500000
5	1.029656	0.867340	2.000000
10	1.032269	0.864720	1.600000
20	1.035876	0.920320	1.350000
50	1.362983	0.865460	39.340000
100	1.336009	0.873680	43.779999

check_k=128
1	1.020980	1.719470	6.000000
2	1.022559	1.710540	4.000000
5	1.024922	1.726320	3.400000
10	1.025854	1.739100	2.700000
20	1.027912	1.739600	2.450000
50	1.367692	1.798620	39.860001
100	1.315844	1.758540	45.500000

check_k=256
1	1.014600	3.470360	9.000000
2	1.018049	3.420690	6.500000
5	1.019177	3.425310	5.200000
10	1.020716	3.374750	4.600000
20	1.021539	3.372330	4.600000
50	1.360827	3.437720	40.720001
100	1.318813	3.392590	46.520000

check_k=512
1	1.010355	6.652220	15.000000
2	1.012919	6.713880	10.500000
5	1.013769	6.733910	8.800000
10	1.015306	6.667720	8.900000
20	1.015795	6.754740	8.750000
50	1.360926	6.710990	41.619999
100	1.320348	6.767250	47.090000

lcsb  r=0.660000, L=64
Indexing Time: 33.865791 Seconds

Estimated Memory Usage: 812150784 Bytes

check_k=1
1	1.061067	0.081960	1.000000
2	1.068065	0.067350	0.500000
5	1.085167	0.054270	0.200000
10	1.105816	0.041700	0.100000
20	1.136900	0.038520	0.050000
50	1.408085	0.035690	31.020000
100	2.040842	0.033430	20.850000

check_k=2
1	1.051044	0.066790	1.000000
2	1.058325	0.064140	0.500000
5	1.068590	0.060620	0.200000
10	1.080010	0.059840	0.100000
20	1.100651	0.060380	0.050000
50	1.391381	0.062660	35.660000
100	1.457689	0.065120	29.540001

check_k=4
1	1.043331	0.123650	1.000000
2	1.047863	0.114310	0.500000
5	1.053933	0.114820	0.200000
10	1.064395	0.118090	0.200000
20	1.076366	0.118840	0.100000
50	1.379375	0.120170	38.360001
100	1.415228	0.125350	35.119999

check_k=8
1	1.034852	0.231990	1.000000
2	1.039672	0.230730	0.500000
5	1.044398	0.229440	0.400000
10	1.051046	0.235920	0.300000
20	1.059469	0.234160	0.150000
50	1.356634	0.235690	39.180000
100	1.371117	0.239020	38.930000

check_k=16
1	1.029503	0.453760	2.000000
2	1.032731	0.456480	1.000000
5	1.036562	0.447130	0.800000
10	1.040431	0.453370	0.500000
20	1.045660	0.445540	0.350000
50	1.362295	0.453150	39.320000
100	1.343395	0.463140	41.680000

check_k=32
1	1.023727	0.893380	4.000000
2	1.025137	0.969390	2.000000
5	1.029301	0.889520	1.400000
10	1.032736	0.881580	1.300000
20	1.035916	0.875730	0.950000
50	1.372175	0.889550	39.619999
100	1.326585	0.896920	44.360001

check_k=64
1	1.018504	1.731290	5.000000
2	1.021104	1.727250	3.000000
5	1.023920	1.725260	2.400000
10	1.026076	1.723650	1.900000
20	1.028304	1.812120	1.700000
50	1.368857	1.734300	40.160000
100	1.328183	1.745460	45.770000

check_k=128
1	1.015854	3.464830	6.000000
2	1.016547	3.406470	5.000000
5	1.018830	3.480960	3.800000
10	1.019738	3.405330	3.900000
20	1.021339	3.382130	3.750000
50	1.365904	3.494760	41.020000
100	1.321255	3.429640	46.360001

check_k=256
1	1.011808	6.725900	13.000000
2	1.013148	6.706370	10.000000
5	1.013845	6.584310	7.200000
10	1.015421	6.699700	7.900000
20	1.016464	6.692040	7.250000
50	1.362993	6.776880	41.840000
100	1.311579	6.672260	46.880001

check_k=512
1	1.008139	13.084199	20.000000
2	1.009282	12.981060	15.500000
5	1.010566	13.015511	14.400000
10	1.010908	13.108020	14.500000
20	1.011619	13.140909	14.000000
50	1.365507	13.098841	42.619999
100	1.306860	13.002490	47.919998

lcsb  r=0.660000, L=128
Indexing Time: 70.810524 Seconds

Estimated Memory Usage: 1580302336 Bytes

check_k=1
1	1.046688	0.151250	0.000000
2	1.053544	0.122520	0.000000
5	1.064960	0.115010	0.200000
10	1.076634	0.107560	0.100000
20	1.096989	0.103740	0.050000
50	1.396014	0.102570	36.500000
100	1.477138	0.244760	33.970001

check_k=2
1	1.040122	0.182700	0.000000
2	1.044897	0.169050	0.500000
5	1.052400	0.165620	0.400000
10	1.061770	0.161290	0.300000
20	1.073307	0.160250	0.200000
50	1.382851	0.161300	39.959999
100	1.412281	0.164160	39.430000

check_k=4
1	1.035425	0.274110	0.000000
2	1.037838	0.273540	0.500000
5	1.042991	0.272650	0.400000
10	1.049296	0.273230	0.300000
20	1.057229	0.268020	0.300000
50	1.351798	0.271410	41.160000
100	1.372564	0.274630	43.630001

check_k=8
1	1.028820	0.490180	1.000000
2	1.033093	0.496710	1.000000
5	1.035618	0.485420	0.800000
10	1.039343	0.488410	0.600000
20	1.044474	0.486160	0.450000
50	1.356220	0.489860	41.360001
100	1.335608	0.498770	45.799999

check_k=16
1	1.023980	0.930550	1.000000
2	1.026105	0.927450	1.500000
5	1.028749	0.923590	1.200000
10	1.032618	0.918850	1.200000
20	1.035388	0.918980	1.050000
50	1.372309	0.930620	41.840000
100	1.319390	1.056220	48.299999

check_k=32
1	1.017995	1.789060	4.000000
2	1.020005	1.820520	4.500000
5	1.022778	1.772130	3.600000
10	1.025472	1.774200	3.300000
20	1.028002	1.776260	2.750000
50	1.368337	1.800440	42.560001
100	1.324342	1.954400	49.860001

check_k=64
1	1.014298	3.447230	8.000000
2	1.016636	3.439660	8.000000
5	1.017972	3.431080	6.000000
10	1.020425	3.598610	5.300000
20	1.021873	3.416170	4.800000
50	1.358801	3.419370	43.419998
100	1.321391	3.428410	50.480000

check_k=128
1	1.010820	6.726130	12.000000
2	1.012816	6.832640	10.500000
5	1.013065	6.604520	10.200000
10	1.015005	6.769460	9.300000
20	1.016273	6.578140	8.300000
50	1.364146	6.753940	43.900002
100	1.313195	6.586460	51.000000

check_k=256
1	1.007337	12.860861	21.000000
2	1.009418	12.892370	20.500000
5	1.009335	12.843670	17.400000
10	1.010208	12.791679	16.500000
20	1.011698	12.804420	15.050000
50	1.367328	12.810199	44.680000
100	1.309499	12.874989	51.669998

check_k=512
1	1.002452	24.485249	41.000000
2	1.005892	24.554310	36.500000
5	1.006415	24.465130	31.799999
10	1.006853	24.556459	29.500000
20	1.007982	24.438650	27.100000
50	1.368299	24.552000	45.939999
100	1.311546	24.532940	52.400002

lcsb  r=0.660000, L=256
Indexing Time: 144.208603 Seconds

Estimated Memory Usage: 3116605440 Bytes

check_k=1
1	1.040812	0.367860	1.000000
2	1.047193	0.257630	0.500000
5	1.051831	0.255080	0.200000
10	1.062384	0.224860	0.300000
20	1.074731	0.221230	0.200000
50	1.383891	0.223060	37.380001
100	1.410646	0.227510	35.290001

check_k=2
1	1.033301	0.339630	1.000000
2	1.038184	0.341630	0.500000
5	1.043454	0.339890	0.400000
10	1.048562	0.336720	0.700000
20	1.057576	0.337400	0.450000
50	1.348384	0.339710	38.759998
100	1.369335	0.346110	38.630001

check_k=4
1	1.028230	0.566780	1.000000
2	1.032169	0.570470	0.500000
5	1.036172	0.568640	0.800000
10	1.039623	0.644510	1.000000
20	1.044296	0.568590	0.650000
50	1.358340	0.571920	39.380001
100	1.346157	0.579800	41.330002

check_k=8
1	1.023779	1.021960	1.000000
2	1.025896	1.023190	0.500000
5	1.029341	1.036510	1.200000
10	1.032179	1.024230	1.400000
20	1.035331	1.021270	1.050000
50	1.372165	1.025630	39.799999
100	1.328481	1.031270	43.959999

check_k=16
1	1.019373	1.899100	4.000000
2	1.021135	2.019710	3.500000
5	1.022667	1.923830	3.200000
10	1.025573	1.940490	3.200000
20	1.028584	1.902210	2.500000
50	1.369677	1.898590	40.279999
100	1.338172	1.911670	45.779999

check_k=32
1	1.015149	3.667060	9.000000
2	1.016866	3.604480	7.500000
5	1.017675	3.589310	5.600000
10	1.019744	3.726410	6.100000
20	1.021741	3.602810	4.650000
50	1.359533	3.610530	41.200001
100	1.322602	3.666020	46.549999

check_k=64
1	1.010667	6.763150	12.000000
2	1.012605	6.998960	12.500000
5	1.013273	6.820420	9.600000
10	1.015467	6.903080	9.200000
20	1.016627	6.808440	8.700000
50	1.366339	7.003420	41.720001
100	1.316754	6.905200	47.070000

check_k=128
1	1.007461	12.997231	24.000000
2	1.008977	13.013220	20.000000
5	1.009627	13.040759	16.799999
10	1.011076	12.962319	17.200001
20	1.012355	13.013310	15.950000
50	1.367068	12.980239	42.500000
100	1.311811	13.093550	47.820000

check_k=256
1	1.002679	24.521599	37.000000
2	1.005705	24.480902	31.500000
5	1.006126	24.546640	30.000000
10	1.007419	24.500471	29.200001
20	1.008312	24.555429	26.200001
50	1.366684	24.511040	43.820000
100	1.310695	24.611351	48.599998

check_k=512
1	1.000000	44.859440	54.000000
2	1.003083	44.886162	49.000000
5	1.004005	44.843212	48.000000
10	1.004412	44.740307	45.599998
20	1.004766	44.926441	42.750000
50	1.370208	44.960140	45.119999
100	1.307724	44.969120	49.220001

lcsb  r=0.660000, L=512
Indexing Time: 296.968750 Seconds

Estimated Memory Usage: 6189215744 Bytes

check_k=1
1	1.033995	0.643810	0.000000
2	1.038916	0.539280	0.000000
5	1.043072	0.659230	0.400000
10	1.049801	0.505290	0.400000
20	1.058179	0.496920	0.400000
50	1.347107	0.496350	40.900002
100	1.360456	0.496070	43.450001

check_k=2
1	1.028212	0.721780	0.000000
2	1.032031	0.726330	0.500000
5	1.035718	0.723790	0.600000
10	1.039671	0.724730	1.100000
20	1.045839	0.738930	1.000000
50	1.358565	0.736440	41.299999
100	1.342897	0.742420	46.080002

check_k=4
1	1.022691	1.182270	3.000000
2	1.025777	1.186180	2.500000
5	1.028320	1.186570	1.800000
10	1.032589	1.187430	1.700000
20	1.036155	1.230970	1.450000
50	1.370006	1.190170	41.599998
100	1.330829	1.207070	48.299999

check_k=8
1	1.017671	2.076620	7.000000
2	1.019365	2.077310	6.000000
5	1.023212	2.076790	3.400000
10	1.025973	2.187910	3.300000
20	1.028649	2.086120	3.200000
50	1.364928	2.085580	42.200001
100	1.332896	2.114320	49.590000

check_k=16
1	1.013782	3.894790	10.000000
2	1.016321	3.800210	9.500000
5	1.018699	3.778740	5.400000
10	1.020405	3.774920	5.000000
20	1.022311	3.825300	4.700000
50	1.365112	3.825560	42.880001
100	1.323886	3.874360	50.450001

check_k=32
1	1.009660	7.071080	18.000000
2	1.011887	7.149080	16.500000
5	1.013409	7.006880	10.200000
10	1.015753	7.081949	8.800000
20	1.017363	7.117620	8.350000
50	1.370634	7.050960	43.820000
100	1.318378	7.182580	51.119999

check_k=64
1	1.006708	13.114409	27.000000
2	1.009128	13.164960	25.500000
5	1.010364	13.243860	17.600000
10	1.011554	13.200340	16.299999
20	1.012490	13.161799	14.600000
50	1.369927	13.104220	44.639999
100	1.309647	13.225339	51.599998

check_k=128
1	1.003414	24.246061	35.000000
2	1.006803	24.371071	34.000000
5	1.006674	24.268221	29.200001
10	1.007444	24.401560	27.100000
20	1.008517	24.310720	25.600000
50	1.366598	24.361721	46.200001
100	1.313004	24.330671	52.200001

check_k=256
1	1.000000	43.993256	55.000000
2	1.002454	43.866520	55.000000
5	1.003259	43.933887	49.599998
10	1.004167	44.085094	46.599998
20	1.004879	43.919510	44.150002
50	1.370560	43.898193	47.220001
100	1.309905	43.812817	53.150002

check_k=512
1	1.000000	74.899719	73.000000
2	1.000000	74.778885	74.000000
5	1.001278	75.655792	69.800003
10	1.002120	75.840767	67.300003
20	1.002270	76.003723	64.400002
50	1.375100	76.195534	47.740002
100	1.306272	76.064156	53.590000

