lcsb  r=0.660000, L=8
Indexing Time: 3.113069 Seconds

Estimated Memory Usage: 139984896 Bytes

check_k=1
1	1.196848	0.014520	9.000000
2	1.312519	0.010610	4.500000
5	1.398669	0.008220	2.000000
10	1.515891	0.005340	1.100000
20	31622.777344	0.003450	0.650000
50	31622.777344	0.003400	0.260000
100	31622.777344	0.003360	0.180000

check_k=2
1	1.171527	0.008590	10.000000
2	1.241653	0.005010	5.000000
5	1.312633	0.005760	2.200000
10	1.391148	0.006070	1.200000
20	1.502628	0.006390	0.750000
50	31622.777344	0.006020	0.340000
100	31622.777344	0.005500	0.220000

check_k=4
1	1.141454	0.016850	10.000000
2	1.188941	0.009910	5.000000
5	1.253541	0.009780	2.200000
10	1.320017	0.010140	1.300000
20	1.378890	0.010980	0.900000
50	1.525137	0.011710	0.480000
100	31622.777344	0.009830	0.300000

check_k=8
1	1.114727	0.029830	10.000000
2	1.168240	0.020910	5.000000
5	1.208543	0.022400	2.400000
10	1.246090	0.019010	1.500000
20	1.307201	0.021240	1.050000
50	1.387730	0.020900	0.640000
100	1.492676	0.023530	0.420000

check_k=16
1	1.085408	0.063250	11.000000
2	1.126005	0.061200	5.500000
5	1.167703	0.055720	2.600000
10	1.199552	0.049970	1.800000
20	1.241553	0.051560	1.450000
50	1.310831	0.054500	0.960000
100	1.364668	0.058390	0.660000

check_k=32
1	1.069873	0.124970	12.000000
2	1.113892	0.122290	6.000000
5	1.132843	0.121790	3.200000
10	1.159369	0.135060	2.100000
20	1.189094	0.156940	1.750000
50	1.239995	0.158540	1.320000
100	1.283372	0.163160	1.090000

check_k=64
1	1.064904	0.296960	13.000000
2	1.087182	0.259090	7.000000
5	1.115420	0.250480	4.200000
10	1.134431	0.249070	2.800000
20	1.153603	0.249080	2.450000
50	1.188230	0.252180	1.860000
100	1.228345	0.257730	1.590000

check_k=128
1	1.058736	0.512130	14.000000
2	1.071038	0.504670	7.500000
5	1.101056	0.506950	5.200000
10	1.111064	0.509050	4.000000
20	1.126344	0.503760	3.500000
50	1.159239	0.548010	2.760000
100	1.184797	0.512240	2.320000

check_k=256
1	1.048626	1.018540	14.000000
2	1.062485	1.012930	9.000000
5	1.078906	1.008960	7.600000
10	1.095589	1.132800	5.900000
20	1.109016	1.083440	4.950000
50	1.123913	1.071500	4.400000
100	1.139812	1.087300	3.790000

check_k=512
1	1.034505	2.134710	21.000000
2	1.051580	2.109230	16.000000
5	1.056304	2.232830	12.000000
10	1.070375	2.112470	9.400000
20	1.081791	2.094340	8.700000
50	1.092585	2.119900	7.880000
100	1.106546	2.194560	6.840000

lcsb  r=0.660000, L=16
Indexing Time: 8.522796 Seconds

Estimated Memory Usage: 236040192 Bytes

check_k=1
1	1.161196	0.032550	10.000000
2	1.236279	0.028040	5.000000
5	1.320408	0.025900	2.400000
10	1.407344	0.024090	1.300000
20	1.495101	0.022600	0.650000
50	31622.777344	0.023160	0.340000
100	31622.777344	0.021870	0.230000

check_k=2
1	1.130134	0.033070	10.000000
2	1.181226	0.030650	5.000000
5	1.238951	0.030020	2.400000
10	1.311221	0.028680	1.300000
20	1.383393	0.028170	0.750000
50	1.550993	0.028250	0.500000
100	31622.777344	0.027510	0.340000

check_k=4
1	1.099669	0.048800	10.000000
2	1.154550	0.049180	5.000000
5	1.197184	0.046860	2.600000
10	1.242867	0.046580	1.500000
20	1.304072	0.046700	1.050000
50	1.390709	0.048130	0.720000
100	1.527736	0.050430	0.560000

check_k=8
1	1.091349	0.091300	10.000000
2	1.128922	0.090920	5.500000
5	1.160073	0.089670	2.800000
10	1.194682	0.090730	2.000000
20	1.231639	0.089820	1.350000
50	1.301231	0.092720	0.940000
100	1.369549	0.095960	0.770000

check_k=16
1	1.077693	0.180710	11.000000
2	1.106971	0.182270	6.500000
5	1.130559	0.184050	3.200000
10	1.159179	0.185670	2.200000
20	1.189139	0.188850	1.600000
50	1.236930	0.196580	1.340000
100	1.286403	0.200450	1.260000

check_k=32
1	1.054893	0.373110	13.000000
2	1.086826	0.361160	8.500000
5	1.109937	0.369790	4.600000
10	1.134500	0.366650	3.200000
20	1.149213	0.370100	2.850000
50	1.182555	0.376710	2.460000
100	1.218797	0.379250	2.120000

check_k=64
1	1.043828	0.696600	18.000000
2	1.066740	0.710790	11.500000
5	1.087688	0.707350	7.000000
10	1.099087	0.702750	5.100000
20	1.117810	0.705160	4.450000
50	1.151621	0.707530	3.700000
100	1.171347	0.646200	3.200000

check_k=128
1	1.039031	1.138910	19.000000
2	1.058042	1.066650	12.000000
5	1.074387	1.052590	7.200000
10	1.085665	1.060460	6.000000
20	1.097207	1.048600	5.750000
50	1.118430	1.084830	5.020000
100	1.138516	1.084050	4.470000

check_k=256
1	1.029650	2.112180	24.000000
2	1.040411	2.191020	17.000000
5	1.054641	2.238050	11.400000
10	1.069808	2.132470	9.400000
20	1.074718	2.118900	8.650000
50	1.091692	2.123430	7.980000
100	1.107529	2.142750	7.090000

check_k=512
1	1.017126	4.243830	30.000000
2	1.032057	4.251330	26.000000
5	1.037740	4.293370	18.600000
10	1.049152	4.198050	16.000000
20	1.056183	4.226440	15.000000
50	1.068152	4.306100	14.020000
100	1.077930	4.227640	12.570000

lcsb  r=0.660000, L=32
Indexing Time: 14.401109 Seconds

Estimated Memory Usage: 428011520 Bytes

check_k=1
1	1.127838	0.055650	9.000000
2	1.174811	0.047680	5.000000
5	1.227324	0.043160	2.000000
10	1.306087	0.024760	1.200000
20	1.376276	0.022030	0.850000
50	1.544376	0.021850	0.460000
100	31622.777344	0.020470	0.350000

check_k=2
1	1.105430	0.041660	9.000000
2	1.142283	0.039610	5.000000
5	1.194706	0.035030	2.200000
10	1.235095	0.034530	1.500000
20	1.291179	0.034840	1.150000
50	1.383868	0.039330	0.680000
100	1.525149	0.041130	0.530000

check_k=4
1	1.081428	0.080720	10.000000
2	1.116504	0.077920	5.500000
5	1.153497	0.070670	2.400000
10	1.194683	0.067850	1.800000
20	1.225874	0.074610	1.450000
50	1.294366	0.077690	1.000000
100	1.372723	0.078250	0.830000

check_k=8
1	1.060255	0.147560	13.000000
2	1.089285	0.148210	7.500000
5	1.116344	0.142740	3.800000
10	1.142445	0.166460	2.800000
20	1.174250	0.172050	2.200000
50	1.232819	0.163220	1.720000
100	1.272500	0.161890	1.390000

check_k=16
1	1.052403	0.286260	13.000000
2	1.073395	0.292390	8.000000
5	1.094232	0.281460	5.600000
10	1.108404	0.279680	4.600000
20	1.133736	0.277430	3.450000
50	1.178540	0.293660	3.080000
100	1.209165	0.301920	2.630000

check_k=32
1	1.044191	0.557540	15.000000
2	1.054508	0.566220	10.500000
5	1.078622	0.560070	8.800000
10	1.087309	0.549670	7.400000
20	1.101178	0.540080	5.700000
50	1.132493	0.563040	5.000000
100	1.159704	0.569900	4.260000

check_k=64
1	1.031077	1.141970	19.000000
2	1.043032	1.082080	14.000000
5	1.060613	1.116950	11.600000
10	1.071572	1.156650	10.000000
20	1.083382	1.196740	8.350000
50	1.101057	1.197380	7.300000
100	1.123797	1.171080	6.400000

check_k=128
1	1.029959	2.182940	19.000000
2	1.035443	2.224900	15.500000
5	1.050210	2.156080	13.600000
10	1.057077	2.154620	12.200000
20	1.065921	2.151580	10.550000
50	1.082922	2.140830	9.680000
100	1.095972	2.353130	8.990000

check_k=256
1	1.019744	4.531991	23.000000
2	1.029343	4.253220	22.500000
5	1.039317	4.369180	19.000000
10	1.046747	4.333010	17.000000
20	1.049187	4.572040	16.150000
50	1.063868	4.397540	14.980000
100	1.071385	4.281450	13.680000

check_k=512
1	1.010609	8.680110	33.000000
2	1.019704	8.628330	33.500000
5	1.023905	8.791141	29.600000
10	1.028032	8.684510	27.600000
20	1.034674	8.618421	26.000000
50	1.042381	8.858479	25.120001
100	1.048545	8.629140	22.809999

lcsb  r=0.660000, L=64
Indexing Time: 31.569368 Seconds

Estimated Memory Usage: 812093440 Bytes

check_k=1
1	1.099273	0.104860	9.000000
2	1.144166	0.087670	4.500000
5	1.182607	0.079200	2.000000
10	1.228498	0.079770	1.200000
20	1.285317	0.077480	1.100000
50	1.385618	0.076690	0.880000
100	1.525031	0.075220	0.650000

check_k=2
1	1.075891	0.107860	11.000000
2	1.111760	0.106960	6.000000
5	1.155098	0.104840	3.200000
10	1.180435	0.102450	2.100000
20	1.220224	0.101890	1.800000
50	1.296103	0.105930	1.460000
100	1.362564	0.108310	1.150000

check_k=4
1	1.061110	0.175710	11.000000
2	1.086857	0.174520	6.500000
5	1.120228	0.172840	3.800000
10	1.141435	0.173060	2.700000
20	1.166889	0.172410	2.500000
50	1.224177	0.173830	2.180000
100	1.273770	0.190500	1.760000

check_k=8
1	1.047944	0.373170	14.000000
2	1.073208	0.347910	9.000000
5	1.091785	0.338350	5.600000
10	1.113039	0.330830	4.200000
20	1.131908	0.331590	3.750000
50	1.175825	0.347240	3.220000
100	1.210470	0.349770	2.760000

check_k=16
1	1.036139	0.628700	19.000000
2	1.060029	0.633860	11.500000
5	1.076165	0.703200	8.600000
10	1.090305	0.610140	6.700000
20	1.105437	0.611510	6.300000
50	1.128052	0.622140	5.460000
100	1.158621	0.603990	4.780000

check_k=32
1	1.027008	1.126850	21.000000
2	1.040489	1.120330	17.500000
5	1.053832	1.110190	14.200000
10	1.065038	1.130900	11.700000
20	1.082749	1.125110	10.300000
50	1.098373	1.126390	8.560000
100	1.119595	1.117310	7.700000

check_k=64
1	1.017126	2.257390	25.000000
2	1.031468	2.214780	22.500000
5	1.039267	2.327110	18.799999
10	1.048796	2.353640	16.799999
20	1.064652	2.248380	14.550000
50	1.074869	2.269820	12.740000
100	1.090339	2.246380	11.490000

check_k=128
1	1.012986	4.313040	32.000000
2	1.024074	4.470890	28.000000
5	1.030078	4.578680	24.400000
10	1.038794	4.408600	21.700001
20	1.047707	4.340830	19.450001
50	1.062982	4.303870	17.540001
100	1.067943	4.733990	16.049999

check_k=256
1	1.004402	8.559510	41.000000
2	1.018910	9.607160	35.500000
5	1.021551	11.541989	33.400002
10	1.026984	11.307691	30.500000
20	1.030079	9.532920	28.450001
50	1.044440	9.036850	25.840000
100	1.047909	8.575620	23.910000

check_k=512
1	1.000000	17.293051	54.000000
2	1.006533	17.551910	53.000000
5	1.013422	17.484919	48.400002
10	1.016106	17.387680	45.099998
20	1.018368	17.063591	43.400002
50	1.023032	16.147371	40.439999
100	1.028601	16.227880	38.360001

lcsb  r=0.660000, L=128
Indexing Time: 62.492619 Seconds

Estimated Memory Usage: 1580253184 Bytes

check_k=1
1	1.071180	0.965880	10.000000
2	1.107842	0.288690	6.500000
5	1.134806	0.207550	3.600000
10	1.169426	0.201130	2.400000
20	1.213698	0.200450	2.000000
50	1.286160	0.206610	1.440000
100	1.361578	0.207510	1.310000

check_k=2
1	1.055004	0.347500	11.000000
2	1.089816	0.341390	7.000000
5	1.104001	0.338990	4.800000
10	1.136302	0.337450	4.000000
20	1.163771	0.339730	3.250000
50	1.217904	0.340290	2.360000
100	1.271950	0.345230	2.040000

check_k=4
1	1.045132	0.606190	14.000000
2	1.068057	0.597240	10.000000
5	1.086907	0.595260	7.000000
10	1.103487	0.591330	6.100000
20	1.130501	0.589180	4.800000
50	1.173694	0.591910	3.860000
100	1.204051	0.598650	3.320000

check_k=8
1	1.033125	1.107830	17.000000
2	1.050390	1.101730	14.000000
5	1.067799	1.093340	10.600000
10	1.082206	1.089670	9.200000
20	1.097001	1.089570	7.250000
50	1.122027	1.094410	6.320000
100	1.150935	1.100280	5.440000

check_k=16
1	1.022791	2.299730	26.000000
2	1.032659	2.017170	20.000000
5	1.048360	1.794080	16.600000
10	1.060778	1.785700	15.100000
20	1.071376	1.775770	12.350000
50	1.091812	1.785070	10.400000
100	1.109604	1.803350	9.000000

check_k=32
1	1.013793	3.450130	34.000000
2	1.025738	3.452170	27.000000
5	1.034837	3.701140	22.600000
10	1.041579	3.535620	21.100000
20	1.053616	3.441120	18.350000
50	1.068920	3.432990	16.020000
100	1.083030	3.439830	14.100000

check_k=64
1	1.009890	6.958470	39.000000
2	1.019763	7.365540	32.000000
5	1.025034	6.601840	27.600000
10	1.029485	6.842770	27.299999
20	1.037854	6.323580	25.200001
50	1.048617	5.623890	22.520000
100	1.058873	5.646180	20.290001

check_k=128
1	1.002592	11.445290	46.000000
2	1.014909	9.292521	38.000000
5	1.018432	10.054580	35.799999
10	1.020590	8.118690	35.000000
20	1.026091	8.109440	33.799999
50	1.033971	8.131050	31.240000
100	1.041514	8.140710	28.410000

check_k=256
1	1.000000	15.881961	60.000000
2	1.006831	15.662889	53.500000
5	1.010662	15.678520	50.799999
10	1.014840	15.672131	48.900002
20	1.016077	15.661851	47.200001
50	1.021956	15.725060	44.619999
100	1.026092	15.684819	40.900002

check_k=512
1	1.000000	30.368450	74.000000
2	1.000000	30.154991	71.500000
5	1.004639	30.628000	67.800003
10	1.005904	29.975801	65.900002
20	1.008353	30.169571	64.449997
50	1.010664	29.955582	61.619999
100	1.013543	29.897051	58.720001

lcsb  r=0.660000, L=256
Indexing Time: 122.125412 Seconds

Estimated Memory Usage: 3116572672 Bytes

check_k=1
1	1.060193	1.851060	13.000000
2	1.082754	0.379600	8.000000
5	1.104001	0.328400	6.800000
10	1.126576	0.319140	4.700000
20	1.150268	0.302250	3.700000
50	1.211865	0.299480	2.800000
100	1.268436	0.302420	2.460000

check_k=2
1	1.043790	1.857630	16.000000
2	1.060003	0.466750	10.500000
5	1.081176	0.441780	9.000000
10	1.097373	0.437800	7.400000
20	1.118134	0.436170	6.150000
50	1.159309	0.439300	4.760000
100	1.196525	0.445470	4.010000

check_k=4
1	1.029893	2.177960	19.000000
2	1.040759	0.727050	13.500000
5	1.062471	0.716820	12.400000
10	1.076416	0.717630	11.100000
20	1.085088	0.714730	9.500000
50	1.118758	0.722300	7.360000
100	1.143026	0.725450	6.380000

check_k=8
1	1.023760	2.110320	24.000000
2	1.031960	1.263470	19.000000
5	1.043517	1.265770	17.400000
10	1.056251	1.262880	15.500000
20	1.068839	1.257740	13.950000
50	1.087213	1.264330	11.800000
100	1.102565	1.269370	10.210000

check_k=16
1	1.014242	2.504810	30.000000
2	1.024258	2.309530	27.500000
5	1.032299	2.303770	24.000000
10	1.038702	2.313790	22.299999
20	1.045594	2.320360	20.799999
50	1.061548	2.318270	18.360001
100	1.075552	2.323930	16.469999

check_k=32
1	1.007477	4.357500	39.000000
2	1.016812	4.352240	36.500000
5	1.022457	4.380260	33.799999
10	1.024384	4.524720	33.099998
20	1.030331	4.368120	30.400000
50	1.041157	4.361520	27.719999
100	1.050881	4.371780	25.170000

check_k=64
1	1.002731	8.216920	45.000000
2	1.009972	8.280110	43.000000
5	1.014684	8.232070	43.200001
10	1.017807	8.301110	42.400002
20	1.020730	8.219180	40.450001
50	1.029179	8.235370	37.660000
100	1.033391	8.225369	34.700001

check_k=128
1	1.000000	15.730700	52.000000
2	1.005316	15.888669	52.000000
5	1.008109	15.759451	54.599998
10	1.010490	15.743370	55.799999
20	1.013305	15.832400	53.799999
50	1.017262	15.754740	50.619999
100	1.021900	15.769401	47.040001

check_k=256
1	1.000000	30.141251	72.000000
2	1.001005	30.051321	70.500000
5	1.002912	29.966560	71.599998
10	1.006217	30.256691	70.400002
20	1.006832	30.063379	68.650002
50	1.009798	29.991440	66.540001
100	1.012257	30.156231	63.060001

check_k=512
1	1.000000	55.359486	90.000000
2	1.000000	55.448540	87.500000
5	1.000000	55.338921	87.199997
10	1.000789	55.525742	85.800003
20	1.001487	55.502338	84.199997
50	1.002848	55.344955	83.099998
100	1.004213	55.434341	81.059998

lcsb  r=0.660000, L=512
Indexing Time: 248.873093 Seconds

Estimated Memory Usage: 6189211648 Bytes

check_k=1
1	1.033463	3.036400	17.000000
2	1.055560	0.733680	13.000000
5	1.080198	0.658930	10.000000
10	1.098497	0.644730	8.800000
20	1.115871	0.644600	7.050000
50	1.151330	0.646920	5.380000
100	1.188230	0.648900	4.510000

check_k=2
1	1.024621	2.315820	24.000000
2	1.039481	0.956970	19.000000
5	1.058330	0.934000	14.600000
10	1.074640	0.940870	13.500000
20	1.087762	0.932050	10.900000
50	1.112791	0.937670	9.080000
100	1.136629	0.944430	7.740000

check_k=4
1	1.019132	2.306740	28.000000
2	1.030115	1.500840	25.500000
5	1.038416	1.494940	20.400000
10	1.054694	1.492980	19.000000
20	1.065111	1.489400	15.750000
50	1.086538	1.505710	13.640000
100	1.104200	1.506820	12.130000

check_k=8
1	1.013463	2.761450	34.000000
2	1.020727	2.799010	32.500000
5	1.026983	2.646320	28.600000
10	1.035792	2.611850	26.900000
20	1.045395	2.614730	23.400000
50	1.059251	2.608760	20.459999
100	1.074910	2.614710	18.360001

check_k=16
1	1.006093	4.671650	43.000000
2	1.014012	4.664980	40.000000
5	1.020001	4.812590	36.799999
10	1.024565	4.661180	36.299999
20	1.029993	4.679670	33.099998
50	1.038366	4.683570	29.920000
100	1.047228	4.689080	27.400000

check_k=32
1	1.000000	8.784280	55.000000
2	1.008175	8.628010	48.500000
5	1.013170	8.634041	47.200001
10	1.016773	8.638241	48.000000
20	1.018026	8.629210	44.500000
50	1.024954	8.651740	41.580002
100	1.031008	8.851780	38.970001

check_k=64
1	1.000000	16.192829	66.000000
2	1.003587	16.242950	61.000000
5	1.007429	16.102730	59.799999
10	1.009520	16.246540	60.099998
20	1.011338	16.126261	56.650002
50	1.014690	16.103411	54.700001
100	1.019288	16.334820	52.360001

check_k=128
1	1.000000	30.777380	83.000000
2	1.000000	30.408882	77.000000
5	1.002509	30.462891	74.599998
10	1.003551	30.430458	74.199997
20	1.005789	30.405760	71.099998
50	1.007948	30.290840	69.180000
100	1.009994	30.508970	66.910004

check_k=256
1	1.000000	56.449818	90.000000
2	1.000000	56.273701	87.000000
5	1.000000	55.755180	87.800003
10	1.000159	55.955914	87.099998
20	1.001609	56.962872	85.349998
50	1.002807	56.463711	83.839996
100	1.004048	55.986160	82.110001

check_k=512
1	1.000000	97.041992	97.000000
2	1.000000	96.915146	97.000000
5	1.000000	96.579514	96.000000
10	1.000000	96.534981	95.699997
20	1.000000	96.912331	95.300003
50	1.000345	97.011925	94.620003
100	1.000624	97.112801	93.949997

