lcsb  r=0.660000, L=8
Indexing Time: 2.988684 Seconds

Estimated Memory Usage: 139984896 Bytes

check_k=1
1	1.196848	0.015150	9.000000
2	1.312519	0.010770	4.500000
5	1.398669	0.008760	2.000000
10	1.515891	0.007790	1.100000
20	31622.777344	0.004160	0.650000
50	31622.777344	0.003550	0.260000
100	31622.777344	0.003680	0.180000

check_k=2
1	1.171527	0.008960	10.000000
2	1.241653	0.005080	5.000000
5	1.312633	0.005080	2.200000
10	1.391148	0.005300	1.200000
20	1.502628	0.005570	0.750000
50	31622.777344	0.005520	0.340000
100	31622.777344	0.005560	0.220000

check_k=4
1	1.141454	0.015950	10.000000
2	1.188941	0.009320	5.000000
5	1.253541	0.008990	2.200000
10	1.320017	0.009180	1.300000
20	1.378890	0.009530	0.900000
50	1.525137	0.010060	0.480000
100	31622.777344	0.010030	0.300000

check_k=8
1	1.114727	0.028890	10.000000
2	1.168240	0.021420	5.000000
5	1.208543	0.019680	2.400000
10	1.246090	0.019580	1.500000
20	1.307201	0.020030	1.050000
50	1.387730	0.022070	0.640000
100	1.492676	0.023020	0.420000

check_k=16
1	1.085408	0.064020	11.000000
2	1.126005	0.057990	5.500000
5	1.167703	0.050070	2.600000
10	1.199552	0.051110	1.800000
20	1.241553	0.052150	1.450000
50	1.310831	0.058900	0.960000
100	1.364668	0.063060	0.660000

check_k=32
1	1.069873	0.134970	12.000000
2	1.113892	0.119950	6.000000
5	1.132843	0.120610	3.200000
10	1.159369	0.121630	2.100000
20	1.189094	0.123890	1.750000
50	1.239995	0.126550	1.320000
100	1.283372	0.131300	1.090000

check_k=64
1	1.064904	0.262740	13.000000
2	1.087182	0.257940	7.000000
5	1.115420	0.255760	4.200000
10	1.134431	0.255000	2.800000
20	1.153603	0.254540	2.450000
50	1.188230	0.260510	1.860000
100	1.228345	0.264640	1.590000

check_k=128
1	1.058736	0.536560	14.000000
2	1.071038	0.536030	7.500000
5	1.101056	0.513560	5.200000
10	1.111064	0.513430	4.000000
20	1.126344	0.514050	3.500000
50	1.159239	0.515960	2.760000
100	1.184797	0.524080	2.320000

check_k=256
1	1.048626	1.048430	14.000000
2	1.062485	1.096480	9.000000
5	1.078906	1.037980	7.600000
10	1.095589	1.068300	5.900000
20	1.109016	1.071530	4.950000
50	1.123913	1.074990	4.400000
100	1.139812	1.082650	3.790000

check_k=512
1	1.034505	2.124000	21.000000
2	1.051580	2.109700	16.000000
5	1.056304	2.166910	12.000000
10	1.070375	2.117600	9.400000
20	1.081791	2.134090	8.700000
50	1.092585	2.118870	7.880000
100	1.106546	2.136040	6.840000

lcsb  r=0.660000, L=16
Indexing Time: 6.465733 Seconds

Estimated Memory Usage: 236040192 Bytes

check_k=1
1	1.161196	0.028430	10.000000
2	1.236279	0.023080	5.000000
5	1.320408	0.019300	2.400000
10	1.407344	0.008440	1.300000
20	1.495101	0.007890	0.650000
50	31622.777344	0.007900	0.340000
100	31622.777344	0.007820	0.230000

check_k=2
1	1.130134	0.018140	10.000000
2	1.181226	0.011260	5.000000
5	1.238951	0.010990	2.400000
10	1.311221	0.011200	1.300000
20	1.383393	0.011760	0.750000
50	1.550993	0.012300	0.500000
100	31622.777344	0.012260	0.340000

check_k=4
1	1.099669	0.031840	10.000000
2	1.154550	0.026280	5.000000
5	1.197184	0.024220	2.600000
10	1.242867	0.023720	1.500000
20	1.304072	0.024490	1.050000
50	1.390709	0.026670	0.720000
100	1.527736	0.027930	0.560000

check_k=8
1	1.091349	0.066810	10.000000
2	1.128922	0.064520	5.500000
5	1.160073	0.061600	2.800000
10	1.194682	0.060060	2.000000
20	1.231639	0.059890	1.350000
50	1.301231	0.062110	0.940000
100	1.369549	0.064280	0.770000

check_k=16
1	1.077693	0.131190	11.000000
2	1.106971	0.126570	6.500000
5	1.130559	0.126530	3.200000
10	1.159179	0.127030	2.200000
20	1.189139	0.127720	1.600000
50	1.236930	0.130710	1.340000
100	1.286403	0.135200	1.260000

check_k=32
1	1.054893	0.268190	13.000000
2	1.086826	0.265070	8.500000
5	1.109937	0.263150	4.600000
10	1.134500	0.262140	3.200000
20	1.149213	0.262470	2.850000
50	1.182555	0.265070	2.460000
100	1.218797	0.271020	2.120000

check_k=64
1	1.043828	0.532570	18.000000
2	1.066740	0.527000	11.500000
5	1.087688	0.526340	7.000000
10	1.099087	0.526220	5.100000
20	1.117810	0.528290	4.450000
50	1.151621	0.536350	3.700000
100	1.171347	0.595600	3.200000

check_k=128
1	1.039031	1.076710	19.000000
2	1.058042	1.061650	12.000000
5	1.074387	1.052220	7.200000
10	1.085665	1.049670	6.000000
20	1.097207	1.048250	5.750000
50	1.118430	1.052920	5.020000
100	1.138516	1.059380	4.470000

check_k=256
1	1.029650	2.110770	24.000000
2	1.040411	2.158120	17.000000
5	1.054641	2.097390	11.400000
10	1.069808	2.102570	9.400000
20	1.074718	2.096800	8.650000
50	1.091692	2.108120	7.980000
100	1.107529	2.125440	7.090000

check_k=512
1	1.017126	4.226670	30.000000
2	1.032057	4.181670	26.000000
5	1.037740	4.305730	18.600000
10	1.049152	4.247890	16.000000
20	1.056183	4.239180	15.000000
50	1.068152	4.290520	14.020000
100	1.077930	4.249980	12.570000

lcsb  r=0.660000, L=32
Indexing Time: 13.986360 Seconds

Estimated Memory Usage: 428011520 Bytes

check_k=1
1	1.127838	0.053240	9.000000
2	1.174811	0.045320	5.000000
5	1.227324	0.106480	2.000000
10	1.306087	0.021010	1.200000
20	1.376276	0.017940	0.850000
50	1.544376	0.017630	0.460000
100	31622.777344	0.019910	0.350000

check_k=2
1	1.105430	0.036930	9.000000
2	1.142283	0.031580	5.000000
5	1.194706	0.029480	2.200000
10	1.235095	0.028820	1.500000
20	1.291179	0.029180	1.150000
50	1.383868	0.030910	0.680000
100	1.525149	0.031550	0.530000

check_k=4
1	1.081428	0.079660	10.000000
2	1.116504	0.074580	5.500000
5	1.153497	0.065510	2.400000
10	1.194683	0.064400	1.800000
20	1.225874	0.065550	1.450000
50	1.294366	0.069060	1.000000
100	1.372723	0.072620	0.830000

check_k=8
1	1.060255	0.139240	13.000000
2	1.089285	0.138420	7.500000
5	1.116344	0.139650	3.800000
10	1.142445	0.138890	2.800000
20	1.174250	0.139880	2.200000
50	1.232819	0.142000	1.720000
100	1.272500	0.146420	1.390000

check_k=16
1	1.052403	0.275980	13.000000
2	1.073395	0.275340	8.000000
5	1.094232	0.274180	5.600000
10	1.108404	0.272780	4.600000
20	1.133736	0.272460	3.450000
50	1.178540	0.273160	3.080000
100	1.209165	0.279130	2.630000

check_k=32
1	1.044191	0.538260	15.000000
2	1.054508	0.531960	10.500000
5	1.078622	0.525510	8.800000
10	1.087309	0.527460	7.400000
20	1.101178	0.535800	5.700000
50	1.132493	0.531280	5.000000
100	1.159704	0.538510	4.260000

check_k=64
1	1.031077	1.043360	19.000000
2	1.043032	1.039790	14.000000
5	1.060613	1.035360	11.600000
10	1.071572	1.134350	10.000000
20	1.083382	1.055500	8.350000
50	1.101057	1.038740	7.300000
100	1.123797	1.049070	6.400000

check_k=128
1	1.029959	2.056350	19.000000
2	1.035443	2.048510	15.500000
5	1.050210	2.049190	13.600000
10	1.057077	2.134980	12.200000
20	1.065921	2.096760	10.550000
50	1.082922	2.102630	9.680000
100	1.095972	2.124460	8.990000

check_k=256
1	1.019744	4.147430	23.000000
2	1.029343	4.143140	22.500000
5	1.039317	4.080260	19.000000
10	1.046747	4.179420	17.000000
20	1.049187	4.141260	16.150000
50	1.063868	4.068210	14.980000
100	1.071385	4.150670	13.680000

check_k=512
1	1.010609	8.054740	33.000000
2	1.019704	8.115560	33.500000
5	1.023905	8.122920	29.600000
10	1.028032	7.990230	27.600000
20	1.034674	8.091940	26.000000
50	1.042381	8.143900	25.120001
100	1.048545	8.152930	22.809999

lcsb  r=0.660000, L=64
Indexing Time: 29.444035 Seconds

Estimated Memory Usage: 812093440 Bytes

check_k=1
1	1.099273	0.107320	9.000000
2	1.144166	0.087900	4.500000
5	1.182607	0.080900	2.000000
10	1.228498	0.077090	1.200000
20	1.285317	0.073830	1.100000
50	1.385618	0.070480	0.880000
100	1.525031	0.066540	0.650000

check_k=2
1	1.075891	0.103720	11.000000
2	1.111760	0.102300	6.000000
5	1.155098	0.089850	3.200000
10	1.180435	0.087820	2.100000
20	1.220224	0.088750	1.800000
50	1.296103	0.091790	1.460000
100	1.362564	0.095170	1.150000

check_k=4
1	1.061110	0.166100	11.000000
2	1.086857	0.163560	6.500000
5	1.120228	0.162830	3.800000
10	1.141435	0.163950	2.700000
20	1.166889	0.165470	2.500000
50	1.224177	0.168070	2.180000
100	1.273770	0.172690	1.760000

check_k=8
1	1.047944	0.310190	14.000000
2	1.073208	0.307910	9.000000
5	1.091785	0.304820	5.600000
10	1.113039	0.303970	4.200000
20	1.131908	0.304120	3.750000
50	1.175825	0.306480	3.220000
100	1.210470	0.315870	2.760000

check_k=16
1	1.036139	0.593630	19.000000
2	1.060029	0.584420	11.500000
5	1.076165	0.578230	8.600000
10	1.090305	0.579110	6.700000
20	1.105437	0.580650	6.300000
50	1.128052	0.579970	5.460000
100	1.158621	0.588600	4.780000

check_k=32
1	1.027008	1.147820	21.000000
2	1.040489	1.245780	17.500000
5	1.053832	1.146030	14.200000
10	1.065038	1.147950	11.700000
20	1.082749	1.148560	10.300000
50	1.098373	1.154900	8.560000
100	1.119595	1.164070	7.700000

check_k=64
1	1.017126	2.219250	25.000000
2	1.031468	2.210920	22.500000
5	1.039267	2.314360	18.799999
10	1.048796	2.213090	16.799999
20	1.064652	2.215280	14.550000
50	1.074869	2.226500	12.740000
100	1.090339	2.251890	11.490000

check_k=128
1	1.012986	4.426690	32.000000
2	1.024074	4.336790	28.000000
5	1.030078	4.315001	24.400000
10	1.038794	4.439260	21.700001
20	1.047707	4.322600	19.450001
50	1.062982	4.344260	17.540001
100	1.067943	4.445310	16.049999

check_k=256
1	1.004402	8.517119	41.000000
2	1.018910	8.583360	35.500000
5	1.021551	8.590650	33.400002
10	1.026984	8.498000	30.500000
20	1.030079	8.580530	28.450001
50	1.044440	8.615009	25.840000
100	1.047909	8.509601	23.910000

check_k=512
1	1.000000	16.733740	54.000000
2	1.006533	16.657330	53.000000
5	1.013422	16.611969	48.400002
10	1.016106	16.746729	45.099998
20	1.018368	16.649950	43.400002
50	1.023032	16.316271	40.439999
100	1.028601	16.342531	38.360001

lcsb  r=0.660000, L=128
Indexing Time: 60.481209 Seconds

Estimated Memory Usage: 1580253184 Bytes

check_k=1
1	1.071180	0.206110	10.000000
2	1.107842	0.163160	6.500000
5	1.134806	0.153580	3.600000
10	1.169426	0.143460	2.400000
20	1.213698	0.125600	2.000000
50	1.286160	0.128340	1.440000
100	1.361578	0.134730	1.310000

check_k=2
1	1.055004	0.204310	11.000000
2	1.089816	0.205530	7.000000
5	1.104001	0.200970	4.800000
10	1.136302	0.201440	4.000000
20	1.163771	0.202350	3.250000
50	1.217904	0.205400	2.360000
100	1.271950	0.211160	2.040000

check_k=4
1	1.045132	0.345810	14.000000
2	1.068057	0.343510	10.000000
5	1.086907	0.342510	7.000000
10	1.103487	0.342440	6.100000
20	1.130501	0.345810	4.800000
50	1.173694	0.346840	3.860000
100	1.204051	0.354070	3.320000

check_k=8
1	1.033125	0.645350	17.000000
2	1.050390	0.657630	14.000000
5	1.067799	0.651910	10.600000
10	1.082206	0.653660	9.200000
20	1.097001	0.656010	7.250000
50	1.122027	0.657370	6.320000
100	1.150935	0.667130	5.440000

check_k=16
1	1.022791	1.182400	26.000000
2	1.032659	1.181360	20.000000
5	1.048360	1.331960	16.600000
10	1.060778	1.191390	15.100000
20	1.071376	1.199000	12.350000
50	1.091812	1.192760	10.400000
100	1.109604	1.202340	9.000000

check_k=32
1	1.013793	2.240020	34.000000
2	1.025738	2.234700	27.000000
5	1.034837	2.231260	22.600000
10	1.041579	2.380590	21.100000
20	1.053616	2.244140	18.350000
50	1.068920	2.242000	16.020000
100	1.083030	2.261250	14.100000

check_k=64
1	1.009890	4.281190	39.000000
2	1.019763	4.450410	32.000000
5	1.025034	4.287610	27.600000
10	1.029485	4.295710	27.299999
20	1.037854	4.464010	25.200001
50	1.048617	4.297520	22.520000
100	1.058873	4.307100	20.290001

check_k=128
1	1.002592	8.515620	46.000000
2	1.014909	8.351220	38.000000
5	1.018432	8.497570	35.799999
10	1.020590	8.517090	35.000000
20	1.026091	8.375461	33.799999
50	1.033971	8.545300	31.240000
100	1.041514	8.369790	28.410000

check_k=256
1	1.000000	16.552059	60.000000
2	1.006831	16.403311	53.500000
5	1.010662	16.389429	50.799999
10	1.014840	16.409029	48.900002
20	1.016077	16.468481	47.200001
50	1.021956	16.565430	44.619999
100	1.026092	16.438671	40.900002

check_k=512
1	1.000000	31.469841	74.000000
2	1.000000	31.473810	71.500000
5	1.004639	31.432301	67.800003
10	1.005904	31.611099	65.900002
20	1.008353	31.574080	64.449997
50	1.010664	31.463110	61.619999
100	1.013543	31.473539	58.720001

lcsb  r=0.660000, L=256
Indexing Time: 122.377296 Seconds

Estimated Memory Usage: 3116572672 Bytes

check_k=1
1	1.060193	1.115550	13.000000
2	1.082754	0.372180	8.000000
5	1.104001	0.338180	6.800000
10	1.126576	0.337570	4.700000
20	1.150268	0.329980	3.700000
50	1.211865	0.332810	2.800000
100	1.268436	0.339650	2.460000

check_k=2
1	1.043790	0.662150	16.000000
2	1.060003	0.507490	10.500000
5	1.081176	0.496510	9.000000
10	1.097373	0.500030	7.400000
20	1.118134	0.515550	6.150000
50	1.159309	0.507100	4.760000
100	1.196525	0.511210	4.010000

check_k=4
1	1.029893	1.155470	19.000000
2	1.040759	0.982690	13.500000
5	1.062471	0.886070	12.400000
10	1.076416	0.845400	11.100000
20	1.085088	0.840050	9.500000
50	1.118758	0.862300	7.360000
100	1.143026	0.863680	6.380000

check_k=8
1	1.023760	1.588520	24.000000
2	1.031960	1.500430	19.000000
5	1.043517	1.507550	17.400000
10	1.056251	1.497510	15.500000
20	1.068839	1.490130	13.950000
50	1.087213	1.490110	11.800000
100	1.102565	1.506420	10.210000

check_k=16
1	1.014242	2.726980	30.000000
2	1.024258	2.871130	27.500000
5	1.032299	2.755950	24.000000
10	1.038702	2.708220	22.299999
20	1.045594	2.691080	20.799999
50	1.061548	2.725720	18.360001
100	1.075552	2.711720	16.469999

check_k=32
1	1.007477	5.177150	39.000000
2	1.016812	5.204960	36.500000
5	1.022457	5.040781	33.799999
10	1.024384	5.027860	33.099998
20	1.030331	5.451790	30.400000
50	1.041157	5.090610	27.719999
100	1.050881	5.079660	25.170000

check_k=64
1	1.002731	9.660030	45.000000
2	1.009972	16.205761	43.000000
5	1.014684	13.911860	43.200001
10	1.017807	13.177441	42.400002
20	1.020730	12.586209	40.450001
50	1.029179	12.196850	37.660000
100	1.033391	11.794961	34.700001

check_k=128
1	1.000000	22.304539	52.000000
2	1.005316	20.394529	52.000000
5	1.008109	17.586790	54.599998
10	1.010490	17.286430	55.799999
20	1.013305	17.473841	53.799999
50	1.017262	17.395060	50.619999
100	1.021900	17.363611	47.040001

check_k=256
1	1.000000	33.405602	72.000000
2	1.001005	33.106560	70.500000
5	1.002912	33.065258	71.599998
10	1.006217	32.216068	70.400002
20	1.006832	32.072109	68.650002
50	1.009798	32.196159	66.540001
100	1.012257	32.490780	63.060001

check_k=512
1	1.000000	60.755020	90.000000
2	1.000000	61.295956	87.500000
5	1.000000	60.918339	87.199997
10	1.000789	60.704445	85.800003
20	1.001487	60.760059	84.199997
50	1.002848	60.704456	83.099998
100	1.004213	60.864227	81.059998

lcsb  r=0.660000, L=512
Indexing Time: 246.048264 Seconds

Estimated Memory Usage: 6189211648 Bytes

check_k=1
1	1.033463	1.055630	17.000000
2	1.055560	0.679960	13.000000
5	1.080198	0.628640	10.000000
10	1.098497	0.625880	8.800000
20	1.115871	0.635240	7.050000
50	1.151330	0.631640	5.380000
100	1.188230	0.633950	4.510000

check_k=2
1	1.024621	1.029800	24.000000
2	1.039481	0.917370	19.000000
5	1.058330	0.918680	14.600000
10	1.074640	0.919470	13.500000
20	1.087762	0.916260	10.900000
50	1.112791	0.919090	9.080000
100	1.136629	0.930530	7.740000

check_k=4
1	1.019132	1.528270	28.000000
2	1.030115	1.504180	25.500000
5	1.038416	1.513630	20.400000
10	1.054694	1.511900	19.000000
20	1.065111	1.520720	15.750000
50	1.086538	1.514600	13.640000
100	1.104200	1.525190	12.130000

check_k=8
1	1.013463	2.563860	34.000000
2	1.020727	2.547720	32.500000
5	1.026983	2.548810	28.600000
10	1.035792	2.546590	26.900000
20	1.045395	2.556680	23.400000
50	1.059251	2.555380	20.459999
100	1.074910	2.566190	18.360001

check_k=16
1	1.006093	4.624600	43.000000
2	1.014012	4.540090	40.000000
5	1.020001	4.525790	36.799999
10	1.024565	4.536810	36.299999
20	1.029993	4.531100	33.099998
50	1.038366	4.638020	29.920000
100	1.047228	4.550940	27.400000

check_k=32
1	1.000000	8.455219	55.000000
2	1.008175	8.445650	48.500000
5	1.013170	8.528379	47.200001
10	1.016773	8.446949	48.000000
20	1.018026	8.453839	44.500000
50	1.024954	8.461780	41.580002
100	1.031008	8.480520	38.970001

check_k=64
1	1.000000	16.007320	66.000000
2	1.003587	15.942610	61.000000
5	1.007429	16.034790	59.799999
10	1.009520	16.005489	60.099998
20	1.011338	15.926209	56.650002
50	1.014690	15.929270	54.700001
100	1.019288	16.042099	52.360001

check_k=128
1	1.000000	30.310841	83.000000
2	1.000000	30.284861	77.000000
5	1.002509	30.200190	74.599998
10	1.003551	30.389090	74.199997
20	1.005789	30.286518	71.099998
50	1.007948	30.210180	69.180000
100	1.009994	30.317978	66.910004

check_k=256
1	1.000000	56.334301	90.000000
2	1.000000	56.322498	87.000000
5	1.000000	56.236851	87.800003
10	1.000159	56.396606	87.099998
20	1.001609	56.233578	85.349998
50	1.002807	56.356747	83.839996
100	1.004048	56.369617	82.110001

check_k=512
1	1.000000	98.562897	97.000000
2	1.000000	98.535194	97.000000
5	1.000000	98.504684	96.000000
10	1.000000	98.534119	95.699997
20	1.000000	98.523087	95.300003
50	1.000345	98.543571	94.620003
100	1.000624	98.540146	93.949997

