lcsb  r=0.660000, L=8
Indexing Time: 3.163419 Seconds

Estimated Memory Usage: 139984896 Bytes

check_k=1
1	1.089624	0.006730	9.000000
2	1.098256	0.004150	9.000000
5	1.115802	0.003550	9.000000
10	1.129505	0.003380	9.000000
20	31622.777344	0.003310	6.300000
50	31622.777344	0.003240	2.520000
100	31622.777344	0.003140	1.260000

check_k=2
1	1.071624	0.005850	9.000000
2	1.088124	0.005100	9.000000
5	1.093356	0.004980	9.000000
10	1.113040	0.005760	9.000000
20	1.119974	0.005850	9.000000
50	31622.777344	0.006100	5.400000
100	31622.777344	0.004920	2.700000

check_k=4
1	1.063970	0.010340	13.000000
2	1.068267	0.009260	11.000000
5	1.083214	0.009910	9.800000
10	1.086602	0.010440	9.400000
20	1.100170	0.009950	9.600000
50	1.109571	0.009520	9.320000
100	31622.777344	0.010560	5.740000

check_k=8
1	1.063970	0.023250	13.000000
2	1.063948	0.021080	11.000000
5	1.075814	0.017730	9.800000
10	1.077464	0.017600	9.400000
20	1.084083	0.017140	9.600000
50	1.096012	0.017130	9.500000
100	1.104288	0.018200	9.250000

check_k=16
1	1.063154	0.043630	13.000000
2	1.060829	0.035890	11.000000
5	1.068877	0.032550	9.800000
10	1.071193	0.032710	9.400000
20	1.072434	0.033110	9.600000
50	1.076322	0.035220	9.500000
100	1.087906	0.041680	9.250000

check_k=32
1	1.060086	0.091240	13.000000
2	1.057910	0.081180	11.000000
5	1.062402	0.078950	9.800000
10	1.057987	0.079060	9.400000
20	1.067163	0.079480	9.600000
50	1.067885	0.082540	9.580000
100	1.075666	0.089340	9.330000

check_k=64
1	1.038686	0.205750	13.000000
2	1.044277	0.207260	11.500000
5	1.055196	0.206880	10.000000
10	1.054522	0.209900	9.600000
20	1.059038	0.211330	9.700000
50	1.062241	0.217630	10.020000
100	1.067220	0.218460	9.930000

check_k=128
1	1.035714	0.426810	13.000000
2	1.039588	0.426350	11.500000
5	1.048607	0.426580	10.000000
10	1.047904	0.427150	9.600000
20	1.050554	0.507710	9.850000
50	1.053738	0.431740	10.200000
100	1.055827	0.447710	10.050000

check_k=256
1	1.030760	0.879130	13.000000
2	1.030314	0.869520	11.500000
5	1.040273	0.874860	10.000000
10	1.042091	0.871300	9.800000
20	1.044637	0.870260	10.400000
50	1.046760	0.884990	10.900000
100	1.047505	0.884390	10.630000

check_k=512
1	1.025518	1.882150	14.000000
2	1.029261	1.935360	12.000000
5	1.035424	1.970390	12.200000
10	1.033929	1.913860	10.900000
20	1.034113	1.885640	11.150000
50	1.037907	1.919350	11.500000
100	1.041017	1.911970	11.730000

lcsb  r=0.660000, L=16
Indexing Time: 6.666098 Seconds

Estimated Memory Usage: 236044288 Bytes

check_k=1
1	1.083248	0.012370	9.000000
2	1.092635	0.009240	9.000000
5	1.107855	0.007800	9.000000
10	1.118755	0.006750	9.000000
20	1.124770	0.005410	9.000000
50	31622.777344	0.005430	5.220000
100	31622.777344	0.005490	2.610000

check_k=2
1	1.080712	0.010990	9.000000
2	1.081973	0.009950	9.000000
5	1.096673	0.010340	9.000000
10	1.103696	0.009250	9.000000
20	1.103119	0.008930	9.000000
50	1.117103	0.009500	9.000000
100	31622.777344	0.009470	5.040000

check_k=4
1	1.077698	0.020410	9.000000
2	1.071084	0.018680	9.000000
5	1.084877	0.017030	9.000000
10	1.090070	0.018140	9.000000
20	1.091403	0.018350	9.000000
50	1.094431	0.019520	9.000000
100	1.108016	0.021200	9.000000

check_k=8
1	1.058696	0.045710	9.000000
2	1.068061	0.038050	9.000000
5	1.071486	0.037830	9.000000
10	1.080400	0.034200	9.000000
20	1.080426	0.034680	9.000000
50	1.085942	0.036700	9.080000
100	1.087591	0.040120	9.130000

check_k=16
1	1.058696	0.093850	9.000000
2	1.056165	0.084970	9.000000
5	1.066397	0.082770	9.000000
10	1.060884	0.082440	9.000000
20	1.068262	0.083740	9.000000
50	1.074316	0.086470	9.080000
100	1.077180	0.091280	9.160000

check_k=32
1	1.050312	0.215300	9.000000
2	1.052283	0.211430	9.000000
5	1.054466	0.210030	11.200000
10	1.055581	0.210410	10.100000
20	1.056224	0.210590	9.550000
50	1.062234	0.213960	9.360000
100	1.068539	0.220770	9.300000

check_k=64
1	1.038477	0.435490	9.000000
2	1.043574	0.470310	9.500000
5	1.041428	0.440180	11.400000
10	1.049316	0.432180	10.200000
20	1.050090	0.433880	9.600000
50	1.053024	0.434850	9.880000
100	1.058331	0.443080	10.170000

check_k=128
1	1.034346	0.877720	9.000000
2	1.034921	0.880160	9.500000
5	1.038655	0.965710	12.000000
10	1.037767	0.876890	10.600000
20	1.041986	0.878550	10.000000
50	1.045645	0.883350	10.280000
100	1.047373	0.915310	10.510000

check_k=256
1	1.025151	1.913770	9.000000
2	1.023491	1.901470	14.000000
5	1.029898	1.906910	18.200001
10	1.033107	1.929870	14.000000
20	1.034583	1.983930	13.400000
50	1.036897	1.949250	12.420000
100	1.040132	1.919420	12.210000

check_k=512
1	1.014784	4.724540	18.000000
2	1.018196	4.761680	18.500000
5	1.021544	4.711170	20.000000
10	1.026782	4.785990	15.000000
20	1.029902	4.850640	14.950000
50	1.029072	4.760400	13.520000
100	1.031882	4.872810	13.900000

lcsb  r=0.660000, L=32
Indexing Time: 14.214169 Seconds

Estimated Memory Usage: 428023808 Bytes

check_k=1
1	1.068528	0.026540	9.000000
2	1.075443	0.018400	9.000000
5	1.099002	0.016080	9.000000
10	1.108593	0.011720	9.000000
20	1.107377	0.010930	9.400000
50	1.118493	0.011550	9.160000
100	31622.777344	0.011410	5.480000

check_k=2
1	1.062178	0.022960	9.000000
2	1.071555	0.018260	9.000000
5	1.083455	0.018310	9.000000
10	1.093385	0.018480	9.000000
20	1.091898	0.019000	9.400000
50	1.096277	0.020290	9.160000
100	1.107738	0.021590	9.080000

check_k=4
1	1.062178	0.045620	9.000000
2	1.062845	0.039680	9.000000
5	1.067994	0.039880	9.000000
10	1.070250	0.038310	9.000000
20	1.077710	0.038880	9.400000
50	1.086586	0.041040	9.160000
100	1.087891	0.044540	9.090000

check_k=8
1	1.050325	0.098790	13.000000
2	1.056285	0.092180	11.000000
5	1.061920	0.090320	9.800000
10	1.064830	0.090340	9.500000
20	1.067863	0.090970	9.650000
50	1.075176	0.094160	9.340000
100	1.076769	0.099250	9.270000

check_k=16
1	1.040042	0.215190	13.000000
2	1.050226	0.217530	11.000000
5	1.055185	0.216880	9.800000
10	1.055323	0.217590	9.600000
20	1.057347	0.232360	10.250000
50	1.060940	0.240710	9.640000
100	1.066241	0.233360	9.480000

check_k=32
1	1.038686	0.436490	13.000000
2	1.041917	0.437240	11.000000
5	1.042400	0.437470	9.800000
10	1.048840	0.437740	9.700000
20	1.046907	0.449100	10.300000
50	1.051231	0.448250	10.020000
100	1.056840	0.449100	9.730000

check_k=64
1	1.038686	0.877240	13.000000
2	1.033958	0.886990	11.500000
5	1.036987	0.990870	10.400000
10	1.040849	0.906610	10.000000
20	1.041763	0.916550	10.500000
50	1.040910	0.906080	10.600000
100	1.047373	0.924700	10.430000

check_k=128
1	1.034346	1.929560	13.000000
2	1.027254	1.961630	12.000000
5	1.029679	1.890140	13.200000
10	1.030771	1.912820	11.400000
20	1.036174	2.048240	11.750000
50	1.034921	1.949900	12.040000
100	1.039911	1.941050	11.770000

check_k=256
1	1.024389	4.797040	18.000000
2	1.023243	4.935120	19.000000
5	1.024850	4.808560	17.600000
10	1.026871	4.887320	14.300000
20	1.026485	4.990960	14.550000
50	1.030625	4.852820	14.920000
100	1.030455	4.987630	13.940000

check_k=512
1	1.008847	11.338270	19.000000
2	1.018460	11.177341	28.000000
5	1.018859	11.296789	21.400000
10	1.020875	11.213290	18.200001
20	1.023727	11.241380	18.799999
50	1.023236	11.387751	18.299999
100	1.023837	11.293240	17.860001

lcsb  r=0.660000, L=64
Indexing Time: 29.978086 Seconds

Estimated Memory Usage: 812122112 Bytes

check_k=1
1	1.069649	0.054280	9.000000
2	1.072044	0.036360	9.000000
5	1.077319	0.027150	9.000000
10	1.099362	0.026700	9.000000
20	1.095876	0.026940	9.000000
50	1.094531	0.028760	9.000000
100	1.106797	0.029550	9.110000

check_k=2
1	1.059631	0.056220	13.000000
2	1.070376	0.050710	11.000000
5	1.069861	0.049910	9.800000
10	1.068741	0.050890	9.400000
20	1.077745	0.050690	9.350000
50	1.086647	0.052740	9.140000
100	1.088239	0.056330	9.200000

check_k=4
1	1.054606	0.115180	13.000000
2	1.064905	0.117270	11.000000
5	1.063842	0.109330	9.800000
10	1.062806	0.108480	9.500000
20	1.064924	0.109870	9.800000
50	1.074266	0.111190	9.320000
100	1.078785	0.116150	9.310000

check_k=8
1	1.043803	0.242200	13.000000
2	1.051795	0.234840	11.000000
5	1.054463	0.236420	9.800000
10	1.056195	0.236810	9.600000
20	1.055655	0.241120	9.950000
50	1.061818	0.242620	9.560000
100	1.069237	0.248900	9.430000

check_k=16
1	1.038686	0.455700	13.000000
2	1.040972	0.468340	11.000000
5	1.047846	0.453880	10.000000
10	1.051469	0.585600	9.700000
20	1.048414	0.456620	10.600000
50	1.050538	0.459730	10.000000
100	1.057344	0.469380	9.650000

check_k=32
1	1.037169	0.921350	13.000000
2	1.034948	0.916400	11.500000
5	1.036805	0.913610	10.200000
10	1.040155	0.917750	10.700000
20	1.042260	0.922860	11.500000
50	1.042497	0.920670	11.040000
100	1.046977	0.928760	10.520000

check_k=64
1	1.037131	1.922320	13.000000
2	1.029261	1.913970	11.500000
5	1.032197	2.037580	10.400000
10	1.033277	1.923330	10.800000
20	1.033625	1.931740	11.750000
50	1.036901	1.932560	11.840000
100	1.039495	1.963600	11.400000

check_k=128
1	1.026500	4.773840	13.000000
2	1.024611	4.881290	17.000000
5	1.027280	4.743330	13.400000
10	1.027505	4.753360	12.500000
20	1.027572	4.884490	13.400000
50	1.029709	4.759880	13.680000
100	1.031027	4.766510	13.500000

check_k=256
1	1.022278	11.063930	13.000000
2	1.018808	11.037670	24.000000
5	1.017818	11.049520	20.200001
10	1.018834	11.062120	17.799999
20	1.021958	10.921530	20.150000
50	1.023636	11.076781	19.340000
100	1.024483	11.074329	18.350000

check_k=512
1	1.008332	21.618860	20.000000
2	1.013537	21.414021	30.500000
5	1.013880	21.560549	32.200001
10	1.013658	21.372480	25.799999
20	1.015424	21.549379	27.549999
50	1.017856	21.384922	25.299999
100	1.018182	21.575262	25.219999

lcsb  r=0.660000, L=128
Indexing Time: 61.631817 Seconds

Estimated Memory Usage: 1580314624 Bytes

check_k=1
1	1.058522	0.137290	9.000000
2	1.062265	0.090970	9.000000
5	1.062889	0.083700	9.000000
10	1.066223	0.077070	9.000000
20	1.071449	0.077580	9.150000
50	1.086078	0.080360	9.060000
100	1.086913	0.082680	9.070000

check_k=2
1	1.053661	0.157060	13.000000
2	1.061481	0.149060	11.000000
5	1.059735	0.144510	9.800000
10	1.062341	0.143030	9.400000
20	1.060350	0.143170	9.350000
50	1.070022	0.145250	9.140000
100	1.078203	0.150780	9.180000

check_k=4
1	1.053661	0.276670	13.000000
2	1.049991	0.267360	11.000000
5	1.053624	0.267030	9.800000
10	1.054982	0.265680	9.400000
20	1.052714	0.266370	9.350000
50	1.059529	0.270720	9.160000
100	1.064484	0.277990	9.210000

check_k=8
1	1.041208	0.487710	13.000000
2	1.042886	0.494940	11.000000
5	1.045898	0.489930	10.200000
10	1.043786	0.490850	10.000000
20	1.045806	0.496000	9.750000
50	1.048985	0.496860	9.380000
100	1.054054	0.505190	9.370000

check_k=16
1	1.028703	0.952990	13.000000
2	1.028938	0.952930	16.500000
5	1.038000	0.962790	12.400000
10	1.037104	0.954250	11.100000
20	1.038630	0.954480	11.400000
50	1.045244	0.961760	10.640000
100	1.045854	0.967960	10.180000

check_k=32
1	1.028226	1.982800	13.000000
2	1.026890	1.974130	16.500000
5	1.029539	1.971070	12.400000
10	1.031035	2.138040	12.600000
20	1.032977	1.986220	12.350000
50	1.036202	1.991160	12.000000
100	1.037722	2.005690	11.730000

check_k=64
1	1.016208	4.832700	22.000000
2	1.021589	4.889210	21.500000
5	1.023354	4.829700	15.800000
10	1.025652	5.032140	15.500000
20	1.027378	4.845330	14.500000
50	1.030430	4.867230	14.160000
100	1.030856	4.876630	13.810000

check_k=128
1	1.009013	11.185350	22.000000
2	1.016611	11.084979	27.000000
5	1.019554	11.198041	22.200001
10	1.019683	11.052851	19.900000
20	1.020859	11.198669	19.799999
50	1.022937	11.056991	19.240000
100	1.024483	11.241949	18.150000

check_k=256
1	1.008847	21.486479	28.000000
2	1.010512	21.502720	40.000000
5	1.012666	21.564470	32.000000
10	1.013713	21.520630	32.799999
20	1.014237	21.526661	30.950001
50	1.016544	21.528721	27.900000
100	1.017669	21.581299	26.549999

check_k=512
1	1.001178	41.167412	48.000000
2	1.002986	41.077690	53.000000
5	1.008186	41.179901	48.000000
10	1.008583	41.130638	44.000000
20	1.009463	40.937958	42.250000
50	1.010417	41.250591	39.599998
100	1.011608	41.247738	38.820000

lcsb  r=0.660000, L=256
Indexing Time: 127.104752 Seconds

Estimated Memory Usage: 3116699648 Bytes

check_k=1
1	1.041075	0.322660	9.000000
2	1.052971	0.215860	9.000000
5	1.057111	0.206500	9.000000
10	1.058871	0.219540	9.100000
20	1.062794	0.212160	9.600000
50	1.070278	0.216330	9.320000
100	1.076768	0.222110	9.290000

check_k=2
1	1.040704	0.363820	16.000000
2	1.040635	0.329120	12.500000
5	1.048360	0.330860	10.600000
10	1.048671	0.331220	9.900000
20	1.051823	0.332520	10.150000
50	1.059860	0.335900	9.620000
100	1.063888	0.343240	9.790000

check_k=4
1	1.035851	0.558160	16.000000
2	1.035200	0.558560	12.500000
5	1.043444	0.558660	10.600000
10	1.046062	0.558430	9.900000
20	1.045664	0.729990	10.650000
50	1.049210	0.561580	10.520000
100	1.053553	0.573580	10.310000

check_k=8
1	1.031281	1.031500	20.000000
2	1.025177	1.044660	14.500000
5	1.034756	1.026270	11.400000
10	1.033152	1.027000	11.200000
20	1.040677	1.019750	12.450000
50	1.042737	1.048810	11.840000
100	1.044553	1.042760	11.370000

check_k=16
1	1.019822	2.065420	20.000000
2	1.024380	2.067710	15.500000
5	1.027382	2.218950	14.600000
10	1.030695	2.073030	13.700000
20	1.033738	2.067580	14.200000
50	1.035038	2.073990	13.600000
100	1.037467	2.098100	12.700000

check_k=32
1	1.017675	4.996200	20.000000
2	1.020291	5.173240	15.500000
5	1.023245	4.994360	14.800000
10	1.025742	5.000270	14.400000
20	1.026819	5.117260	15.150000
50	1.029196	5.013820	15.600000
100	1.031083	5.170539	14.870000

check_k=64
1	1.008847	11.164490	29.000000
2	1.014041	11.362011	26.000000
5	1.018407	11.410330	21.600000
10	1.019061	11.322741	18.000000
20	1.021159	11.386321	18.650000
50	1.022877	11.218670	18.980000
100	1.023641	11.389111	19.219999

check_k=128
1	1.008847	21.919590	29.000000
2	1.006950	21.825129	26.500000
5	1.014358	21.918180	25.799999
10	1.013756	21.734341	22.500000
20	1.014489	21.856539	25.299999
50	1.016484	21.759460	26.059999
100	1.017811	21.875490	26.389999

check_k=256
1	1.001484	41.518520	47.000000
2	1.004814	41.494781	46.000000
5	1.010409	41.518276	39.799999
10	1.007716	41.486412	38.000000
20	1.009262	41.697411	40.549999
50	1.010479	41.591591	39.139999
100	1.011969	41.579071	39.299999

check_k=512
1	1.000000	78.291405	63.000000
2	1.002986	78.200531	59.500000
5	1.003440	78.379265	58.400002
10	1.004651	78.181549	56.700001
20	1.006071	78.080231	57.299999
50	1.005490	78.315331	56.020000
100	1.006097	78.244972	55.930000

lcsb  r=0.660000, L=512
Indexing Time: 257.968872 Seconds

Estimated Memory Usage: 6189469696 Bytes

check_k=1
1	1.036199	0.549650	9.000000
2	1.040106	0.452430	9.000000
5	1.051044	0.452300	9.200000
10	1.051920	0.453240	9.300000
20	1.052155	0.461710	9.850000
50	1.062234	0.458750	10.020000
100	1.064798	0.466790	9.950000

check_k=2
1	1.033442	0.687830	9.000000
2	1.034618	0.690050	9.000000
5	1.040412	0.694770	9.200000
10	1.045164	0.687410	9.300000
20	1.046183	0.688270	10.150000
50	1.048530	0.693990	10.460000
100	1.053589	0.698350	10.190000

check_k=4
1	1.033442	1.171310	9.000000
2	1.033194	1.173540	9.000000
5	1.036510	1.219280	9.200000
10	1.036978	1.178150	9.300000
20	1.039027	1.167690	10.550000
50	1.043645	1.180610	11.080000
100	1.044647	1.187050	10.850000

check_k=8
1	1.031281	2.222830	17.000000
2	1.030038	2.279300	15.000000
5	1.029627	2.239490	11.800000
10	1.030712	2.234790	10.600000
20	1.036875	2.229950	11.500000
50	1.033229	2.239000	11.940000
100	1.037794	2.358150	12.300000

check_k=16
1	1.017229	5.256189	17.000000
2	1.024380	5.270680	20.000000
5	1.024324	5.439980	16.200001
10	1.025667	5.266520	13.700000
20	1.026330	5.294770	14.750000
50	1.027777	5.259090	14.220000
100	1.028977	5.296140	14.610000

check_k=32
1	1.012558	11.708740	20.000000
2	1.016438	11.715811	23.500000
5	1.020871	11.628731	22.400000
10	1.019717	11.581540	20.400000
20	1.020311	11.682679	20.299999
50	1.023006	11.715091	18.760000
100	1.022990	11.593850	18.730000

check_k=64
1	1.008847	22.088650	32.000000
2	1.009073	21.962358	38.000000
5	1.013837	21.946690	28.400000
10	1.014704	22.188810	31.500000
20	1.013584	22.004099	29.299999
50	1.016431	22.126118	26.820000
100	1.017013	22.044739	26.430000

check_k=128
1	1.008847	41.789917	35.000000
2	1.006567	41.727310	40.000000
5	1.008817	41.613560	41.200001
10	1.009193	41.655781	40.299999
20	1.009886	41.710728	39.700001
50	1.011183	41.635609	38.099998
100	1.011599	41.798283	37.610001

check_k=256
1	1.000000	77.911995	67.000000
2	1.000249	78.149597	65.000000
5	1.004394	77.679993	66.800003
10	1.004908	77.891693	63.700001
20	1.005003	78.031784	62.599998
50	1.005187	77.105881	56.939999
100	1.006076	77.419098	56.470001

check_k=512
1	1.000000	136.461182	71.000000
2	1.000000	136.081757	78.500000
5	1.001717	140.411118	81.599998
10	1.001978	136.118149	80.699997
20	1.002139	135.229828	80.900002
50	1.002356	135.920349	76.879997
100	1.002615	135.898972	75.139999

