lcsb  r=0.660000, L=8
Indexing Time: 3.032347 Seconds

Estimated Memory Usage: 139984896 Bytes

check_k=1
1	1.326409	0.020990	0.000000
2	1.354229	0.015200	0.000000
5	1.381027	0.011200	0.000000
10	1.491196	0.005290	0.000000
20	31622.777344	0.004770	0.050000
50	31622.777344	0.004760	0.020000
100	31622.777344	0.004530	0.010000

check_k=2
1	1.284462	0.009840	0.000000
2	1.293932	0.006310	0.000000
5	1.318934	0.006120	0.000000
10	1.349868	0.006350	0.000000
20	1.460661	0.006760	0.050000
50	31622.777344	0.008280	0.040000
100	31622.777344	0.007880	0.040000

check_k=4
1	1.242951	0.017110	1.000000
2	1.249564	0.012710	0.500000
5	1.269916	0.012230	0.200000
10	1.288555	0.010780	0.100000
20	1.333049	0.011070	0.150000
50	1.573095	0.014850	0.100000
100	31622.777344	0.013650	0.080000

check_k=8
1	1.211536	0.035080	2.000000
2	1.226925	0.029930	1.000000
5	1.235817	0.027360	0.600000
10	1.242842	0.026020	0.400000
20	1.269147	0.026270	0.350000
50	1.337227	0.029940	0.200000
100	1.545693	0.031260	0.150000

check_k=16
1	1.186186	0.071970	2.000000
2	1.188118	0.073980	1.000000
5	1.198356	0.073740	0.800000
10	1.208811	0.073490	0.500000
20	1.223810	0.072390	0.500000
50	1.261065	0.073850	0.380000
100	1.315695	0.081370	0.270000

check_k=32
1	1.161090	0.144550	2.000000
2	1.165284	0.144730	1.500000
5	1.171903	0.145730	1.400000
10	1.179070	0.143510	1.100000
20	1.188550	0.144130	0.900000
50	1.212842	0.147430	0.640000
100	1.245937	0.155120	0.450000

check_k=64
1	1.154749	0.284900	2.000000
2	1.146263	0.285720	1.500000
5	1.147942	0.287350	1.600000
10	1.152640	0.301030	1.300000
20	1.164570	0.277610	1.050000
50	1.177604	0.269750	0.840000
100	1.196686	0.275220	0.730000

check_k=128
1	1.139218	0.542330	3.000000
2	1.129433	0.553760	2.000000
5	1.133377	0.555120	2.200000
10	1.133380	0.559050	1.700000
20	1.141166	0.558580	1.350000
50	1.157468	0.573180	1.300000
100	1.165703	0.586250	1.120000

check_k=256
1	1.123363	1.201040	3.000000
2	1.118808	1.123350	3.500000
5	1.113124	1.130650	3.000000
10	1.113892	1.113670	2.300000
20	1.119488	1.142480	2.000000
50	1.131233	1.140250	1.980000
100	1.143858	1.194840	1.720000

check_k=512
1	1.096471	2.289630	6.000000
2	1.093379	2.339530	6.000000
5	1.093820	2.336990	5.400000
10	1.094213	2.296010	4.600000
20	1.101486	2.287650	3.750000
50	1.107625	2.293080	3.280000
100	1.113697	2.366980	2.830000

lcsb  r=0.660000, L=16
Indexing Time: 6.346307 Seconds

Estimated Memory Usage: 236040192 Bytes

check_k=1
1	1.274715	0.043130	0.000000
2	1.280034	0.035170	0.000000
5	1.307088	0.027200	0.000000
10	1.353684	0.014870	0.200000
20	1.454098	0.013230	0.150000
50	31622.777344	0.013730	0.060000
100	31622.777344	0.012790	0.030000

check_k=2
1	1.258978	0.024560	0.000000
2	1.260023	0.022800	0.000000
5	1.264182	0.021010	0.000000
10	1.276624	0.019600	0.200000
20	1.324892	0.020400	0.150000
50	1.499270	0.020630	0.060000
100	31622.777344	0.021720	0.040000

check_k=4
1	1.223441	0.043820	1.000000
2	1.214402	0.040400	1.000000
5	1.222554	0.040170	0.400000
10	1.242919	0.040080	0.400000
20	1.269147	0.038410	0.350000
50	1.324767	0.040680	0.180000
100	1.493728	0.041340	0.120000

check_k=8
1	1.186186	0.080250	2.000000
2	1.190740	0.079350	1.500000
5	1.189243	0.078240	1.000000
10	1.196611	0.079200	0.800000
20	1.220736	0.078590	0.750000
50	1.255431	0.085120	0.380000
100	1.300300	0.084680	0.270000

check_k=16
1	1.159235	0.153650	3.000000
2	1.166206	0.159100	2.000000
5	1.164986	0.155610	1.400000
10	1.169861	0.156660	1.100000
20	1.183783	0.153590	1.100000
50	1.205965	0.159340	0.640000
100	1.238163	0.161990	0.460000

check_k=32
1	1.147060	0.298220	3.000000
2	1.150179	0.297890	2.000000
5	1.144290	0.295530	1.600000
10	1.147728	0.293280	1.500000
20	1.152465	0.300600	1.500000
50	1.174349	0.297930	0.940000
100	1.192178	0.308450	0.750000

check_k=64
1	1.120342	0.585760	4.000000
2	1.129559	0.593450	2.500000
5	1.125103	0.589110	2.400000
10	1.124990	0.590330	2.400000
20	1.135180	0.591670	2.550000
50	1.145965	0.646370	1.560000
100	1.160389	0.600750	1.240000

check_k=128
1	1.096500	1.134890	5.000000
2	1.103989	1.117770	3.500000
5	1.109952	1.123660	3.400000
10	1.109691	1.123630	3.000000
20	1.112833	1.128740	3.250000
50	1.121841	1.163580	2.380000
100	1.133973	1.185080	1.980000

check_k=256
1	1.087485	2.246780	6.000000
2	1.091699	2.366630	6.000000
5	1.093735	2.220070	4.600000
10	1.093163	2.195490	4.300000
20	1.097707	2.200950	4.750000
50	1.106807	2.190580	3.580000
100	1.111696	2.289510	3.010000

check_k=512
1	1.067481	4.307780	10.000000
2	1.074735	4.423200	9.000000
5	1.075651	4.409030	8.000000
10	1.077834	4.396770	7.300000
20	1.083477	4.445770	7.500000
50	1.085319	4.447840	6.040000
100	1.089721	4.501710	5.110000

lcsb  r=0.660000, L=32
Indexing Time: 13.719315 Seconds

Estimated Memory Usage: 428011520 Bytes

check_k=1
1	1.237670	0.086050	0.000000
2	1.243107	0.074490	0.000000
5	1.272713	0.068130	0.000000
10	1.281851	0.059400	0.200000
20	1.332418	0.053430	0.250000
50	1.543506	0.044710	0.140000
100	31622.777344	0.039690	0.110000

check_k=2
1	1.218237	0.059780	0.000000
2	1.220016	0.057800	0.000000
5	1.222205	0.055440	0.000000
10	1.242806	0.051850	0.200000
20	1.268532	0.050300	0.250000
50	1.327510	0.051900	0.180000
100	1.529438	0.052800	0.140000

check_k=4
1	1.191238	0.095190	1.000000
2	1.185181	0.098220	1.000000
5	1.185393	0.102040	0.400000
10	1.199155	0.103770	0.500000
20	1.224992	0.105830	0.700000
50	1.261158	0.110220	0.400000
100	1.303174	0.113430	0.290000

check_k=8
1	1.164277	0.188480	5.000000
2	1.171424	0.192120	3.000000
5	1.167535	0.196960	1.400000
10	1.170282	0.192440	1.200000
20	1.185140	0.258400	1.150000
50	1.212266	0.189340	0.700000
100	1.237747	0.191890	0.570000

check_k=16
1	1.134313	0.332190	6.000000
2	1.139358	0.342160	3.500000
5	1.143157	0.342730	2.000000
10	1.142216	0.343230	1.900000
20	1.151461	0.342600	1.750000
50	1.169872	0.338520	1.140000
100	1.191993	0.343730	0.990000

check_k=32
1	1.117231	0.617050	8.000000
2	1.127946	0.610030	5.000000
5	1.117841	0.611610	3.400000
10	1.119885	0.618830	3.000000
20	1.132870	0.633930	2.650000
50	1.139863	0.634900	1.760000
100	1.155081	0.647190	1.490000

check_k=64
1	1.090693	1.177920	8.000000
2	1.097571	1.192410	6.000000
5	1.102579	1.177880	4.600000
10	1.101672	1.260700	4.500000
20	1.109454	1.182160	4.150000
50	1.120404	1.201960	3.000000
100	1.128990	1.226960	2.550000

check_k=128
1	1.083507	2.382770	10.000000
2	1.084378	2.355130	7.000000
5	1.088922	2.363420	5.800000
10	1.087489	2.274950	5.600000
20	1.094034	2.277500	5.450000
50	1.100021	2.267320	4.360000
100	1.105445	2.327780	3.860000

check_k=256
1	1.065497	4.603280	10.000000
2	1.071270	4.506030	9.500000
5	1.072880	4.579790	7.800000
10	1.075019	4.516980	7.400000
20	1.079511	4.570200	7.450000
50	1.085033	4.606950	6.400000
100	1.088898	4.522730	5.730000

check_k=512
1	1.052232	8.997270	18.000000
2	1.059301	9.053770	15.500000
5	1.052608	9.040071	12.800000
10	1.055900	9.025990	12.200000
20	1.063036	8.986279	12.850000
50	1.063754	9.055240	10.740000
100	1.068933	9.052799	9.770000

lcsb  r=0.660000, L=64
Indexing Time: 28.493114 Seconds

Estimated Memory Usage: 812089344 Bytes

check_k=1
1	1.211555	0.157060	0.000000
2	1.210738	0.133170	0.000000
5	1.221043	0.121870	0.200000
10	1.239632	0.123930	0.500000
20	1.262287	0.111780	0.300000
50	1.322313	0.109790	0.200000
100	1.500294	0.111140	0.140000

check_k=2
1	1.191928	0.147250	0.000000
2	1.184206	0.144920	0.000000
5	1.188715	0.143980	0.200000
10	1.195137	0.146320	0.500000
20	1.216437	0.156110	0.450000
50	1.256293	0.159290	0.360000
100	1.299602	0.165620	0.260000

check_k=4
1	1.173321	0.239450	2.000000
2	1.163538	0.254690	1.500000
5	1.162362	0.246140	0.800000
10	1.169143	0.239680	1.000000
20	1.181931	0.241400	0.850000
50	1.210842	0.238590	0.620000
100	1.237951	0.239360	0.470000

check_k=8
1	1.132128	0.380760	6.000000
2	1.137418	0.386140	3.500000
5	1.131381	0.387790	2.000000
10	1.139576	0.397900	1.900000
20	1.151747	0.406950	1.650000
50	1.168600	0.414520	1.220000
100	1.189985	0.404370	0.900000

check_k=16
1	1.118866	0.675150	6.000000
2	1.124566	0.766940	4.500000
5	1.116444	0.681220	3.200000
10	1.118902	0.670920	2.900000
20	1.123558	0.672150	2.500000
50	1.138940	0.677630	2.040000
100	1.150238	0.679330	1.780000

check_k=32
1	1.098345	1.215570	11.000000
2	1.098999	1.230550	8.500000
5	1.093535	1.223980	5.800000
10	1.096016	1.240430	5.300000
20	1.101480	1.221170	4.300000
50	1.112419	1.228090	3.460000
100	1.125028	1.235040	3.080000

check_k=64
1	1.072645	2.398940	13.000000
2	1.076057	2.324150	10.500000
5	1.075387	2.380960	7.800000
10	1.075638	2.325220	7.600000
20	1.084148	2.337930	6.850000
50	1.092094	2.430920	5.600000
100	1.098841	2.350790	5.190000

check_k=128
1	1.060763	4.497530	14.000000
2	1.070257	4.508930	11.000000
5	1.064455	4.620430	11.600000
10	1.063315	4.499640	10.500000
20	1.067492	4.600090	10.150000
50	1.075373	4.503300	8.520000
100	1.079345	4.534250	7.840000

check_k=256
1	1.049178	8.838490	18.000000
2	1.053942	8.880620	16.500000
5	1.051130	8.744960	17.200001
10	1.051866	8.883090	15.400000
20	1.057291	8.870630	14.500000
50	1.060837	8.771460	12.500000
100	1.064590	8.854330	11.560000

check_k=512
1	1.021513	17.414141	28.000000
2	1.036571	17.279991	26.500000
5	1.036054	17.279421	26.000000
10	1.037406	17.335129	25.799999
20	1.040331	17.268820	24.750000
50	1.042725	17.255539	21.180000
100	1.046911	17.552000	19.750000

lcsb  r=0.660000, L=128
Indexing Time: 57.119823 Seconds

Estimated Memory Usage: 1580249088 Bytes

check_k=1
1	1.183240	0.303340	0.000000
2	1.179856	0.252530	0.500000
5	1.182822	0.241250	0.200000
10	1.194930	0.217140	0.300000
20	1.213921	0.220310	0.400000
50	1.247944	0.229460	0.360000
100	1.296314	0.227290	0.260000

check_k=2
1	1.148848	0.294770	0.000000
2	1.155044	0.287490	1.000000
5	1.152637	0.289580	0.600000
10	1.166311	0.285740	1.100000
20	1.173945	0.286810	1.050000
50	1.202424	0.288360	0.740000
100	1.230781	0.294130	0.510000

check_k=4
1	1.126880	0.435500	3.000000
2	1.133013	0.435140	2.500000
5	1.131924	0.432050	1.400000
10	1.137419	0.431890	1.600000
20	1.149547	0.437820	1.650000
50	1.165395	0.445050	1.220000
100	1.187394	0.449390	0.970000

check_k=8
1	1.105475	0.732250	8.000000
2	1.107633	0.734020	6.000000
5	1.108043	0.754720	4.000000
10	1.111644	0.724720	3.800000
20	1.120752	0.721080	3.600000
50	1.134650	0.732670	2.500000
100	1.146772	0.745990	2.010000

check_k=16
1	1.080037	1.450060	11.000000
2	1.090056	1.317650	9.500000
5	1.090412	1.315100	6.000000
10	1.092584	1.322740	5.900000
20	1.098724	1.336530	5.600000
50	1.105734	1.353020	4.240000
100	1.115993	1.334910	3.710000

check_k=32
1	1.071699	2.411840	14.000000
2	1.070398	2.567170	12.000000
5	1.069778	2.452100	8.400000
10	1.074801	2.418230	8.500000
20	1.078887	2.413520	8.500000
50	1.085649	2.447720	6.640000
100	1.095034	2.504770	6.080000

check_k=64
1	1.057098	4.755460	18.000000
2	1.058261	4.576530	14.500000
5	1.055719	4.593800	12.000000
10	1.059723	4.712550	12.100000
20	1.064778	4.571280	12.300000
50	1.066742	4.574010	10.180000
100	1.072261	4.751930	9.590000

check_k=128
1	1.050639	8.866779	20.000000
2	1.048947	9.027450	17.000000
5	1.041303	8.982310	17.200001
10	1.044874	8.849870	17.000000
20	1.048842	9.012700	17.200001
50	1.053139	9.041950	15.600000
100	1.056645	8.836950	14.560000

check_k=256
1	1.023594	17.326071	29.000000
2	1.038732	17.476820	25.500000
5	1.034720	17.287741	26.200001
10	1.035936	17.346251	25.700001
20	1.037849	17.311640	25.500000
50	1.040227	17.508760	22.980000
100	1.043556	17.377680	21.459999

check_k=512
1	1.004304	33.278278	45.000000
2	1.014693	34.063549	46.000000
5	1.021913	34.116070	43.599998
10	1.019590	34.236969	42.700001
20	1.024198	34.169971	41.349998
50	1.025558	34.263798	37.360001
100	1.028507	34.165218	35.880001

lcsb  r=0.660000, L=256
Indexing Time: 120.618942 Seconds

Estimated Memory Usage: 3116568576 Bytes

check_k=1
1	1.158737	0.668340	1.000000
2	1.159331	0.571830	1.500000
5	1.162005	0.579020	1.200000
10	1.166883	0.552280	1.000000
20	1.180479	0.550230	0.650000
50	1.202462	0.550140	0.560000
100	1.234220	0.561080	0.470000

check_k=2
1	1.139320	0.751430	2.000000
2	1.132555	0.745440	2.000000
5	1.133158	0.721660	1.800000
10	1.137854	0.745290	1.600000
20	1.148205	0.732430	1.000000
50	1.164291	0.722340	1.020000
100	1.183910	0.741110	0.890000

check_k=4
1	1.118759	1.045030	5.000000
2	1.111651	1.130810	4.000000
5	1.106929	1.038990	3.200000
10	1.112593	1.031000	2.700000
20	1.120432	1.030390	2.300000
50	1.132999	1.078350	2.160000
100	1.147889	1.062230	1.930000

check_k=8
1	1.085597	1.622510	10.000000
2	1.097959	1.634140	8.500000
5	1.088161	1.640060	7.400000
10	1.087446	1.635330	5.400000
20	1.095234	1.857300	4.500000
50	1.106367	1.667620	4.120000
100	1.115268	1.656280	3.730000

check_k=16
1	1.061988	2.811400	17.000000
2	1.064703	2.799940	14.500000
5	1.067241	2.820190	11.600000
10	1.068843	2.884890	9.200000
20	1.075341	2.805670	8.100000
50	1.082936	2.836230	7.300000
100	1.089473	2.821800	6.640000

check_k=32
1	1.048224	5.295220	22.000000
2	1.050082	5.120300	20.500000
5	1.054655	5.100820	17.000000
10	1.053100	5.193910	13.700000
20	1.058061	5.088700	12.950000
50	1.063560	5.316940	12.060000
100	1.067891	5.085240	11.310000

check_k=64
1	1.026688	9.659440	32.000000
2	1.039694	9.760260	30.000000
5	1.037526	9.484990	24.000000
10	1.040314	9.617360	20.600000
20	1.043089	9.724070	20.350000
50	1.046710	9.564260	18.680000
100	1.050945	9.661630	17.700001

check_k=128
1	1.014440	18.422989	37.000000
2	1.027121	18.337429	36.500000
5	1.030421	18.323240	33.000000
10	1.027995	18.372561	30.200001
20	1.031718	18.316370	29.700001
50	1.034529	18.249821	27.600000
100	1.037816	18.307440	26.219999

check_k=256
1	1.002419	34.794830	48.000000
2	1.019469	35.058270	45.500000
5	1.021734	34.958878	43.599998
10	1.018634	34.858120	41.500000
20	1.021850	34.932880	41.099998
50	1.024896	34.866470	39.080002
100	1.026830	35.225410	37.240002

check_k=512
1	1.000000	66.122490	66.000000
2	1.001034	65.858559	68.000000
5	1.007477	66.276932	64.800003
10	1.009933	66.156433	63.700001
20	1.010281	65.966591	61.950001
50	1.013457	65.005516	59.959999
100	1.014876	65.154945	57.520000

lcsb  r=0.660000, L=512
Indexing Time: 261.300049 Seconds

Estimated Memory Usage: 6189207552 Bytes

check_k=1
1	1.139445	2.967760	3.000000
2	1.139597	1.225440	4.000000
5	1.134363	1.173780	2.800000
10	1.141744	1.169900	2.200000
20	1.149697	1.170550	1.700000
50	1.172244	1.180780	1.260000
100	1.185819	1.355630	1.000000

check_k=2
1	1.110484	1.720360	4.000000
2	1.114048	1.514450	4.500000
5	1.108198	1.522950	4.000000
10	1.110957	1.508720	3.800000
20	1.119454	1.512990	2.750000
50	1.135360	1.505280	2.320000
100	1.148177	1.533740	1.890000

check_k=4
1	1.080282	2.292810	11.000000
2	1.086177	2.178500	9.000000
5	1.079321	2.692070	7.400000
10	1.084349	2.287270	6.500000
20	1.095765	2.161280	5.000000
50	1.109391	2.165200	4.620000
100	1.116686	2.175840	4.080000

check_k=8
1	1.049754	3.469550	20.000000
2	1.059380	3.446130	17.500000
5	1.062984	3.458420	15.000000
10	1.064856	3.521080	11.900000
20	1.073296	3.814900	9.950000
50	1.082295	3.608900	8.600000
100	1.089713	3.507610	7.510000

check_k=16
1	1.025766	5.825710	33.000000
2	1.046453	5.812390	28.000000
5	1.048200	5.823480	22.799999
10	1.046721	5.991601	18.500000
20	1.053350	5.815830	16.200001
50	1.060466	5.813650	14.260000
100	1.065362	5.862680	13.070000

check_k=32
1	1.005844	10.525270	45.000000
2	1.025685	10.378300	39.500000
5	1.035884	10.512910	32.599998
10	1.033916	10.460820	28.100000
20	1.037161	10.499840	24.950001
50	1.042980	10.427199	22.620001
100	1.047488	10.470570	21.100000

check_k=64
1	1.000000	19.342140	55.000000
2	1.016656	19.518181	52.000000
5	1.020363	19.305170	44.200001
10	1.022595	19.243170	40.099998
20	1.027850	19.281780	37.200001
50	1.030002	19.226219	34.060001
100	1.033072	19.351521	32.029999

check_k=128
1	1.000000	36.312027	64.000000
2	1.004928	36.352680	64.500000
5	1.013199	36.353508	56.799999
10	1.014337	35.791771	54.099998
20	1.017887	34.047729	51.549999
50	1.019669	34.140873	47.919998
100	1.021738	34.066319	45.470001

check_k=256
1	1.000000	63.413540	78.000000
2	1.000000	63.086010	78.000000
5	1.005630	63.363590	72.400002
10	1.007393	64.228615	70.500000
20	1.009223	64.372528	67.699997
50	1.011466	64.419609	63.400002
100	1.013206	64.552040	60.939999

check_k=512
1	1.000000	113.786194	93.000000
2	1.000000	111.553329	94.500000
5	1.000000	111.598045	90.000000
10	1.001834	111.445755	88.300003
20	1.003169	111.357491	85.949997
50	1.004421	111.643204	83.120003
100	1.005240	111.486549	81.400002

