lcsb  r=0.660000, L=8
Indexing Time: 3.435713 Seconds

Estimated Memory Usage: 139984896 Bytes

check_k=1
1	1.326409	0.614150	0.000000
2	1.354229	0.025680	0.000000
5	1.381027	0.008830	0.000000
10	1.491196	0.004940	0.000000
20	31622.777344	0.004720	0.050000
50	31622.777344	0.004600	0.020000
100	31622.777344	0.004370	0.010000

check_k=2
1	1.284462	0.073850	0.000000
2	1.293932	0.012650	0.000000
5	1.318934	0.006260	0.000000
10	1.349868	0.006400	0.000000
20	1.460661	0.006510	0.050000
50	31622.777344	0.006560	0.040000
100	31622.777344	0.006440	0.040000

check_k=4
1	1.242951	0.103100	1.000000
2	1.249564	0.029980	0.500000
5	1.269916	0.028050	0.200000
10	1.288555	0.027490	0.100000
20	1.333049	0.027260	0.150000
50	1.573095	0.027240	0.100000
100	31622.777344	0.027540	0.080000

check_k=8
1	1.211536	0.186570	2.000000
2	1.226925	0.085740	1.000000
5	1.235817	0.086540	0.600000
10	1.242842	0.079920	0.400000
20	1.269147	0.078620	0.350000
50	1.337227	0.075700	0.200000
100	1.545693	0.069450	0.150000

check_k=16
1	1.186186	0.405020	2.000000
2	1.188118	0.211720	1.000000
5	1.198356	0.198370	0.800000
10	1.208811	0.197450	0.500000
20	1.223810	0.182960	0.500000
50	1.261065	0.182980	0.380000
100	1.315695	0.149120	0.270000

check_k=32
1	1.161090	0.448680	2.000000
2	1.165284	0.236510	1.500000
5	1.171903	0.219040	1.400000
10	1.179070	0.237100	1.100000
20	1.188550	0.252540	0.900000
50	1.212842	0.228920	0.640000
100	1.245937	0.242300	0.450000

check_k=64
1	1.154749	0.741390	2.000000
2	1.146263	0.430380	1.500000
5	1.147942	0.405400	1.600000
10	1.152640	0.388330	1.300000
20	1.164570	0.377030	1.050000
50	1.177604	0.372320	0.840000
100	1.196686	0.374720	0.730000

check_k=128
1	1.139218	1.035360	3.000000
2	1.129433	0.799520	2.000000
5	1.133377	0.861090	2.200000
10	1.133380	0.833160	1.700000
20	1.141166	0.816970	1.350000
50	1.157468	0.866810	1.300000
100	1.165703	0.841040	1.120000

check_k=256
1	1.123363	3.342080	3.000000
2	1.118808	1.627480	3.500000
5	1.113124	1.314530	3.000000
10	1.113892	1.278510	2.300000
20	1.119488	1.271060	2.000000
50	1.131233	1.254110	1.980000
100	1.143858	1.217800	1.720000

check_k=512
1	1.096471	2.551580	6.000000
2	1.093379	2.573240	6.000000
5	1.093820	2.508870	5.400000
10	1.094213	2.389190	4.600000
20	1.101486	3.467250	3.750000
50	1.107625	2.422920	3.280000
100	1.113697	2.316290	2.830000

lcsb  r=0.660000, L=16
Indexing Time: 6.589430 Seconds

Estimated Memory Usage: 236040192 Bytes

check_k=1
1	1.274715	0.064470	0.000000
2	1.280034	0.036150	0.000000
5	1.307088	0.024780	0.000000
10	1.353684	0.013070	0.200000
20	1.454098	0.012350	0.150000
50	31622.777344	0.012320	0.060000
100	31622.777344	0.012120	0.030000

check_k=2
1	1.258978	0.040720	0.000000
2	1.260023	0.021370	0.000000
5	1.264182	0.019090	0.000000
10	1.276624	0.019050	0.200000
20	1.324892	0.019210	0.150000
50	1.499270	0.020290	0.060000
100	31622.777344	0.020290	0.040000

check_k=4
1	1.223441	0.079670	1.000000
2	1.214402	0.039110	1.000000
5	1.222554	0.037180	0.400000
10	1.242919	0.039110	0.400000
20	1.269147	0.038710	0.350000
50	1.324767	0.039620	0.180000
100	1.493728	0.041610	0.120000

check_k=8
1	1.186186	0.139650	2.000000
2	1.190740	0.087880	1.500000
5	1.189243	0.085510	1.000000
10	1.196611	0.084850	0.800000
20	1.220736	0.086690	0.750000
50	1.255431	0.091880	0.380000
100	1.300300	0.097880	0.270000

check_k=16
1	1.159235	0.273520	3.000000
2	1.166206	0.184740	2.000000
5	1.164986	0.188020	1.400000
10	1.169861	0.188000	1.100000
20	1.183783	0.187610	1.100000
50	1.205965	0.190960	0.640000
100	1.238163	0.196210	0.460000

check_k=32
1	1.147060	0.496510	3.000000
2	1.150179	0.354900	2.000000
5	1.144290	0.361650	1.600000
10	1.147728	0.356660	1.500000
20	1.152465	0.354110	1.500000
50	1.174349	0.362980	0.940000
100	1.192178	0.376250	0.750000

check_k=64
1	1.120342	0.877620	4.000000
2	1.129559	0.709710	2.500000
5	1.125103	0.710260	2.400000
10	1.124990	0.706060	2.400000
20	1.135180	0.707030	2.550000
50	1.145965	0.699230	1.560000
100	1.160389	0.690550	1.240000

check_k=128
1	1.096500	1.307290	5.000000
2	1.103989	1.179040	3.500000
5	1.109952	1.187070	3.400000
10	1.109691	1.220870	3.000000
20	1.112833	1.219470	3.250000
50	1.121841	1.195820	2.380000
100	1.133973	1.181100	1.980000

check_k=256
1	1.087485	2.359680	6.000000
2	1.091699	2.368030	6.000000
5	1.093735	2.401540	4.600000
10	1.093163	2.369050	4.300000
20	1.097707	2.335890	4.750000
50	1.106807	2.385910	3.580000
100	1.111696	2.394400	3.010000

check_k=512
1	1.067481	4.996530	10.000000
2	1.074735	5.051260	9.000000
5	1.075651	4.795650	8.000000
10	1.077834	4.722760	7.300000
20	1.083477	4.542520	7.500000
50	1.085319	4.677120	6.040000
100	1.089721	4.596700	5.110000

lcsb  r=0.660000, L=32
Indexing Time: 12.780786 Seconds

Estimated Memory Usage: 428011520 Bytes

check_k=1
1	1.237670	0.564970	0.000000
2	1.243107	0.072220	0.000000
5	1.272713	0.062490	0.000000
10	1.281851	0.040100	0.200000
20	1.332418	0.033010	0.250000
50	1.543506	0.029280	0.140000
100	31622.777344	0.027140	0.110000

check_k=2
1	1.218237	0.403160	0.000000
2	1.220016	0.071850	0.000000
5	1.222205	0.066230	0.000000
10	1.242806	0.062260	0.200000
20	1.268532	0.060240	0.250000
50	1.327510	0.059890	0.180000
100	1.529438	0.060040	0.140000

check_k=4
1	1.191238	0.700910	1.000000
2	1.185181	0.102690	1.000000
5	1.185393	0.094650	0.400000
10	1.199155	0.090770	0.500000
20	1.224992	0.089390	0.700000
50	1.261158	0.090830	0.400000
100	1.303174	0.093620	0.290000

check_k=8
1	1.164277	1.192180	5.000000
2	1.171424	0.186440	3.000000
5	1.167535	0.170430	1.400000
10	1.170282	0.165720	1.200000
20	1.185140	0.162820	1.150000
50	1.212266	0.165500	0.700000
100	1.237747	0.168590	0.570000

check_k=16
1	1.134313	1.674360	6.000000
2	1.139358	0.317500	3.500000
5	1.143157	0.301120	2.000000
10	1.142216	0.298450	1.900000
20	1.151461	0.295980	1.750000
50	1.169872	0.297870	1.140000
100	1.191993	0.301320	0.990000

check_k=32
1	1.117231	2.105970	8.000000
2	1.127946	0.577420	5.000000
5	1.117841	0.559270	3.400000
10	1.119885	0.553930	3.000000
20	1.132870	0.557040	2.650000
50	1.139863	0.561350	1.760000
100	1.155081	0.570480	1.490000

check_k=64
1	1.090693	2.023440	8.000000
2	1.097571	1.088760	6.000000
5	1.102579	1.081870	4.600000
10	1.101672	1.083830	4.500000
20	1.109454	1.078150	4.150000
50	1.120404	1.082480	3.000000
100	1.128990	1.087860	2.550000

check_k=128
1	1.083507	2.334170	10.000000
2	1.084378	2.120300	7.000000
5	1.088922	2.119980	5.800000
10	1.087489	2.144780	5.600000
20	1.094034	2.110700	5.450000
50	1.100021	2.145520	4.360000
100	1.105445	2.123520	3.860000

check_k=256
1	1.065497	4.191450	10.000000
2	1.071270	4.206140	9.500000
5	1.072880	4.160660	7.800000
10	1.075019	4.180910	7.400000
20	1.079511	4.195610	7.450000
50	1.085033	4.199430	6.400000
100	1.088898	4.153600	5.730000

check_k=512
1	1.052232	8.251580	18.000000
2	1.059301	8.208710	15.500000
5	1.052608	8.199450	12.800000
10	1.055900	8.219690	12.200000
20	1.063036	8.215410	12.850000
50	1.063754	8.251530	10.740000
100	1.068933	8.258080	9.770000

lcsb  r=0.660000, L=64
Indexing Time: 26.624117 Seconds

Estimated Memory Usage: 812089344 Bytes

check_k=1
1	1.211555	0.973020	0.000000
2	1.210738	0.142750	0.000000
5	1.221043	0.127550	0.200000
10	1.239632	0.118100	0.500000
20	1.262287	0.116280	0.300000
50	1.322313	0.112880	0.200000
100	1.500294	0.095170	0.140000

check_k=2
1	1.191928	0.770930	0.000000
2	1.184206	0.145440	0.000000
5	1.188715	0.135620	0.200000
10	1.195137	0.131800	0.500000
20	1.216437	0.130950	0.450000
50	1.256293	0.132650	0.360000
100	1.299602	0.135800	0.260000

check_k=4
1	1.173321	1.291910	2.000000
2	1.163538	0.235120	1.500000
5	1.162362	0.217260	0.800000
10	1.169143	0.209680	1.000000
20	1.181931	0.207840	0.850000
50	1.210842	0.213680	0.620000
100	1.237951	0.216320	0.470000

check_k=8
1	1.132128	1.873910	6.000000
2	1.137418	0.379290	3.500000
5	1.131381	0.355170	2.000000
10	1.139576	0.348490	1.900000
20	1.151747	0.347730	1.650000
50	1.168600	0.359550	1.220000
100	1.189985	0.364050	0.900000

check_k=16
1	1.118866	2.172320	6.000000
2	1.124566	0.647450	4.500000
5	1.116444	0.634720	3.200000
10	1.118902	0.624380	2.900000
20	1.123558	0.630880	2.500000
50	1.138940	0.626750	2.040000
100	1.150238	0.636030	1.780000

check_k=32
1	1.098345	2.061200	11.000000
2	1.098999	1.182480	8.500000
5	1.093535	1.185530	5.800000
10	1.096016	1.182470	5.300000
20	1.101480	1.168560	4.300000
50	1.112419	1.183050	3.460000
100	1.125028	1.183370	3.080000

check_k=64
1	1.072645	2.431310	13.000000
2	1.076057	2.265750	10.500000
5	1.075387	2.238440	7.800000
10	1.075638	2.246610	7.600000
20	1.084148	2.223660	6.850000
50	1.092094	2.274160	5.600000
100	1.098841	2.274060	5.190000

check_k=128
1	1.060763	4.385580	14.000000
2	1.070257	4.387440	11.000000
5	1.064455	4.408980	11.600000
10	1.063315	4.378180	10.500000
20	1.067492	4.425240	10.150000
50	1.075373	4.405920	8.520000
100	1.079345	4.439360	7.840000

check_k=256
1	1.049178	8.595449	18.000000
2	1.053942	8.682060	16.500000
5	1.051130	8.662170	17.200001
10	1.051866	8.721980	15.400000
20	1.057291	8.719860	14.500000
50	1.060837	8.762390	12.500000
100	1.064590	8.748700	11.560000

check_k=512
1	1.021513	16.970779	28.000000
2	1.036571	16.998720	26.500000
5	1.036054	16.998140	26.000000
10	1.037406	17.042030	25.799999
20	1.040331	17.000059	24.750000
50	1.042725	16.969671	21.180000
100	1.046911	16.990370	19.750000

lcsb  r=0.660000, L=128
Indexing Time: 56.168476 Seconds

Estimated Memory Usage: 1580249088 Bytes

check_k=1
1	1.183240	1.506280	0.000000
2	1.179856	0.298500	0.500000
5	1.182822	0.263430	0.200000
10	1.194930	0.257020	0.300000
20	1.213921	0.224740	0.400000
50	1.247944	0.232160	0.360000
100	1.296314	0.228630	0.260000

check_k=2
1	1.148848	1.265230	0.000000
2	1.155044	0.337400	1.000000
5	1.152637	0.309160	0.600000
10	1.166311	0.301480	1.100000
20	1.173945	0.300300	1.050000
50	1.202424	0.299810	0.740000
100	1.230781	0.302410	0.510000

check_k=4
1	1.126880	1.877860	3.000000
2	1.133013	0.475070	2.500000
5	1.131924	0.451440	1.400000
10	1.137419	0.445570	1.600000
20	1.149547	0.443270	1.650000
50	1.165395	0.440440	1.220000
100	1.187394	0.447070	0.970000

check_k=8
1	1.105475	1.872340	8.000000
2	1.107633	0.758910	6.000000
5	1.108043	0.740480	4.000000
10	1.111644	0.731980	3.800000
20	1.120752	0.736150	3.600000
50	1.134650	0.736380	2.500000
100	1.146772	0.744430	2.010000

check_k=16
1	1.080037	2.132080	11.000000
2	1.090056	1.303450	9.500000
5	1.090412	1.285100	6.000000
10	1.092584	1.288510	5.900000
20	1.098724	1.306040	5.600000
50	1.105734	1.307720	4.240000
100	1.115993	1.312270	3.710000

check_k=32
1	1.071699	2.598440	14.000000
2	1.070398	2.388190	12.000000
5	1.069778	2.378570	8.400000
10	1.074801	2.419450	8.500000
20	1.078887	2.402510	8.500000
50	1.085649	2.403800	6.640000
100	1.095034	2.411830	6.080000

check_k=64
1	1.057098	4.552180	18.000000
2	1.058261	4.556920	14.500000
5	1.055719	4.536140	12.000000
10	1.059723	4.558990	12.100000
20	1.064778	4.532850	12.300000
50	1.066742	4.576890	10.180000
100	1.072261	4.553580	9.590000

check_k=128
1	1.050639	8.762680	20.000000
2	1.048947	8.753890	17.000000
5	1.041303	8.767320	17.200001
10	1.044874	8.768140	17.000000
20	1.048842	8.751361	17.200001
50	1.053139	8.888690	15.600000
100	1.056645	8.764831	14.560000

check_k=256
1	1.023594	16.842310	29.000000
2	1.038732	16.852749	25.500000
5	1.034720	16.853001	26.200001
10	1.035936	17.038811	25.700001
20	1.037849	16.848021	25.500000
50	1.040227	16.894459	22.980000
100	1.043556	16.881121	21.459999

check_k=512
1	1.004304	31.915159	45.000000
2	1.014693	31.589170	46.000000
5	1.021913	31.988873	43.599998
10	1.019590	32.434349	42.700001
20	1.024198	32.218739	41.349998
50	1.025558	32.365318	37.360001
100	1.028507	32.014748	35.880001

lcsb  r=0.660000, L=256
Indexing Time: 122.295174 Seconds

Estimated Memory Usage: 3116568576 Bytes

check_k=1
1	1.158737	1.868090	1.000000
2	1.159331	0.584700	1.500000
5	1.162005	0.578050	1.200000
10	1.166883	0.587840	1.000000
20	1.180479	0.572020	0.650000
50	1.202462	0.575430	0.560000
100	1.234220	0.570090	0.470000

check_k=2
1	1.139320	1.505820	2.000000
2	1.132555	0.777230	2.000000
5	1.133158	0.774290	1.800000
10	1.137854	0.742450	1.600000
20	1.148205	0.748150	1.000000
50	1.164291	0.744080	1.020000
100	1.183910	0.750250	0.890000

check_k=4
1	1.118759	1.786000	5.000000
2	1.111651	1.065590	4.000000
5	1.106929	1.052110	3.200000
10	1.112593	1.084210	2.700000
20	1.120432	1.051380	2.300000
50	1.132999	1.067090	2.160000
100	1.147889	1.046350	1.930000

check_k=8
1	1.085597	2.127840	10.000000
2	1.097959	1.712050	8.500000
5	1.088161	1.722880	7.400000
10	1.087446	1.729340	5.400000
20	1.095234	1.671260	4.500000
50	1.106367	1.667750	4.120000
100	1.115268	1.696830	3.730000

check_k=16
1	1.061988	2.974280	17.000000
2	1.064703	2.879860	14.500000
5	1.067241	2.950540	11.600000
10	1.068843	2.924370	9.200000
20	1.075341	2.914350	8.100000
50	1.082936	2.923040	7.300000
100	1.089473	2.880030	6.640000

check_k=32
1	1.048224	5.223140	22.000000
2	1.050082	5.274760	20.500000
5	1.054655	5.256540	17.000000
10	1.053100	5.253570	13.700000
20	1.058061	5.283220	12.950000
50	1.063560	5.433200	12.060000
100	1.067891	5.348441	11.310000

check_k=64
1	1.026688	9.771960	32.000000
2	1.039694	9.738990	30.000000
5	1.037526	9.839520	24.000000
10	1.040314	9.742390	20.600000
20	1.043089	9.735290	20.350000
50	1.046710	9.789940	18.680000
100	1.050945	9.822060	17.700001

check_k=128
1	1.014440	18.502390	37.000000
2	1.027121	18.648079	36.500000
5	1.030421	18.666620	33.000000
10	1.027995	18.577360	30.200001
20	1.031718	18.493851	29.700001
50	1.034529	18.347460	27.600000
100	1.037816	18.319790	26.219999

check_k=256
1	1.002419	34.957932	48.000000
2	1.019469	34.998390	45.500000
5	1.021734	35.898697	43.599998
10	1.018634	36.464798	41.500000
20	1.021850	36.514080	41.099998
50	1.024896	36.359562	39.080002
100	1.026830	33.660770	37.240002

check_k=512
1	1.000000	59.891289	66.000000
2	1.001034	59.982891	68.000000
5	1.007477	59.931377	64.800003
10	1.009933	60.396488	63.700001
20	1.010281	60.337090	61.950001
50	1.013457	61.603653	59.959999
100	1.014876	62.717216	57.520000

lcsb  r=0.660000, L=512
Indexing Time: 260.027496 Seconds

Estimated Memory Usage: 6189207552 Bytes

check_k=1
1	1.139445	3.101840	3.000000
2	1.139597	1.258960	4.000000
5	1.134363	1.197610	2.800000
10	1.141744	1.176650	2.200000
20	1.149697	1.161410	1.700000
50	1.172244	1.168490	1.260000
100	1.185819	1.169610	1.000000

check_k=2
1	1.110484	2.229140	4.000000
2	1.114048	1.506240	4.500000
5	1.108198	1.480430	4.000000
10	1.110957	1.507840	3.800000
20	1.119454	1.495900	2.750000
50	1.135360	1.493420	2.320000
100	1.148177	1.542300	1.890000

check_k=4
1	1.080282	2.569710	11.000000
2	1.086177	2.267540	9.000000
5	1.079321	2.151460	7.400000
10	1.084349	2.147730	6.500000
20	1.095765	2.108760	5.000000
50	1.109391	2.133630	4.620000
100	1.116686	2.136040	4.080000

check_k=8
1	1.049754	3.541670	20.000000
2	1.059380	3.428550	17.500000
5	1.062984	3.400550	15.000000
10	1.064856	3.398480	11.900000
20	1.073296	3.560020	9.950000
50	1.082295	3.454800	8.600000
100	1.089713	3.475240	7.510000

check_k=16
1	1.025766	5.842410	33.000000
2	1.046453	5.803700	28.000000
5	1.048200	6.042600	22.799999
10	1.046721	5.804580	18.500000
20	1.053350	5.870810	16.200001
50	1.060466	5.913610	14.260000
100	1.065362	5.895620	13.070000

check_k=32
1	1.005844	10.481259	45.000000
2	1.025685	10.514430	39.500000
5	1.035884	10.617091	32.599998
10	1.033916	10.425880	28.100000
20	1.037161	10.704660	24.950001
50	1.042980	10.448030	22.620001
100	1.047488	10.590139	21.100000

check_k=64
1	1.000000	19.472349	55.000000
2	1.016656	19.265850	52.000000
5	1.020363	19.432720	44.200001
10	1.022595	19.458471	40.099998
20	1.027850	19.297331	37.200001
50	1.030002	19.556440	34.060001
100	1.033072	19.420321	32.029999

check_k=128
1	1.000000	36.430920	64.000000
2	1.004928	36.554188	64.500000
5	1.013199	36.319698	56.799999
10	1.014337	36.521271	54.099998
20	1.017887	36.408550	51.549999
50	1.019669	36.490810	47.919998
100	1.021738	36.399220	45.470001

check_k=256
1	1.000000	67.614403	78.000000
2	1.000000	67.664330	78.000000
5	1.005630	67.664474	72.400002
10	1.007393	61.111797	70.500000
20	1.009223	60.402012	67.699997
50	1.011466	60.129894	63.400002
100	1.013206	60.499821	60.939999

check_k=512
1	1.000000	104.373528	93.000000
2	1.000000	104.312950	94.500000
5	1.000000	104.269989	90.000000
10	1.001834	104.052422	88.300003
20	1.003169	103.752396	85.949997
50	1.004421	103.520294	83.120003
100	1.005240	103.606712	81.400002

