lcsb  r=0.660000, L=8
Indexing Time: 2.607979 Seconds

Estimated Memory Usage: 139976704 Bytes

check_k=1
1	1.168910	0.022260	0.000000
2	1.168835	0.016220	0.000000
5	1.169288	0.011480	0.000000
10	1.181447	0.005060	0.000000
20	31622.777344	0.004710	0.000000
50	31622.777344	0.005700	0.000000
100	31622.777344	0.005540	0.000000

check_k=2
1	1.147783	0.010310	0.000000
2	1.149607	0.006450	0.000000
5	1.154368	0.006340	0.200000
10	1.156324	0.006510	0.100000
20	1.169482	0.006710	0.050000
50	31622.777344	0.006720	0.020000
100	31622.777344	0.006970	0.010000

check_k=4
1	1.133954	0.015990	0.000000
2	1.130840	0.009850	0.000000
5	1.137709	0.009570	0.200000
10	1.140490	0.009670	0.100000
20	1.144892	0.010350	0.050000
50	1.168270	0.010990	0.040000
100	31622.777344	0.011170	0.020000

check_k=8
1	1.122458	0.028530	0.000000
2	1.124398	0.023660	0.000000
5	1.126248	0.021180	0.200000
10	1.124450	0.020620	0.100000
20	1.128238	0.021280	0.050000
50	1.137433	0.022980	0.060000
100	1.157468	0.024250	0.040000

check_k=16
1	1.112202	0.062040	0.000000
2	1.111781	0.051440	0.000000
5	1.110702	0.051120	0.200000
10	1.113456	0.051300	0.100000
20	1.111945	0.052240	0.050000
50	1.118379	0.054820	0.100000
100	1.127777	0.058210	0.080000

check_k=32
1	1.101777	0.120940	1.000000
2	1.101587	0.119230	0.500000
5	1.100515	0.119130	0.400000
10	1.099318	0.119290	0.300000
20	1.100447	0.119950	0.150000
50	1.103279	0.122970	0.200000
100	1.108944	0.128090	0.160000

check_k=64
1	1.090578	0.251530	1.000000
2	1.092489	0.247960	0.500000
5	1.089301	0.246570	0.400000
10	1.089777	0.246180	0.400000
20	1.088999	0.246390	0.250000
50	1.091294	0.249110	0.320000
100	1.094523	0.254980	0.270000

check_k=128
1	1.085199	0.504060	1.000000
2	1.082930	0.496510	0.500000
5	1.078306	0.492990	0.400000
10	1.076974	0.492370	0.600000
20	1.078796	0.492280	0.550000
50	1.080758	0.494660	0.520000
100	1.082278	0.502240	0.410000

check_k=256
1	1.076308	0.996630	3.000000
2	1.074543	0.992430	1.500000
5	1.070141	1.033910	0.800000
10	1.068577	0.983870	1.300000
20	1.067151	0.981770	1.000000
50	1.069154	0.986690	0.920000
100	1.070522	0.995860	0.730000

check_k=512
1	1.065086	1.981680	4.000000
2	1.064555	1.972140	2.500000
5	1.060245	2.015830	1.800000
10	1.058892	1.968090	2.000000
20	1.057933	1.966700	1.650000
50	1.057518	1.965370	1.560000
100	1.059790	1.970010	1.390000

lcsb  r=0.660000, L=16
Indexing Time: 5.480601 Seconds

Estimated Memory Usage: 236027904 Bytes

check_k=1
1	1.147774	0.043790	0.000000
2	1.149763	0.035220	0.000000
5	1.153180	0.020470	0.000000
10	1.155859	0.012580	0.000000
20	1.171510	0.011910	0.000000
50	31622.777344	0.011670	0.000000
100	31622.777344	0.011590	0.000000

check_k=2
1	1.137225	0.020940	0.000000
2	1.137821	0.016610	0.000000
5	1.135580	0.015240	0.200000
10	1.138709	0.015290	0.100000
20	1.146523	0.015710	0.050000
50	1.167093	0.016360	0.040000
100	31622.777344	0.016640	0.030000

check_k=4
1	1.122061	0.036390	0.000000
2	1.123344	0.033820	0.000000
5	1.122414	0.031440	0.200000
10	1.125320	0.029610	0.200000
20	1.128321	0.028150	0.150000
50	1.137529	0.029520	0.140000
100	1.157228	0.030460	0.080000

check_k=8
1	1.106659	0.071420	0.000000
2	1.110070	0.067760	0.000000
5	1.109069	0.058770	0.600000
10	1.109981	0.059900	0.400000
20	1.112785	0.061600	0.250000
50	1.118344	0.064540	0.180000
100	1.127147	0.068550	0.110000

check_k=16
1	1.097964	0.132270	0.000000
2	1.099408	0.133560	0.000000
5	1.098345	0.133740	0.600000
10	1.099540	0.132530	0.400000
20	1.100785	0.132690	0.250000
50	1.104061	0.136000	0.260000
100	1.108403	0.141300	0.200000

check_k=32
1	1.088965	0.266980	0.000000
2	1.087190	0.308420	0.000000
5	1.088739	0.262560	0.600000
10	1.089531	0.261590	0.400000
20	1.089927	0.261930	0.250000
50	1.091724	0.264520	0.320000
100	1.094750	0.273650	0.260000

check_k=64
1	1.082736	0.520800	0.000000
2	1.081257	0.515250	0.500000
5	1.080980	0.513290	0.800000
10	1.078301	0.512420	0.600000
20	1.078404	0.511550	0.400000
50	1.079825	0.514070	0.480000
100	1.081790	0.525880	0.410000

check_k=128
1	1.075002	1.019340	0.000000
2	1.075055	1.012010	0.500000
5	1.073252	1.007710	0.800000
10	1.069923	1.008290	0.900000
20	1.068166	1.007050	0.850000
50	1.069368	1.006580	0.900000
100	1.070339	1.060250	0.800000

check_k=256
1	1.062950	1.998940	4.000000
2	1.066320	1.996020	2.500000
5	1.059675	1.995870	1.800000
10	1.059373	1.999980	1.800000
20	1.058046	1.990560	1.500000
50	1.058092	2.039570	1.740000
100	1.058687	2.007270	1.580000

check_k=512
1	1.057139	3.966440	5.000000
2	1.051078	4.008210	3.500000
5	1.051330	3.958180	2.800000
10	1.050700	3.954270	2.800000
20	1.048546	3.997660	2.600000
50	1.048709	3.961100	2.840000
100	1.049006	3.972980	2.810000

lcsb  r=0.660000, L=32
Indexing Time: 11.858108 Seconds

Estimated Memory Usage: 427999232 Bytes

check_k=1
1	1.134699	0.084760	0.000000
2	1.133176	0.066950	0.000000
5	1.136224	0.048520	0.000000
10	1.140945	0.037620	0.000000
20	1.147130	0.033490	0.000000
50	1.168590	0.032150	0.020000
100	31622.777344	0.031110	0.010000

check_k=2
1	1.121169	0.051430	0.000000
2	1.118261	0.049110	0.000000
5	1.120251	0.047140	0.200000
10	1.125099	0.046630	0.100000
20	1.128844	0.046930	0.050000
50	1.137722	0.048730	0.040000
100	1.157161	0.049880	0.020000

check_k=4
1	1.111625	0.092760	0.000000
2	1.106632	0.080770	0.000000
5	1.107042	0.080560	0.200000
10	1.109454	0.081090	0.200000
20	1.112517	0.082320	0.200000
50	1.118046	0.085400	0.160000
100	1.126249	0.089360	0.090000

check_k=8
1	1.094446	0.153560	0.000000
2	1.097840	0.152220	0.000000
5	1.094630	0.152300	0.800000
10	1.096937	0.152870	0.600000
20	1.098181	0.154280	0.400000
50	1.103246	0.158670	0.300000
100	1.108055	0.166040	0.180000

check_k=16
1	1.090926	0.291160	1.000000
2	1.086226	0.288590	0.500000
5	1.086600	0.287150	1.000000
10	1.086133	0.287440	1.000000
20	1.087359	0.287950	0.650000
50	1.091208	0.291150	0.460000
100	1.093600	0.297680	0.320000

check_k=32
1	1.083142	0.553110	3.000000
2	1.075936	0.549220	1.500000
5	1.074962	0.548120	1.400000
10	1.074795	0.547120	1.500000
20	1.075537	0.547300	0.900000
50	1.078530	0.550280	0.820000
100	1.081091	0.557740	0.580000

check_k=64
1	1.071325	1.062850	3.000000
2	1.067343	1.111450	2.000000
5	1.067827	1.049220	1.600000
10	1.067147	1.048570	1.800000
20	1.065813	1.053490	1.150000
50	1.066620	1.055220	1.140000
100	1.069917	1.054480	0.920000

check_k=128
1	1.064747	2.049020	4.000000
2	1.058082	2.050960	2.500000
5	1.058417	2.096580	1.800000
10	1.060221	2.039930	2.200000
20	1.057293	2.033640	1.650000
50	1.057346	2.045480	1.660000
100	1.059135	2.064790	1.650000

check_k=256
1	1.054450	4.053040	7.000000
2	1.050546	4.002180	4.500000
5	1.048842	4.078610	3.400000
10	1.049314	4.061300	3.600000
20	1.046639	4.014970	3.000000
50	1.047470	4.082850	3.180000
100	1.048296	4.078910	3.070000

check_k=512
1	1.042744	7.905081	10.000000
2	1.044233	7.934260	7.000000
5	1.041026	7.932390	6.200000
10	1.039391	7.927650	6.000000
20	1.038771	7.864470	5.600000
50	1.038332	7.934930	5.860000
100	1.038733	7.995100	5.630000

lcsb  r=0.660000, L=64
Indexing Time: 24.861967 Seconds

Estimated Memory Usage: 812077056 Bytes

check_k=1
1	1.117925	0.164970	0.000000
2	1.121257	0.135060	0.000000
5	1.117433	0.118970	0.200000
10	1.123783	0.115250	0.100000
20	1.125841	0.113670	0.100000
50	1.135987	0.114420	0.100000
100	1.157823	0.114570	0.050000

check_k=2
1	1.116140	0.149010	0.000000
2	1.114383	0.146960	0.000000
5	1.107470	0.142170	0.200000
10	1.111494	0.139670	0.200000
20	1.112260	0.139900	0.150000
50	1.117542	0.141520	0.120000
100	1.126509	0.144960	0.070000

check_k=4
1	1.101323	0.208370	0.000000
2	1.099458	0.207540	0.000000
5	1.097314	0.206010	0.400000
10	1.097623	0.205860	0.400000
20	1.098649	0.206500	0.350000
50	1.102666	0.209160	0.240000
100	1.107472	0.214430	0.140000

check_k=8
1	1.087073	0.343860	1.000000
2	1.086684	0.342470	0.500000
5	1.086506	0.341670	0.800000
10	1.086605	0.344670	0.700000
20	1.087296	0.341470	0.500000
50	1.089423	0.349700	0.400000
100	1.092430	0.355600	0.270000

check_k=16
1	1.079247	0.609260	2.000000
2	1.074954	0.693050	1.500000
5	1.075604	0.606730	1.200000
10	1.076581	0.605670	1.200000
20	1.077025	0.605930	0.800000
50	1.077188	0.608260	0.700000
100	1.079739	0.616140	0.630000

check_k=32
1	1.067440	1.127420	3.000000
2	1.065456	1.123620	2.500000
5	1.064802	1.118480	1.600000
10	1.064867	1.117710	1.500000
20	1.065083	1.125530	1.100000
50	1.065700	1.123960	1.220000
100	1.068509	1.132600	1.090000

check_k=64
1	1.058364	2.213990	5.000000
2	1.058793	2.124560	4.500000
5	1.057296	2.120870	2.600000
10	1.055767	2.125860	2.400000
20	1.055761	2.118740	1.900000
50	1.055951	2.120430	2.060000
100	1.057837	2.216280	1.800000

check_k=128
1	1.049254	4.096350	9.000000
2	1.051524	4.141070	6.500000
5	1.046748	4.202390	4.000000
10	1.049309	4.165720	3.700000
20	1.047886	4.110850	3.050000
50	1.047994	4.194410	3.400000
100	1.048101	4.116110	3.150000

check_k=256
1	1.040107	8.087831	14.000000
2	1.042492	8.033381	10.500000
5	1.039577	8.322391	8.200000
10	1.039827	7.981280	7.100000
20	1.037926	8.151530	6.350000
50	1.037700	8.046390	6.400000
100	1.038382	7.992890	6.070000

check_k=512
1	1.030090	15.816999	17.000000
2	1.035895	15.625370	14.500000
5	1.030238	15.657650	12.400000
10	1.030039	15.608130	11.300000
20	1.028857	15.739030	11.350000
50	1.028499	15.699240	11.580000
100	1.029425	15.619590	11.180000

lcsb  r=0.660000, L=128
Indexing Time: 52.285404 Seconds

Estimated Memory Usage: 1580228608 Bytes

check_k=1
1	1.108902	0.309470	0.000000
2	1.104657	0.275310	0.000000
5	1.105574	0.260380	0.000000
10	1.110961	0.250460	0.000000
20	1.111464	0.244080	0.000000
50	1.116640	0.243100	0.060000
100	1.124782	0.244530	0.050000

check_k=2
1	1.097745	0.307730	0.000000
2	1.097982	0.305500	0.500000
5	1.094756	0.305160	0.400000
10	1.098566	0.305170	0.300000
20	1.098908	0.304550	0.200000
50	1.101180	0.307420	0.220000
100	1.106530	0.312650	0.170000

check_k=4
1	1.090130	0.442360	0.000000
2	1.089054	0.442890	0.500000
5	1.084604	0.442760	0.400000
10	1.085476	0.443500	0.300000
20	1.085503	0.443030	0.350000
50	1.088618	0.446830	0.340000
100	1.091809	0.453850	0.260000

check_k=8
1	1.081334	0.716990	0.000000
2	1.077932	0.864690	0.500000
5	1.074786	0.721020	1.200000
10	1.072531	0.718720	0.900000
20	1.074643	0.717930	0.800000
50	1.075785	0.729150	0.680000
100	1.079558	0.729330	0.530000

check_k=16
1	1.071043	1.249660	1.000000
2	1.067150	1.248710	1.500000
5	1.063723	1.251650	2.200000
10	1.065000	1.246650	1.800000
20	1.065212	1.247620	1.450000
50	1.065667	1.251100	1.260000
100	1.067298	1.260160	1.010000

check_k=32
1	1.058076	2.464620	2.000000
2	1.055369	2.355260	2.000000
5	1.055232	2.356180	2.400000
10	1.054051	2.357340	2.200000
20	1.054209	2.360140	1.900000
50	1.056392	2.367430	2.140000
100	1.057230	2.511000	1.780000

check_k=64
1	1.050197	4.424770	6.000000
2	1.049517	4.427630	7.000000
5	1.046461	4.567880	4.600000
10	1.046597	4.429900	4.200000
20	1.045280	4.423730	3.600000
50	1.046186	4.571300	3.540000
100	1.047575	4.445470	3.180000

check_k=128
1	1.039228	8.680950	9.000000
2	1.042058	8.531470	10.000000
5	1.039087	8.659130	8.200000
10	1.039288	8.535330	7.400000
20	1.038015	8.697801	6.500000
50	1.038397	8.433979	6.320000
100	1.038832	8.276569	5.770000

check_k=256
1	1.029756	16.364569	17.000000
2	1.031358	16.310280	16.000000
5	1.030395	16.035599	13.600000
10	1.030227	16.696341	13.400000
20	1.029040	16.594070	12.350000
50	1.028745	16.473930	11.960000
100	1.029375	16.707911	11.080000

check_k=512
1	1.015935	32.183998	28.000000
2	1.021024	31.781761	26.500000
5	1.020893	31.916250	24.400000
10	1.019765	31.359829	24.100000
20	1.020750	32.093491	23.350000
50	1.020302	31.647461	22.660000
100	1.020556	32.136368	21.020000

lcsb  r=0.660000, L=256
Indexing Time: 106.215508 Seconds

Estimated Memory Usage: 3116535808 Bytes

check_k=1
1	1.108648	0.673830	0.000000
2	1.099970	0.557820	0.000000
5	1.095101	0.533260	0.400000
10	1.096927	0.517410	0.300000
20	1.097826	0.514610	0.200000
50	1.101512	0.515530	0.200000
100	1.106627	0.518360	0.140000

check_k=2
1	1.086762	0.817090	0.000000
2	1.084841	0.652030	0.500000
5	1.084720	0.650240	0.600000
10	1.084549	0.650960	0.400000
20	1.084900	0.651550	0.300000
50	1.088231	0.654650	0.340000
100	1.091175	0.661950	0.300000

check_k=4
1	1.076972	0.932600	1.000000
2	1.074516	0.930480	1.000000
5	1.071624	0.929650	1.200000
10	1.072634	0.933240	0.800000
20	1.073621	0.928770	0.700000
50	1.075050	0.934010	0.720000
100	1.078569	0.940680	0.580000

check_k=8
1	1.063387	1.472940	1.000000
2	1.065199	1.477660	1.000000
5	1.063083	1.563870	1.800000
10	1.063618	1.486070	1.400000
20	1.062473	1.478750	1.100000
50	1.064501	1.482390	1.180000
100	1.066592	1.491360	1.070000

check_k=16
1	1.057195	2.539220	3.000000
2	1.055369	2.549690	3.000000
5	1.054512	2.717420	3.000000
10	1.054534	2.544230	2.500000
20	1.054082	2.545480	1.850000
50	1.054510	2.558270	2.080000
100	1.055645	2.559170	1.940000

check_k=32
1	1.047534	4.676340	6.000000
2	1.049745	4.612130	5.000000
5	1.046377	4.768800	4.200000
10	1.046226	4.618910	4.000000
20	1.045467	4.595100	3.400000
50	1.045759	4.621530	3.900000
100	1.047332	4.704930	3.510000

check_k=64
1	1.037532	8.696831	11.000000
2	1.041696	8.541950	10.500000
5	1.038760	8.593390	7.800000
10	1.038953	8.701281	6.700000
20	1.037480	8.558620	6.050000
50	1.037513	8.623090	6.400000
100	1.037772	8.589311	6.040000

check_k=128
1	1.024568	16.507011	17.000000
2	1.027760	16.306410	17.000000
5	1.029994	16.219629	14.400000
10	1.030697	16.326599	13.500000
20	1.028534	16.474350	11.900000
50	1.029169	16.305971	11.340000
100	1.029951	16.388760	10.880000

check_k=256
1	1.015115	31.906981	29.000000
2	1.018320	32.515190	29.500000
5	1.020941	32.451771	26.400000
10	1.020537	32.594490	25.100000
20	1.020515	32.434071	23.049999
50	1.020695	32.584160	21.920000
100	1.020753	32.474552	20.650000

check_k=512
1	1.003258	60.133156	44.000000
2	1.011043	58.979782	44.000000
5	1.011485	57.037510	40.200001
10	1.012686	57.131557	41.700001
20	1.012738	57.081142	41.049999
50	1.013158	57.078060	38.980000
100	1.013082	57.323380	37.380001

lcsb  r=0.660000, L=512
Indexing Time: 215.729019 Seconds

Estimated Memory Usage: 6189146112 Bytes

check_k=1
1	1.091236	1.279830	0.000000
2	1.090918	1.137080	0.000000
5	1.083587	1.113850	0.000000
10	1.084507	1.097800	0.100000
20	1.084654	1.097120	0.100000
50	1.088379	1.095890	0.300000
100	1.091507	1.103920	0.240000

check_k=2
1	1.079765	1.379800	1.000000
2	1.078747	1.425680	0.500000
5	1.072577	1.540580	0.200000
10	1.073159	1.396940	0.500000
20	1.073762	1.387560	0.450000
50	1.076283	1.383140	0.740000
100	1.079229	1.393080	0.610000

check_k=4
1	1.066105	1.946230	1.000000
2	1.065199	1.933660	0.500000
5	1.063648	1.931700	0.800000
10	1.064469	1.934680	1.200000
20	1.063613	2.119420	1.250000
50	1.064751	1.950850	1.340000
100	1.066880	1.947630	1.200000

check_k=8
1	1.057841	3.019070	1.000000
2	1.057271	3.028130	0.500000
5	1.054707	3.182210	1.600000
10	1.054822	3.026490	1.900000
20	1.054492	3.050080	2.100000
50	1.053960	3.047120	2.400000
100	1.056240	3.043960	2.130000

check_k=16
1	1.046283	5.307710	4.000000
2	1.046744	5.165630	2.500000
5	1.043802	5.336979	3.600000
10	1.047711	5.182700	4.000000
20	1.045738	5.215230	3.750000
50	1.045353	5.319530	4.200000
100	1.046420	5.189420	3.850000

check_k=32
1	1.037515	9.407390	7.000000
2	1.042058	9.245029	6.500000
5	1.037985	9.402550	7.400000
10	1.037835	9.397571	7.300000
20	1.036403	9.331579	6.850000
50	1.036445	9.456350	7.100000
100	1.037227	9.433490	6.680000

check_k=64
1	1.025311	17.053820	16.000000
2	1.030843	17.044031	16.000000
5	1.030205	17.047569	14.800000
10	1.029170	17.196039	13.400000
20	1.028534	17.224979	12.800000
50	1.028602	17.036350	11.840000
100	1.029023	17.071341	11.330000

check_k=128
1	1.014318	31.855869	25.000000
2	1.018707	31.629570	27.000000
5	1.021518	31.768520	26.000000
10	1.022411	31.810688	24.299999
20	1.021438	32.023487	22.549999
50	1.020311	31.644758	21.280001
100	1.021186	31.718220	20.160000

check_k=256
1	1.006904	58.207100	40.000000
2	1.011659	58.100861	42.000000
5	1.012366	58.058998	44.000000
10	1.013236	58.474205	41.299999
20	1.013406	58.667004	39.250000
50	1.012960	58.104660	37.959999
100	1.013157	58.353619	36.950001

check_k=512
1	1.000000	101.087921	69.000000
2	1.000000	101.002434	70.000000
5	1.004879	101.077484	65.800003
10	1.005456	101.104942	65.000000
20	1.006398	101.980804	63.400002
50	1.006274	101.058556	61.840000
100	1.006630	101.219688	60.230000

