lcsb  r=0.660000, L=8
Indexing Time: 2.771211 Seconds

Estimated Memory Usage: 139976704 Bytes

check_k=1
1	1.168910	0.039270	0.000000
2	1.168835	0.017250	0.000000
5	1.169288	0.013810	0.000000
10	1.181447	0.009130	0.000000
20	31622.777344	0.004820	0.000000
50	31622.777344	0.004560	0.000000
100	31622.777344	0.004540	0.000000

check_k=2
1	1.147783	0.021010	0.000000
2	1.149607	0.006500	0.000000
5	1.154368	0.005740	0.200000
10	1.156324	0.005910	0.100000
20	1.169482	0.007210	0.050000
50	31622.777344	0.006310	0.020000
100	31622.777344	0.006280	0.010000

check_k=4
1	1.133954	0.035250	0.000000
2	1.130840	0.011870	0.000000
5	1.137709	0.009670	0.200000
10	1.140490	0.009490	0.100000
20	1.144892	0.010010	0.050000
50	1.168270	0.011420	0.040000
100	31622.777344	0.011760	0.020000

check_k=8
1	1.122458	0.068820	0.000000
2	1.124398	0.031670	0.000000
5	1.126248	0.029470	0.200000
10	1.124450	0.028410	0.100000
20	1.128238	0.028350	0.050000
50	1.137433	0.029740	0.060000
100	1.157468	0.032380	0.040000

check_k=16
1	1.112202	0.137920	0.000000
2	1.111781	0.075850	0.000000
5	1.110702	0.075310	0.200000
10	1.113456	0.074230	0.100000
20	1.111945	0.076130	0.050000
50	1.118379	0.079440	0.100000
100	1.127777	0.081270	0.080000

check_k=32
1	1.101777	0.251800	1.000000
2	1.101587	0.151240	0.500000
5	1.100515	0.151120	0.400000
10	1.099318	0.147160	0.300000
20	1.100447	0.145640	0.150000
50	1.103279	0.151140	0.200000
100	1.108944	0.154960	0.160000

check_k=64
1	1.090578	0.418960	1.000000
2	1.092489	0.291250	0.500000
5	1.089301	0.289810	0.400000
10	1.089777	0.292890	0.400000
20	1.088999	0.290110	0.250000
50	1.091294	0.293520	0.320000
100	1.094523	0.302070	0.270000

check_k=128
1	1.085199	0.680470	1.000000
2	1.082930	0.563820	0.500000
5	1.078306	0.562970	0.400000
10	1.076974	0.568880	0.600000
20	1.078796	0.567410	0.550000
50	1.080758	0.575130	0.520000
100	1.082278	0.579260	0.410000

check_k=256
1	1.076308	1.179190	3.000000
2	1.074543	1.113170	1.500000
5	1.070141	1.105860	0.800000
10	1.068577	1.080440	1.300000
20	1.067151	1.108970	1.000000
50	1.069154	1.107950	0.920000
100	1.070522	1.112440	0.730000

check_k=512
1	1.065086	2.179840	4.000000
2	1.064555	2.161930	2.500000
5	1.060245	2.203610	1.800000
10	1.058892	2.163540	2.000000
20	1.057933	2.170630	1.650000
50	1.057518	2.184420	1.560000
100	1.059790	2.194140	1.390000

lcsb  r=0.660000, L=16
Indexing Time: 6.132454 Seconds

Estimated Memory Usage: 236027904 Bytes

check_k=1
1	1.147774	0.066800	0.000000
2	1.149763	0.036080	0.000000
5	1.153180	0.031450	0.000000
10	1.155859	0.016220	0.000000
20	1.171510	0.012160	0.000000
50	31622.777344	0.011330	0.000000
100	31622.777344	0.011170	0.000000

check_k=2
1	1.137225	0.038530	0.000000
2	1.137821	0.018150	0.000000
5	1.135580	0.015840	0.200000
10	1.138709	0.015500	0.100000
20	1.146523	0.015740	0.050000
50	1.167093	0.016430	0.040000
100	31622.777344	0.016350	0.030000

check_k=4
1	1.122061	0.070720	0.000000
2	1.123344	0.039090	0.000000
5	1.122414	0.034350	0.200000
10	1.125320	0.031100	0.200000
20	1.128321	0.029720	0.150000
50	1.137529	0.029460	0.140000
100	1.157228	0.029790	0.080000

check_k=8
1	1.106659	0.129300	0.000000
2	1.110070	0.069130	0.000000
5	1.109069	0.064590	0.600000
10	1.109981	0.065950	0.400000
20	1.112785	0.067670	0.250000
50	1.118344	0.071110	0.180000
100	1.127147	0.075960	0.110000

check_k=16
1	1.097964	0.242590	0.000000
2	1.099408	0.151610	0.000000
5	1.098345	0.152590	0.600000
10	1.099540	0.156840	0.400000
20	1.100785	0.158650	0.250000
50	1.104061	0.161570	0.260000
100	1.108403	0.165000	0.200000

check_k=32
1	1.088965	0.430680	0.000000
2	1.087190	0.302280	0.000000
5	1.088739	0.298480	0.600000
10	1.089531	0.296240	0.400000
20	1.089927	0.296810	0.250000
50	1.091724	0.298230	0.320000
100	1.094750	0.372390	0.260000

check_k=64
1	1.082736	0.708190	0.000000
2	1.081257	0.565400	0.500000
5	1.080980	0.551410	0.800000
10	1.078301	0.543300	0.600000
20	1.078404	0.542840	0.400000
50	1.079825	0.557660	0.480000
100	1.081790	0.567230	0.410000

check_k=128
1	1.075002	1.154250	0.000000
2	1.075055	1.086330	0.500000
5	1.073252	1.100630	0.800000
10	1.069923	1.082320	0.900000
20	1.068166	1.161690	0.850000
50	1.069368	1.104320	0.900000
100	1.070339	1.105730	0.800000

check_k=256
1	1.062950	2.141280	4.000000
2	1.066320	2.112390	2.500000
5	1.059675	2.180140	1.800000
10	1.059373	2.165500	1.800000
20	1.058046	2.114740	1.500000
50	1.058092	2.161770	1.740000
100	1.058687	2.209040	1.580000

check_k=512
1	1.057139	4.237860	5.000000
2	1.051078	4.216150	3.500000
5	1.051330	4.236639	2.800000
10	1.050700	4.243720	2.800000
20	1.048546	4.237570	2.600000
50	1.048709	4.251460	2.840000
100	1.049006	4.207540	2.810000

lcsb  r=0.660000, L=32
Indexing Time: 12.462443 Seconds

Estimated Memory Usage: 427999232 Bytes

check_k=1
1	1.134699	0.204830	0.000000
2	1.133176	0.067660	0.000000
5	1.136224	0.051060	0.000000
10	1.140945	0.042200	0.000000
20	1.147130	0.038180	0.000000
50	1.168590	0.035090	0.020000
100	31622.777344	0.031810	0.010000

check_k=2
1	1.121169	0.166300	0.000000
2	1.118261	0.057220	0.000000
5	1.120251	0.053650	0.200000
10	1.125099	0.051660	0.100000
20	1.128844	0.050900	0.050000
50	1.137722	0.051800	0.040000
100	1.157161	0.052410	0.020000

check_k=4
1	1.111625	0.261900	0.000000
2	1.106632	0.090450	0.000000
5	1.107042	0.087200	0.200000
10	1.109454	0.086320	0.200000
20	1.112517	0.086130	0.200000
50	1.118046	0.088690	0.160000
100	1.126249	0.092170	0.090000

check_k=8
1	1.094446	0.457440	0.000000
2	1.097840	0.166640	0.000000
5	1.094630	0.162630	0.800000
10	1.096937	0.161390	0.600000
20	1.098181	0.162120	0.400000
50	1.103246	0.164790	0.300000
100	1.108055	0.170230	0.180000

check_k=16
1	1.090926	0.678210	1.000000
2	1.086226	0.313950	0.500000
5	1.086600	0.305730	1.000000
10	1.086133	0.303910	1.000000
20	1.087359	0.303610	0.650000
50	1.091208	0.310090	0.460000
100	1.093600	0.311430	0.320000

check_k=32
1	1.083142	0.880940	3.000000
2	1.075936	0.576600	1.500000
5	1.074962	0.568540	1.400000
10	1.074795	0.567480	1.500000
20	1.075537	0.568090	0.900000
50	1.078530	0.570900	0.820000
100	1.081091	0.606270	0.580000

check_k=64
1	1.071325	1.274400	3.000000
2	1.067343	1.132640	2.000000
5	1.067827	1.127590	1.600000
10	1.067147	1.096860	1.800000
20	1.065813	1.075820	1.150000
50	1.066620	1.074870	1.140000
100	1.069917	1.083790	0.920000

check_k=128
1	1.064747	2.119230	4.000000
2	1.058082	2.145810	2.500000
5	1.058417	2.079090	1.800000
10	1.060221	2.091030	2.200000
20	1.057293	2.090500	1.650000
50	1.057346	2.187060	1.660000
100	1.059135	2.187140	1.650000

check_k=256
1	1.054450	4.113530	7.000000
2	1.050546	4.087900	4.500000
5	1.048842	4.082750	3.400000
10	1.049314	4.186110	3.600000
20	1.046639	4.193350	3.000000
50	1.047470	4.087740	3.180000
100	1.048296	4.095120	3.070000

check_k=512
1	1.042744	8.192140	10.000000
2	1.044233	8.047260	7.000000
5	1.041026	8.129080	6.200000
10	1.039391	8.171940	6.000000
20	1.038771	8.035299	5.600000
50	1.038332	8.211040	5.860000
100	1.038733	8.018330	5.630000

lcsb  r=0.660000, L=64
Indexing Time: 25.322405 Seconds

Estimated Memory Usage: 812077056 Bytes

check_k=1
1	1.117925	0.166420	0.000000
2	1.121257	0.133260	0.000000
5	1.117433	0.127220	0.200000
10	1.123783	0.113510	0.100000
20	1.125841	0.108500	0.100000
50	1.135987	0.108700	0.100000
100	1.157823	0.107390	0.050000

check_k=2
1	1.116140	0.140630	0.000000
2	1.114383	0.137550	0.000000
5	1.107470	0.136290	0.200000
10	1.111494	0.210140	0.200000
20	1.112260	0.145010	0.150000
50	1.117542	0.142080	0.120000
100	1.126509	0.142810	0.070000

check_k=4
1	1.101323	0.207930	0.000000
2	1.099458	0.205500	0.000000
5	1.097314	0.205330	0.400000
10	1.097623	0.204640	0.400000
20	1.098649	0.205810	0.350000
50	1.102666	0.207830	0.240000
100	1.107472	0.212940	0.140000

check_k=8
1	1.087073	0.347900	1.000000
2	1.086684	0.347780	0.500000
5	1.086506	0.343530	0.800000
10	1.086605	0.344240	0.700000
20	1.087296	0.344190	0.500000
50	1.089423	0.347520	0.400000
100	1.092430	0.352460	0.270000

check_k=16
1	1.079247	0.632390	2.000000
2	1.074954	0.651610	1.500000
5	1.075604	0.634080	1.200000
10	1.076581	0.654800	1.200000
20	1.077025	0.650660	0.800000
50	1.077188	0.653830	0.700000
100	1.079739	0.657980	0.630000

check_k=32
1	1.067440	1.150380	3.000000
2	1.065456	1.142310	2.500000
5	1.064802	1.229650	1.600000
10	1.064867	1.135950	1.500000
20	1.065083	1.134230	1.100000
50	1.065700	1.135410	1.220000
100	1.068509	1.151750	1.090000

check_k=64
1	1.058364	2.154860	5.000000
2	1.058793	2.145030	4.500000
5	1.057296	2.226260	2.600000
10	1.055767	2.244830	2.400000
20	1.055761	2.251770	1.900000
50	1.055951	2.186040	2.060000
100	1.057837	2.164530	1.800000

check_k=128
1	1.049254	4.222510	9.000000
2	1.051524	4.150470	6.500000
5	1.046748	4.277450	4.000000
10	1.049309	4.319460	3.700000
20	1.047886	4.164730	3.050000
50	1.047994	4.238970	3.400000
100	1.048101	4.222330	3.150000

check_k=256
1	1.040107	8.335680	14.000000
2	1.042492	8.082810	10.500000
5	1.039577	8.356420	8.200000
10	1.039827	8.163301	7.100000
20	1.037926	8.357070	6.350000
50	1.037700	8.105000	6.400000
100	1.038382	8.329730	6.070000

check_k=512
1	1.030090	15.903581	17.000000
2	1.035895	16.123480	14.500000
5	1.030238	16.080980	12.400000
10	1.030039	16.274059	11.300000
20	1.028857	16.108789	11.350000
50	1.028499	16.174009	11.580000
100	1.029425	17.601038	11.180000

lcsb  r=0.660000, L=128
Indexing Time: 52.947773 Seconds

Estimated Memory Usage: 1580228608 Bytes

check_k=1
1	1.108902	0.320950	0.000000
2	1.104657	0.284380	0.000000
5	1.105574	0.281160	0.000000
10	1.110961	0.263810	0.000000
20	1.111464	0.258960	0.000000
50	1.116640	0.260090	0.060000
100	1.124782	0.266340	0.050000

check_k=2
1	1.097745	0.334710	0.000000
2	1.097982	0.328350	0.500000
5	1.094756	0.318090	0.400000
10	1.098566	0.311870	0.300000
20	1.098908	0.309150	0.200000
50	1.101180	0.310480	0.220000
100	1.106530	0.455710	0.170000

check_k=4
1	1.090130	0.451000	0.000000
2	1.089054	0.447460	0.500000
5	1.084604	0.446070	0.400000
10	1.085476	0.446350	0.300000
20	1.085503	0.447270	0.350000
50	1.088618	0.450550	0.340000
100	1.091809	0.457020	0.260000

check_k=8
1	1.081334	0.727450	0.000000
2	1.077932	0.724660	0.500000
5	1.074786	0.724690	1.200000
10	1.072531	0.733870	0.900000
20	1.074643	0.724250	0.800000
50	1.075785	0.727430	0.680000
100	1.079558	0.733870	0.530000

check_k=16
1	1.071043	1.262320	1.000000
2	1.067150	1.260950	1.500000
5	1.063723	1.259000	2.200000
10	1.065000	1.273590	1.800000
20	1.065212	1.462360	1.450000
50	1.065667	1.343400	1.260000
100	1.067298	1.336180	1.010000

check_k=32
1	1.058076	2.316660	2.000000
2	1.055369	2.305970	2.000000
5	1.055232	2.303580	2.400000
10	1.054051	2.307840	2.200000
20	1.054209	2.457460	1.900000
50	1.056392	2.316270	2.140000
100	1.057230	2.426170	1.780000

check_k=64
1	1.050197	4.425890	6.000000
2	1.049517	4.453140	7.000000
5	1.046461	4.323970	4.600000
10	1.046597	4.361160	4.200000
20	1.045280	4.612870	3.600000
50	1.046186	4.338680	3.540000
100	1.047575	4.335741	3.180000

check_k=128
1	1.039228	8.593941	9.000000
2	1.042058	8.283740	10.000000
5	1.039087	8.541950	8.200000
10	1.039288	8.514330	7.400000
20	1.038015	8.381850	6.500000
50	1.038397	8.620871	6.320000
100	1.038832	8.341190	5.770000

check_k=256
1	1.029756	16.555979	17.000000
2	1.031358	16.376671	16.000000
5	1.030395	16.378809	13.600000
10	1.030227	17.920229	13.400000
20	1.029040	18.159790	12.350000
50	1.028745	18.094589	11.960000
100	1.029375	18.068319	11.080000

check_k=512
1	1.015935	31.125660	28.000000
2	1.021024	31.218172	26.500000
5	1.020893	31.201811	24.400000
10	1.019765	31.128521	24.100000
20	1.020750	31.108410	23.350000
50	1.020302	31.332701	22.660000
100	1.020556	31.163279	21.020000

lcsb  r=0.660000, L=256
Indexing Time: 107.798294 Seconds

Estimated Memory Usage: 3116535808 Bytes

check_k=1
1	1.108648	0.704060	0.000000
2	1.099970	0.576520	0.000000
5	1.095101	0.553030	0.400000
10	1.096927	0.625220	0.300000
20	1.097826	0.536270	0.200000
50	1.101512	0.544070	0.200000
100	1.106627	0.545850	0.140000

check_k=2
1	1.086762	0.674170	0.000000
2	1.084841	0.672560	0.500000
5	1.084720	0.668780	0.600000
10	1.084549	0.669210	0.400000
20	1.084900	0.669190	0.300000
50	1.088231	0.674090	0.340000
100	1.091175	0.685820	0.300000

check_k=4
1	1.076972	0.958030	1.000000
2	1.074516	0.960920	1.000000
5	1.071624	0.967690	1.200000
10	1.072634	0.967380	0.800000
20	1.073621	1.127830	0.700000
50	1.075050	1.038520	0.720000
100	1.078569	1.037160	0.580000

check_k=8
1	1.063387	1.597090	1.000000
2	1.065199	1.541710	1.000000
5	1.063083	1.535270	1.800000
10	1.063618	1.553780	1.400000
20	1.062473	1.545510	1.100000
50	1.064501	1.532520	1.180000
100	1.066592	1.620250	1.070000

check_k=16
1	1.057195	2.646600	3.000000
2	1.055369	2.705610	3.000000
5	1.054512	2.791970	3.000000
10	1.054534	2.806690	2.500000
20	1.054082	2.696600	1.850000
50	1.054510	2.659520	2.080000
100	1.055645	2.658340	1.940000

check_k=32
1	1.047534	4.881450	6.000000
2	1.049745	4.996020	5.000000
5	1.046377	4.789050	4.200000
10	1.046226	4.893510	4.000000
20	1.045467	4.856780	3.400000
50	1.045759	5.042020	3.900000
100	1.047332	4.793610	3.510000

check_k=64
1	1.037532	9.031919	11.000000
2	1.041696	9.932691	10.500000
5	1.038760	14.335540	7.800000
10	1.038953	19.124670	6.700000
20	1.037480	19.141870	6.050000
50	1.037513	18.918110	6.400000
100	1.037772	17.956530	6.040000

check_k=128
1	1.024568	34.115459	17.000000
2	1.027760	34.409882	17.000000
5	1.029994	35.174419	14.400000
10	1.030697	36.149349	13.500000
20	1.028534	28.458750	11.900000
50	1.029169	21.193081	11.340000
100	1.029951	17.254751	10.880000

check_k=256
1	1.015115	31.394871	29.000000
2	1.018320	31.200281	29.500000
5	1.020941	31.284199	26.400000
10	1.020537	31.283829	25.100000
20	1.020515	31.267031	23.049999
50	1.020695	31.246960	21.920000
100	1.020753	31.333158	20.650000

check_k=512
1	1.003258	57.777775	44.000000
2	1.011043	57.527699	44.000000
5	1.011485	57.569561	40.200001
10	1.012686	57.554970	41.700001
20	1.012738	57.734222	41.049999
50	1.013158	57.622921	38.980000
100	1.013082	57.513538	37.380001

lcsb  r=0.660000, L=512
Indexing Time: 244.849609 Seconds

Estimated Memory Usage: 6189146112 Bytes

check_k=1
1	1.091236	8.817910	0.000000
2	1.090918	1.192700	0.000000
5	1.083587	1.166020	0.000000
10	1.084507	1.155560	0.100000
20	1.084654	1.156260	0.100000
50	1.088379	1.150680	0.300000
100	1.091507	1.143890	0.240000

check_k=2
1	1.079765	1.476010	1.000000
2	1.078747	1.493040	0.500000
5	1.072577	1.473670	0.200000
10	1.073159	1.492580	0.500000
20	1.073762	1.513810	0.450000
50	1.076283	1.513070	0.740000
100	1.079229	1.497310	0.610000

check_k=4
1	1.066105	2.113760	1.000000
2	1.065199	2.143780	0.500000
5	1.063648	2.139840	0.800000
10	1.064469	2.137350	1.200000
20	1.063613	3.194020	1.250000
50	1.064751	2.107920	1.340000
100	1.066880	2.137060	1.200000

check_k=8
1	1.057841	3.385720	1.000000
2	1.057271	3.395690	0.500000
5	1.054707	3.397080	1.600000
10	1.054822	3.354460	1.900000
20	1.054492	3.374590	2.100000
50	1.053960	3.356650	2.400000
100	1.056240	3.373940	2.130000

check_k=16
1	1.046283	7.071540	4.000000
2	1.046744	5.386240	2.500000
5	1.043802	5.286040	3.600000
10	1.047711	5.291560	4.000000
20	1.045738	5.286540	3.750000
50	1.045353	5.302560	4.200000
100	1.046420	5.316010	3.850000

check_k=32
1	1.037515	10.205770	7.000000
2	1.042058	9.298590	6.500000
5	1.037985	9.310730	7.400000
10	1.037835	9.263510	7.300000
20	1.036403	9.260770	6.850000
50	1.036445	9.639760	7.100000
100	1.037227	9.324970	6.680000

check_k=64
1	1.025311	16.976751	16.000000
2	1.030843	16.993660	16.000000
5	1.030205	17.131420	14.800000
10	1.029170	17.038271	13.400000
20	1.028534	17.074400	12.800000
50	1.028602	16.974430	11.840000
100	1.029023	16.977850	11.330000

check_k=128
1	1.014318	31.408989	25.000000
2	1.018707	31.415668	27.000000
5	1.021518	31.551641	26.000000
10	1.022411	31.471979	24.299999
20	1.021438	31.622478	22.549999
50	1.020311	31.678101	21.280001
100	1.021186	31.829372	20.160000

check_k=256
1	1.006904	58.257870	40.000000
2	1.011659	58.110600	42.000000
5	1.012366	58.412289	44.000000
10	1.013236	58.234669	41.299999
20	1.013406	58.374722	39.250000
50	1.012960	58.062119	37.959999
100	1.013157	58.137890	36.950001

check_k=512
1	1.000000	101.043747	69.000000
2	1.000000	101.137672	70.000000
5	1.004879	100.960876	65.800003
10	1.005456	100.904694	65.000000
20	1.006398	101.084602	63.400002
50	1.006274	101.050232	61.840000
100	1.006630	101.076103	60.230000

