lcsb  r=0.660000, L=8
Indexing Time: 0.151718 Seconds

Estimated Memory Usage: 11710464 Bytes

check_k=1
1	1.180430	0.011580	0.000000
2	1.189669	0.009780	0.000000
5	1.227111	0.006240	0.000000
10	1.291270	0.006100	0.000000
20	31622.777344	0.005980	0.000000
50	31622.777344	0.005920	1.080000
100	31622.777344	0.005750	0.660000

check_k=2
1	1.147434	0.012710	0.000000
2	1.164837	0.009130	0.000000
5	1.190673	0.009100	0.400000
10	1.215705	0.009320	0.200000
20	1.286272	0.009590	0.100000
50	31622.777344	0.009660	2.460000
100	31622.777344	0.009620	1.220000

check_k=4
1	1.131413	0.022250	1.000000
2	1.141227	0.019430	0.500000
5	1.157107	0.017860	0.600000
10	1.174633	0.017760	0.300000
20	1.204013	0.018580	0.150000
50	1.363007	0.019050	4.660000
100	31622.777344	0.019120	2.490000

check_k=8
1	1.110084	0.045960	1.000000
2	1.112165	0.045280	0.500000
5	1.128652	0.043630	0.800000
10	1.148619	0.042650	0.500000
20	1.164673	0.043250	0.300000
50	1.253120	0.045350	8.020000
100	1.363473	0.045970	4.710000

check_k=16
1	1.089817	0.094410	1.000000
2	1.095048	0.089110	0.500000
5	1.110000	0.085880	1.200000
10	1.118151	0.088750	0.800000
20	1.133717	0.090720	0.500000
50	1.199430	0.094010	10.680000
100	1.248611	0.098240	8.940000

check_k=32
1	1.075267	0.185980	2.000000
2	1.078540	0.185180	1.000000
5	1.088028	0.185250	1.600000
10	1.098573	0.185620	1.400000
20	1.105176	0.185550	1.050000
50	1.164848	0.189390	12.980000
100	1.194906	0.194910	11.780000

check_k=64
1	1.058300	0.377780	3.000000
2	1.060855	0.383390	1.500000
5	1.069795	0.371910	3.200000
10	1.076749	0.366410	2.900000
20	1.082536	0.368100	2.500000
50	1.140054	0.372290	17.480000
100	1.151265	0.380410	15.690000

check_k=128
1	1.045854	0.735450	4.000000
2	1.048657	0.730370	3.000000
5	1.054899	0.732240	5.600000
10	1.059097	0.749530	5.200000
20	1.064889	0.725830	4.900000
50	1.117354	0.726750	21.940001
100	1.130487	0.738680	20.870001

check_k=256
1	1.034787	1.434420	10.000000
2	1.038011	1.465180	9.500000
5	1.039919	1.442530	10.400000
10	1.042142	1.406270	9.900000
20	1.048885	1.435590	10.350000
50	1.111846	1.468440	25.700001
100	1.122571	1.450140	26.040001

check_k=512
1	1.019146	2.809730	20.000000
2	1.024681	2.804590	17.000000
5	1.027037	2.819490	21.400000
10	1.029439	2.818320	20.000000
20	1.032027	2.862840	19.850000
50	1.088174	2.878090	30.820000
100	1.122301	2.905450	30.990000

lcsb  r=0.660000, L=16
Indexing Time: 0.274201 Seconds

Estimated Memory Usage: 19357696 Bytes

check_k=1
1	1.146320	0.022680	0.000000
2	1.162584	0.020750	0.000000
5	1.186231	0.015920	0.200000
10	1.218389	0.013490	0.100000
20	1.287278	0.013320	0.050000
50	31622.777344	0.013210	2.200000
100	31622.777344	0.013220	1.170000

check_k=2
1	1.123989	0.026990	0.000000
2	1.135924	0.025520	0.000000
5	1.152576	0.023350	0.400000
10	1.175120	0.023090	0.200000
20	1.206450	0.022850	0.200000
50	1.354844	0.023440	4.560000
100	31622.777344	0.023370	2.270000

check_k=4
1	1.099783	0.051940	1.000000
2	1.111761	0.046540	0.500000
5	1.129674	0.047270	0.800000
10	1.146148	0.048010	0.500000
20	1.162903	0.049160	0.450000
50	1.249493	0.051180	8.000000
100	1.357482	0.051960	4.590000

check_k=8
1	1.090519	0.101300	1.000000
2	1.092962	0.100380	0.500000
5	1.104427	0.100760	1.000000
10	1.119508	0.098510	0.700000
20	1.132954	0.100310	0.650000
50	1.199566	0.102480	10.580000
100	1.242400	0.106840	8.570000

check_k=16
1	1.077690	0.194870	1.000000
2	1.078297	0.193500	0.500000
5	1.085427	0.192670	1.400000
10	1.092518	0.191210	1.200000
20	1.105917	0.195220	1.250000
50	1.160391	0.201320	12.960000
100	1.195131	0.208880	11.950000

check_k=32
1	1.058300	0.385540	3.000000
2	1.061167	0.378530	1.500000
5	1.068716	0.377620	2.200000
10	1.074549	0.376130	2.400000
20	1.083819	0.375170	2.600000
50	1.141244	0.378720	17.299999
100	1.154160	0.388160	15.460000

check_k=64
1	1.046877	0.731690	11.000000
2	1.050052	0.736620	5.500000
5	1.055725	0.745940	5.600000
10	1.059595	0.765150	5.000000
20	1.065022	0.734520	4.900000
50	1.120004	0.744130	22.100000
100	1.132197	0.755990	20.730000

check_k=128
1	1.035730	1.472250	13.000000
2	1.038094	1.506170	8.500000
5	1.040197	1.487480	9.600000
10	1.044711	1.478090	9.800000
20	1.048540	1.508860	9.350000
50	1.114002	1.484070	26.459999
100	1.119952	1.494160	25.299999

check_k=256
1	1.019283	2.877780	22.000000
2	1.027047	2.874590	17.000000
5	1.028742	2.851130	16.200001
10	1.030334	2.855820	16.700001
20	1.033781	2.885250	17.650000
50	1.092649	2.901080	30.340000
100	1.116907	2.870660	30.500000

check_k=512
1	1.011202	5.415080	37.000000
2	1.015874	5.308990	31.000000
5	1.015298	5.363180	34.000000
10	1.019698	5.417610	34.099998
20	1.020316	5.404410	33.400002
50	1.088242	5.443861	34.580002
100	1.104718	5.507850	35.480000

lcsb  r=0.660000, L=32
Indexing Time: 0.536877 Seconds

Estimated Memory Usage: 34516992 Bytes

check_k=1
1	1.125099	0.055400	0.000000
2	1.136359	0.048160	0.000000
5	1.157763	0.045290	0.000000
10	1.178129	0.041230	0.000000
20	1.211186	0.038220	0.050000
50	1.348781	0.037360	4.420000
100	31622.777344	0.035520	2.380000

check_k=2
1	1.100957	0.064760	0.000000
2	1.116603	0.058830	0.000000
5	1.131237	0.059230	0.400000
10	1.146537	0.060070	0.300000
20	1.163673	0.061090	0.300000
50	1.245995	0.064420	8.000000
100	1.350960	0.066430	4.590000

check_k=4
1	1.088002	0.120390	2.000000
2	1.092014	0.118970	1.000000
5	1.106279	0.115920	1.000000
10	1.119040	0.116530	0.800000
20	1.134004	0.117130	0.700000
50	1.196248	0.121740	10.740000
100	1.244022	0.120180	8.770000

check_k=8
1	1.075285	0.209600	2.000000
2	1.078897	0.209810	1.000000
5	1.082841	0.210100	1.400000
10	1.095367	0.211550	1.300000
20	1.105495	0.212790	1.300000
50	1.161805	0.216610	13.100000
100	1.195899	0.223960	11.780000

check_k=16
1	1.058303	0.403120	3.000000
2	1.060738	0.399820	1.500000
5	1.067600	0.401920	2.600000
10	1.074910	0.401860	2.500000
20	1.083082	0.405930	2.550000
50	1.137622	0.410950	17.299999
100	1.158808	0.422220	15.820000

check_k=32
1	1.046240	0.800600	8.000000
2	1.050880	0.776470	4.000000
5	1.055198	0.780720	4.400000
10	1.059548	0.783530	4.900000
20	1.063482	0.787390	4.900000
50	1.122230	0.796520	22.080000
100	1.135602	0.823080	20.709999

check_k=64
1	1.035730	1.494410	17.000000
2	1.037972	1.466570	10.000000
5	1.039597	1.495160	9.800000
10	1.044261	1.503570	9.600000
20	1.047738	1.474130	9.750000
50	1.108808	1.486130	25.959999
100	1.114961	1.560940	25.420000

check_k=128
1	1.020160	2.922850	24.000000
2	1.026076	2.938080	17.500000
5	1.027608	2.889130	18.600000
10	1.029881	2.937390	19.299999
20	1.032662	2.847960	18.350000
50	1.096987	2.855670	30.760000
100	1.118786	2.873510	30.209999

check_k=256
1	1.008411	5.493500	44.000000
2	1.013604	5.481340	37.000000
5	1.015325	5.400290	35.599998
10	1.018675	5.383280	34.299999
20	1.020342	5.483250	34.099998
50	1.086541	5.522020	34.759998
100	1.106392	5.410240	35.070000

check_k=512
1	1.000000	9.850040	66.000000
2	1.004017	9.874810	60.500000
5	1.005596	9.888300	60.799999
10	1.008756	9.836910	60.200001
20	1.010242	9.909360	57.450001
50	1.076234	9.871079	38.599998
100	1.097649	9.936749	40.580002

lcsb  r=0.660000, L=64
Indexing Time: 1.092588 Seconds

Estimated Memory Usage: 64974848 Bytes

check_k=1
1	1.101257	0.121880	1.000000
2	1.111262	0.101330	1.000000
5	1.131239	0.097020	0.600000
10	1.145994	0.092720	0.300000
20	1.165816	0.091580	0.300000
50	1.244138	0.092980	7.760000
100	1.357282	0.092650	4.650000

check_k=2
1	1.086287	0.136820	1.000000
2	1.096463	0.131030	1.500000
5	1.106016	0.132560	1.200000
10	1.117546	0.135100	0.700000
20	1.132345	0.137190	0.700000
50	1.200626	0.141770	10.640000
100	1.245775	0.146180	8.710000

check_k=4
1	1.072235	0.236680	3.000000
2	1.077179	0.237950	2.500000
5	1.084220	0.238880	2.200000
10	1.093602	0.240760	1.400000
20	1.107051	0.241720	1.400000
50	1.163749	0.245750	13.160000
100	1.196496	0.252730	12.080000

check_k=8
1	1.059669	0.431200	3.000000
2	1.061752	0.432390	2.500000
5	1.068433	0.445950	2.800000
10	1.075800	0.449750	2.200000
20	1.083239	0.434280	2.600000
50	1.136458	0.438580	17.299999
100	1.149424	0.446160	15.630000

check_k=16
1	1.045464	0.810170	8.000000
2	1.051334	0.798020	5.000000
5	1.053859	0.801880	5.600000
10	1.059124	0.807140	4.600000
20	1.065558	0.825530	5.150000
50	1.118803	0.805700	22.340000
100	1.134120	0.817590	20.940001

check_k=32
1	1.035730	1.509330	16.000000
2	1.035558	1.539350	11.500000
5	1.039647	1.504260	10.200000
10	1.043951	1.523650	9.200000
20	1.048438	1.525950	9.700000
50	1.108970	1.539660	26.180000
100	1.116684	1.529730	25.799999

check_k=64
1	1.020160	2.879150	29.000000
2	1.024529	2.882370	21.000000
5	1.026274	2.880660	20.200001
10	1.029919	2.870480	18.400000
20	1.032878	2.899370	18.900000
50	1.097119	2.891090	30.639999
100	1.120279	2.878740	30.090000

check_k=128
1	1.007350	5.382989	45.000000
2	1.014525	5.358540	37.000000
5	1.016161	5.359400	36.799999
10	1.018872	5.345820	35.200001
20	1.020583	5.342130	33.799999
50	1.087956	5.347810	34.639999
100	1.107860	5.393830	34.849998

check_k=256
1	1.000000	9.652750	69.000000
2	1.004898	9.710071	62.000000
5	1.006711	9.706600	57.799999
10	1.009169	9.654450	55.799999
20	1.010264	9.677160	56.400002
50	1.077842	9.694950	38.520000
100	1.097878	9.719440	40.230000

check_k=512
1	1.000000	16.146801	88.000000
2	1.000000	16.036461	85.000000
5	1.000143	16.114222	82.599998
10	1.003134	16.080940	80.800003
20	1.003260	16.068279	80.750000
50	1.076055	16.081249	41.259998
100	1.090100	16.100821	44.340000

lcsb  r=0.660000, L=128
Indexing Time: 2.507479 Seconds

Estimated Memory Usage: 125886464 Bytes

check_k=1
1	1.086349	0.256890	1.000000
2	1.095352	0.232790	1.000000
5	1.104729	0.227260	0.800000
10	1.121457	0.206740	0.600000
20	1.132976	0.207690	0.450000
50	1.200855	0.211190	11.020000
100	1.245671	0.216710	8.590000

check_k=2
1	1.073797	0.309800	2.000000
2	1.082150	0.316410	2.000000
5	1.087994	0.325440	2.000000
10	1.098225	0.346890	1.500000
20	1.106741	0.318340	1.400000
50	1.160377	0.323300	13.520000
100	1.194821	0.330630	12.020000

check_k=4
1	1.052923	0.514280	6.000000
2	1.064690	0.520620	4.500000
5	1.069624	0.527950	4.600000
10	1.075325	0.518050	3.100000
20	1.082370	0.528700	2.800000
50	1.136011	0.531730	17.879999
100	1.152789	0.546490	16.100000

check_k=8
1	1.042434	0.912670	10.000000
2	1.049061	0.893670	7.000000
5	1.052345	0.890710	7.000000
10	1.058675	0.896850	5.600000
20	1.063751	0.904520	5.350000
50	1.118881	0.953590	22.400000
100	1.129653	0.915720	20.809999

check_k=16
1	1.028750	1.612860	16.000000
2	1.035558	1.616490	12.500000
5	1.040723	1.621610	13.600000
10	1.043984	1.608530	10.700000
20	1.047112	1.619600	10.350000
50	1.109516	1.674110	26.360001
100	1.115063	1.633320	26.120001

check_k=32
1	1.014679	3.030980	26.000000
2	1.021847	2.981020	23.000000
5	1.025048	3.037730	22.600000
10	1.029873	2.988580	19.600000
20	1.032333	3.017230	19.549999
50	1.095115	3.044180	30.879999
100	1.123598	3.043170	30.400000

check_k=64
1	1.006428	5.540090	43.000000
2	1.014941	5.562440	35.500000
5	1.015677	5.548880	36.000000
10	1.018051	5.575180	34.500000
20	1.019206	5.584370	33.900002
50	1.085776	5.588480	34.720001
100	1.108075	5.576890	35.020000

check_k=128
1	1.000000	9.924680	63.000000
2	1.004708	9.919300	57.500000
5	1.005890	9.915880	57.599998
10	1.009297	9.910730	58.099998
20	1.010317	9.898940	56.599998
50	1.078736	9.956330	38.259998
100	1.097962	9.939079	40.470001

check_k=256
1	1.000000	16.347200	88.000000
2	1.000000	16.363131	83.000000
5	1.001025	16.305981	80.800003
10	1.002412	16.359991	80.900002
20	1.003555	16.369579	81.400002
50	1.076404	16.325890	41.060001
100	1.089393	16.381851	44.349998

check_k=512
1	1.000000	23.594030	95.000000
2	1.000000	23.553301	94.500000
5	1.000000	23.552708	95.599998
10	1.000000	23.300039	95.400002
20	1.000226	23.339361	96.000000
50	1.074708	23.319580	42.599998
100	1.087237	23.348110	45.689999

lcsb  r=0.660000, L=256
Indexing Time: 5.158562 Seconds

Estimated Memory Usage: 247713792 Bytes

check_k=1
1	1.074467	0.533950	1.000000
2	1.078725	0.508670	1.500000
5	1.086168	0.483740	1.600000
10	1.096581	0.478930	1.700000
20	1.105215	0.479400	1.300000
50	1.161168	0.483160	13.320000
100	1.192702	0.489530	11.870000

check_k=2
1	1.052923	0.678050	3.000000
2	1.061507	0.689490	3.500000
5	1.069531	0.689570	3.600000
10	1.076772	0.691440	3.300000
20	1.082922	0.713730	2.950000
50	1.138056	0.697040	17.360001
100	1.150128	0.705740	15.580000

check_k=4
1	1.039644	1.067640	10.000000
2	1.047477	1.073660	10.000000
5	1.052375	1.074520	8.400000
10	1.058799	1.075390	6.400000
20	1.063566	1.075720	5.700000
50	1.115797	1.079350	22.400000
100	1.128508	1.090960	21.000000

check_k=8
1	1.029471	1.811880	15.000000
2	1.034432	1.795120	15.500000
5	1.037292	1.794490	12.800000
10	1.042207	1.800210	11.100000
20	1.047369	1.797030	10.400000
50	1.113508	1.821740	26.540001
100	1.114332	1.812920	26.020000

check_k=16
1	1.016796	3.154290	25.000000
2	1.019152	3.151210	24.000000
5	1.027608	3.169170	22.799999
10	1.030154	3.153240	19.500000
20	1.032480	3.151850	20.000000
50	1.092986	3.177940	30.820000
100	1.121253	3.175040	30.629999

check_k=32
1	1.003025	5.651390	43.000000
2	1.011342	5.675310	43.500000
5	1.015748	5.675090	40.000000
10	1.017384	5.659360	36.200001
20	1.019749	5.673689	35.750000
50	1.087803	5.661380	34.759998
100	1.107057	5.701760	35.029999

check_k=64
1	1.000000	9.902250	63.000000
2	1.002852	9.911100	61.500000
5	1.006224	9.906040	63.400002
10	1.008798	9.906000	60.099998
20	1.010502	9.916579	58.000000
50	1.079220	9.916320	38.060001
100	1.098222	9.935590	40.310001

check_k=128
1	1.000000	16.208778	84.000000
2	1.000000	16.228359	81.500000
5	1.000723	16.225430	83.400002
10	1.002439	16.193520	82.699997
20	1.003406	16.227110	81.150002
50	1.076284	16.220819	40.939999
100	1.091317	16.255518	44.099998

check_k=256
1	1.000000	23.288410	98.000000
2	1.000000	23.306379	97.500000
5	1.000000	23.289331	97.599998
10	1.000000	23.288380	96.400002
20	1.000139	23.282112	95.849998
50	1.074708	23.304371	42.400002
100	1.087237	23.243189	45.660000

check_k=512
1	1.000000	28.128319	100.000000
2	1.000000	28.263308	100.000000
5	1.000000	28.180819	100.000000
10	1.000000	28.150549	99.699997
20	1.000000	28.176912	99.800003
50	1.075313	28.274551	42.740002
100	1.086103	28.284100	46.040001

lcsb  r=0.660000, L=512
Indexing Time: 10.949425 Seconds

Estimated Memory Usage: 491237376 Bytes

check_k=1
1	1.061846	1.123130	4.000000
2	1.063829	1.109500	3.500000
5	1.069571	1.083130	4.000000
10	1.077523	1.083340	3.500000
20	1.082976	1.083030	2.800000
50	1.138238	1.088140	17.580000
100	1.151065	1.096530	15.450000

check_k=2
1	1.040128	1.498150	8.000000
2	1.048049	1.487290	7.000000
5	1.053859	1.485230	7.400000
10	1.059424	1.488470	6.200000
20	1.065983	1.486100	6.000000
50	1.117127	1.493370	22.180000
100	1.132419	1.501040	20.590000

check_k=4
1	1.026139	2.238320	16.000000
2	1.032390	2.220860	15.500000
5	1.038511	2.219590	13.800000
10	1.041765	2.219930	11.600000
20	1.045688	2.246660	11.050000
50	1.115077	2.235280	26.379999
100	1.117157	2.244970	25.820000

check_k=8
1	1.016641	3.627370	26.000000
2	1.022009	3.655150	25.000000
5	1.025882	3.630010	22.600000
10	1.030045	3.629920	20.799999
20	1.031889	3.663400	19.650000
50	1.095673	3.635560	30.799999
100	1.122724	3.649810	30.629999

check_k=16
1	1.006446	6.203270	39.000000
2	1.012960	6.211170	38.500000
5	1.015360	6.179890	37.599998
10	1.019399	6.204570	35.200001
20	1.019801	6.210270	35.450001
50	1.088243	6.184110	34.799999
100	1.108847	6.226780	35.259998

check_k=32
1	1.000000	10.618190	61.000000
2	1.003099	10.614330	60.500000
5	1.005335	10.620630	59.200001
10	1.009599	10.614641	57.400002
20	1.010092	10.625091	56.849998
50	1.074146	10.625381	38.459999
100	1.099564	10.644940	40.259998

check_k=64
1	1.000000	17.032841	83.000000
2	1.000000	17.031950	83.500000
5	1.000835	16.988899	83.400002
10	1.002086	17.034620	83.099998
20	1.003376	17.003490	81.099998
50	1.074773	16.949369	41.279999
100	1.090314	16.987499	44.070000

check_k=128
1	1.000000	24.139040	99.000000
2	1.000000	23.893919	98.000000
5	1.000000	23.764118	97.199997
10	1.000000	23.753611	97.199997
20	1.000000	23.776020	96.250000
50	1.074708	23.743990	42.619999
100	1.086966	23.723421	45.630001

check_k=256
1	1.000000	28.683821	100.000000
2	1.000000	28.760410	100.000000
5	1.000000	28.766979	100.000000
10	1.000000	28.776499	100.000000
20	1.000000	28.757561	99.900002
50	1.075313	28.770700	42.740002
100	1.086103	28.766689	46.029999

check_k=512
1	1.000000	30.659842	100.000000
2	1.000000	30.631069	100.000000
5	1.000000	30.644121	100.000000
10	1.000000	30.632801	100.000000
20	1.000000	30.630850	100.000000
50	1.075313	30.629101	42.740002
100	1.086103	30.652189	46.070000

