lcsb  r=0.660000, L=8
Indexing Time: 0.150371 Seconds

Estimated Memory Usage: 11710464 Bytes

check_k=1
1	1.180430	0.011980	0.000000
2	1.189669	0.010370	0.000000
5	1.227111	0.006830	0.000000
10	1.291270	0.006060	0.000000
20	31622.777344	0.006090	0.000000
50	31622.777344	0.005840	1.080000
100	31622.777344	0.005750	0.660000

check_k=2
1	1.147434	0.013080	0.000000
2	1.164837	0.009190	0.000000
5	1.190673	0.009100	0.400000
10	1.215705	0.009290	0.200000
20	1.286272	0.009590	0.100000
50	31622.777344	0.009600	2.460000
100	31622.777344	0.009640	1.220000

check_k=4
1	1.131413	0.022930	1.000000
2	1.141227	0.018440	0.500000
5	1.157107	0.016850	0.600000
10	1.174633	0.017000	0.300000
20	1.204013	0.017550	0.150000
50	1.363007	0.018230	4.660000
100	31622.777344	0.018310	2.490000

check_k=8
1	1.110084	0.044060	1.000000
2	1.112165	0.042450	0.500000
5	1.128652	0.041300	0.800000
10	1.148619	0.042010	0.500000
20	1.164673	0.042940	0.300000
50	1.253120	0.044830	8.020000
100	1.363473	0.044600	4.710000

check_k=16
1	1.089817	0.089900	1.000000
2	1.095048	0.090110	0.500000
5	1.110000	0.090230	1.200000
10	1.118151	0.090180	0.800000
20	1.133717	0.093700	0.500000
50	1.199430	0.097470	10.680000
100	1.248611	0.098960	8.940000

check_k=32
1	1.075267	0.184190	2.000000
2	1.078540	0.181030	1.000000
5	1.088028	0.179380	1.600000
10	1.098573	0.180900	1.400000
20	1.105176	0.181010	1.050000
50	1.164848	0.184780	12.980000
100	1.194906	0.193600	11.780000

check_k=64
1	1.058300	0.363720	3.000000
2	1.060855	0.366970	1.500000
5	1.069795	0.366730	3.200000
10	1.076749	0.365500	2.900000
20	1.082536	0.368680	2.500000
50	1.140054	0.369460	17.480000
100	1.151265	0.378680	15.690000

check_k=128
1	1.045854	0.720710	4.000000
2	1.048657	0.723520	3.000000
5	1.054899	0.727300	5.600000
10	1.059097	0.745060	5.200000
20	1.064889	0.752790	4.900000
50	1.117354	0.740530	21.940001
100	1.130487	0.756460	20.870001

check_k=256
1	1.034787	1.443080	10.000000
2	1.038011	1.459140	9.500000
5	1.039919	1.476670	10.400000
10	1.042142	1.442860	9.900000
20	1.048885	1.469610	10.350000
50	1.111846	1.437710	25.700001
100	1.122571	1.459590	26.040001

check_k=512
1	1.019146	2.797760	20.000000
2	1.024681	2.968920	17.000000
5	1.027037	3.374090	21.400000
10	1.029439	3.413620	20.000000
20	1.032027	3.474930	19.850000
50	1.088174	3.413290	30.820000
100	1.122301	3.456020	30.990000

lcsb  r=0.660000, L=16
Indexing Time: 0.283353 Seconds

Estimated Memory Usage: 19357696 Bytes

check_k=1
1	1.146320	0.036780	0.000000
2	1.162584	0.025810	0.000000
5	1.186231	0.018310	0.200000
10	1.218389	0.014720	0.100000
20	1.287278	0.014010	0.050000
50	31622.777344	0.013910	2.200000
100	31622.777344	0.013770	1.170000

check_k=2
1	1.123989	0.029450	0.000000
2	1.135924	0.027470	0.000000
5	1.152576	0.030140	0.400000
10	1.175120	0.027830	0.200000
20	1.206450	0.028230	0.200000
50	1.354844	0.029040	4.560000
100	31622.777344	0.029340	2.270000

check_k=4
1	1.099783	0.058760	1.000000
2	1.111761	0.059490	0.500000
5	1.129674	0.060050	0.800000
10	1.146148	0.060630	0.500000
20	1.162903	0.061440	0.450000
50	1.249493	0.063400	8.000000
100	1.357482	0.064450	4.590000

check_k=8
1	1.090519	0.121990	1.000000
2	1.092962	0.122160	0.500000
5	1.104427	0.120670	1.000000
10	1.119508	0.123160	0.700000
20	1.132954	0.123620	0.650000
50	1.199566	0.132510	10.580000
100	1.242400	0.132940	8.570000

check_k=16
1	1.077690	0.238280	1.000000
2	1.078297	0.246490	0.500000
5	1.085427	0.250410	1.400000
10	1.092518	0.241750	1.200000
20	1.105917	0.235890	1.250000
50	1.160391	0.246240	12.960000
100	1.195131	0.249550	11.950000

check_k=32
1	1.058300	0.465920	3.000000
2	1.061167	0.463880	1.500000
5	1.068716	0.463070	2.200000
10	1.074549	0.467960	2.400000
20	1.083819	0.458900	2.600000
50	1.141244	0.462820	17.299999
100	1.154160	0.468680	15.460000

check_k=64
1	1.046877	0.880310	11.000000
2	1.050052	0.896840	5.500000
5	1.055725	0.900550	5.600000
10	1.059595	0.899160	5.000000
20	1.065022	0.902320	4.900000
50	1.120004	0.913060	22.100000
100	1.132197	0.874870	20.730000

check_k=128
1	1.035730	1.719040	13.000000
2	1.038094	1.758480	8.500000
5	1.040197	1.760870	9.600000
10	1.044711	1.773100	9.800000
20	1.048540	1.741450	9.350000
50	1.114002	1.762160	26.459999
100	1.119952	1.760300	25.299999

check_k=256
1	1.019283	3.397190	22.000000
2	1.027047	3.375990	17.000000
5	1.028742	3.378930	16.200001
10	1.030334	3.363130	16.700001
20	1.033781	3.441090	17.650000
50	1.092649	3.488580	30.340000
100	1.116907	3.425160	30.500000

check_k=512
1	1.011202	6.482250	37.000000
2	1.015874	5.389970	31.000000
5	1.015298	5.304760	34.000000
10	1.019698	5.310450	34.099998
20	1.020316	5.337110	33.400002
50	1.088242	5.370950	34.580002
100	1.104718	5.366400	35.480000

lcsb  r=0.660000, L=32
Indexing Time: 0.536832 Seconds

Estimated Memory Usage: 34516992 Bytes

check_k=1
1	1.125099	0.057920	0.000000
2	1.136359	0.049200	0.000000
5	1.157763	0.045140	0.000000
10	1.178129	0.038530	0.000000
20	1.211186	0.035250	0.050000
50	1.348781	0.034890	4.420000
100	31622.777344	0.034470	2.380000

check_k=2
1	1.100957	0.066420	0.000000
2	1.116603	0.062860	0.000000
5	1.131237	0.060600	0.400000
10	1.146537	0.061300	0.300000
20	1.163673	0.062360	0.300000
50	1.245995	0.065030	8.000000
100	1.350960	0.066310	4.590000

check_k=4
1	1.088002	0.116210	2.000000
2	1.092014	0.114340	1.000000
5	1.106279	0.112540	1.000000
10	1.119040	0.112930	0.800000
20	1.134004	0.113570	0.700000
50	1.196248	0.117380	10.740000
100	1.244022	0.121330	8.770000

check_k=8
1	1.075285	0.209010	2.000000
2	1.078897	0.209090	1.000000
5	1.082841	0.209050	1.400000
10	1.095367	0.208410	1.300000
20	1.105495	0.208870	1.300000
50	1.161805	0.212850	13.100000
100	1.195899	0.219440	11.780000

check_k=16
1	1.058303	0.392930	3.000000
2	1.060738	0.391190	1.500000
5	1.067600	0.391090	2.600000
10	1.074910	0.396320	2.500000
20	1.083082	0.393780	2.550000
50	1.137622	0.397390	17.299999
100	1.158808	0.406680	15.820000

check_k=32
1	1.046240	0.759840	8.000000
2	1.050880	0.752670	4.000000
5	1.055198	0.761710	4.400000
10	1.059548	0.758450	4.900000
20	1.063482	0.755990	4.900000
50	1.122230	0.761790	22.080000
100	1.135602	0.766120	20.709999

check_k=64
1	1.035730	1.457930	17.000000
2	1.037972	1.471540	10.000000
5	1.039597	1.488210	9.800000
10	1.044261	1.475140	9.600000
20	1.047738	1.468060	9.750000
50	1.108808	1.498970	25.959999
100	1.114961	1.492130	25.420000

check_k=128
1	1.020160	2.827460	24.000000
2	1.026076	2.812340	17.500000
5	1.027608	2.805880	18.600000
10	1.029881	2.821870	19.299999
20	1.032662	2.807390	18.350000
50	1.096987	2.856940	30.760000
100	1.118786	2.863330	30.209999

check_k=256
1	1.008411	5.387209	44.000000
2	1.013604	5.329450	37.000000
5	1.015325	5.360040	35.599998
10	1.018675	5.360240	34.299999
20	1.020342	5.365970	34.099998
50	1.086541	5.325430	34.759998
100	1.106392	5.351360	35.070000

check_k=512
1	1.000000	9.641740	66.000000
2	1.004017	9.689430	60.500000
5	1.005596	9.658211	60.799999
10	1.008756	9.681650	60.200001
20	1.010242	9.646870	57.450001
50	1.076234	9.725240	38.599998
100	1.097649	9.762930	40.580002

lcsb  r=0.660000, L=64
Indexing Time: 1.105524 Seconds

Estimated Memory Usage: 64974848 Bytes

check_k=1
1	1.101257	0.123710	1.000000
2	1.111262	0.101150	1.000000
5	1.131239	0.097240	0.600000
10	1.145994	0.096180	0.300000
20	1.165816	0.087410	0.300000
50	1.244138	0.090030	7.760000
100	1.357282	0.092230	4.650000

check_k=2
1	1.086287	0.141080	1.000000
2	1.096463	0.141630	1.500000
5	1.106016	0.141110	1.200000
10	1.117546	0.141720	0.700000
20	1.132345	0.143550	0.700000
50	1.200626	0.146630	10.640000
100	1.245775	0.151680	8.710000

check_k=4
1	1.072235	0.241100	3.000000
2	1.077179	0.241480	2.500000
5	1.084220	0.241510	2.200000
10	1.093602	0.242550	1.400000
20	1.107051	0.244660	1.400000
50	1.163749	0.251150	13.160000
100	1.196496	0.256760	12.080000

check_k=8
1	1.059669	0.431290	3.000000
2	1.061752	0.434710	2.500000
5	1.068433	0.434210	2.800000
10	1.075800	0.433990	2.200000
20	1.083239	0.433860	2.600000
50	1.136458	0.438780	17.299999
100	1.149424	0.449560	15.630000

check_k=16
1	1.045464	0.816080	8.000000
2	1.051334	0.809560	5.000000
5	1.053859	0.801770	5.600000
10	1.059124	0.803950	4.600000
20	1.065558	0.806890	5.150000
50	1.118803	0.802160	22.340000
100	1.134120	0.810210	20.940001

check_k=32
1	1.035730	1.512610	16.000000
2	1.035558	1.502490	11.500000
5	1.039647	1.507450	10.200000
10	1.043951	1.517130	9.200000
20	1.048438	1.507710	9.700000
50	1.108970	1.507910	26.180000
100	1.116684	1.516170	25.799999

check_k=64
1	1.020160	2.838610	29.000000
2	1.024529	2.872760	21.000000
5	1.026274	2.846420	20.200001
10	1.029919	2.841510	18.400000
20	1.032878	2.848360	18.900000
50	1.097119	2.855170	30.639999
100	1.120279	2.868560	30.090000

check_k=128
1	1.007350	5.344560	45.000000
2	1.014525	5.319559	37.000000
5	1.016161	5.352860	36.799999
10	1.018872	5.330870	35.200001
20	1.020583	5.332910	33.799999
50	1.087956	5.332220	34.639999
100	1.107860	5.374600	34.849998

check_k=256
1	1.000000	9.642250	69.000000
2	1.004898	9.660379	62.000000
5	1.006711	9.663839	57.799999
10	1.009169	9.615130	55.799999
20	1.010264	9.667660	56.400002
50	1.077842	9.602640	38.520000
100	1.097878	9.682420	40.230000

check_k=512
1	1.000000	16.129950	88.000000
2	1.000000	16.106451	85.000000
5	1.000143	16.097260	82.599998
10	1.003134	16.035660	80.800003
20	1.003260	16.010971	80.750000
50	1.076055	16.176470	41.259998
100	1.090100	16.191759	44.340000

lcsb  r=0.660000, L=128
Indexing Time: 2.512936 Seconds

Estimated Memory Usage: 125886464 Bytes

check_k=1
1	1.086349	0.280240	1.000000
2	1.095352	0.235050	1.000000
5	1.104729	0.223030	0.800000
10	1.121457	0.219610	0.600000
20	1.132976	0.213040	0.450000
50	1.200855	0.212450	11.020000
100	1.245671	0.308990	8.590000

check_k=2
1	1.073797	0.345890	2.000000
2	1.082150	0.318340	2.000000
5	1.087994	0.320180	2.000000
10	1.098225	0.326920	1.500000
20	1.106741	0.321950	1.400000
50	1.160377	0.324010	13.520000
100	1.194821	0.332700	12.020000

check_k=4
1	1.052923	0.510980	6.000000
2	1.064690	0.517740	4.500000
5	1.069624	0.517540	4.600000
10	1.075325	0.519660	3.100000
20	1.082370	0.522140	2.800000
50	1.136011	0.528820	17.879999
100	1.152789	0.533330	16.100000

check_k=8
1	1.042434	0.883870	10.000000
2	1.049061	0.887260	7.000000
5	1.052345	0.924720	7.000000
10	1.058675	0.879270	5.600000
20	1.063751	0.881930	5.350000
50	1.118881	0.896160	22.400000
100	1.129653	0.901390	20.809999

check_k=16
1	1.028750	1.586040	16.000000
2	1.035558	1.573030	12.500000
5	1.040723	1.594240	13.600000
10	1.043984	1.604400	10.700000
20	1.047112	1.610280	10.350000
50	1.109516	1.588590	26.360001
100	1.115063	1.598790	26.120001

check_k=32
1	1.014679	2.932050	26.000000
2	1.021847	2.912400	23.000000
5	1.025048	2.920540	22.600000
10	1.029873	2.986570	19.600000
20	1.032333	2.955260	19.549999
50	1.095115	2.943870	30.879999
100	1.123598	3.001600	30.400000

check_k=64
1	1.006428	5.384410	43.000000
2	1.014941	5.460280	35.500000
5	1.015677	5.430630	36.000000
10	1.018051	5.395110	34.500000
20	1.019206	5.467370	33.900002
50	1.085776	5.462680	34.720001
100	1.108075	5.463620	35.020000

check_k=128
1	1.000000	9.730530	63.000000
2	1.004708	9.787970	57.500000
5	1.005890	9.687190	57.599998
10	1.009297	9.646811	58.099998
20	1.010317	9.741500	56.599998
50	1.078736	9.661980	38.259998
100	1.097962	9.725110	40.470001

check_k=256
1	1.000000	15.882180	88.000000
2	1.000000	18.455238	83.000000
5	1.001025	17.525969	80.800003
10	1.002412	17.304300	80.900002
20	1.003555	17.335579	81.400002
50	1.076404	16.541620	41.060001
100	1.089393	15.886661	44.349998

check_k=512
1	1.000000	22.797480	95.000000
2	1.000000	22.856451	94.500000
5	1.000000	22.819752	95.599998
10	1.000000	22.782089	95.400002
20	1.000226	22.790930	96.000000
50	1.074708	22.822361	42.599998
100	1.087237	22.805779	45.689999

lcsb  r=0.660000, L=256
Indexing Time: 5.333821 Seconds

Estimated Memory Usage: 247713792 Bytes

check_k=1
1	1.074467	0.532030	1.000000
2	1.078725	0.513740	1.500000
5	1.086168	0.492230	1.600000
10	1.096581	0.483170	1.700000
20	1.105215	0.482960	1.300000
50	1.161168	0.485850	13.320000
100	1.192702	0.491800	11.870000

check_k=2
1	1.052923	0.678190	3.000000
2	1.061507	0.698620	3.500000
5	1.069531	0.727840	3.600000
10	1.076772	0.695100	3.300000
20	1.082922	0.694250	2.950000
50	1.138056	0.698150	17.360001
100	1.150128	0.706140	15.580000

check_k=4
1	1.039644	1.072400	10.000000
2	1.047477	1.077760	10.000000
5	1.052375	1.076250	8.400000
10	1.058799	1.090470	6.400000
20	1.063566	1.093760	5.700000
50	1.115797	1.098910	22.400000
100	1.128508	1.126480	21.000000

check_k=8
1	1.029471	1.772880	15.000000
2	1.034432	1.779840	15.500000
5	1.037292	1.772500	12.800000
10	1.042207	1.775390	11.100000
20	1.047369	1.777950	10.400000
50	1.113508	1.813640	26.540001
100	1.114332	1.789060	26.020000

check_k=16
1	1.016796	3.140660	25.000000
2	1.019152	3.168960	24.000000
5	1.027608	3.153840	22.799999
10	1.030154	3.123930	19.500000
20	1.032480	3.127310	20.000000
50	1.092986	3.167790	30.820000
100	1.121253	3.167510	30.629999

check_k=32
1	1.003025	5.748370	43.000000
2	1.011342	5.656420	43.500000
5	1.015748	5.665370	40.000000
10	1.017384	5.697660	36.200001
20	1.019749	5.655020	35.750000
50	1.087803	5.636240	34.759998
100	1.107057	5.737720	35.029999

check_k=64
1	1.000000	9.864799	63.000000
2	1.002852	9.930409	61.500000
5	1.006224	9.877610	63.400002
10	1.008798	9.926210	60.099998
20	1.010502	9.870700	58.000000
50	1.079220	9.942719	38.060001
100	1.098222	9.903601	40.310001

check_k=128
1	1.000000	16.211479	84.000000
2	1.000000	16.218250	81.500000
5	1.000723	16.242781	83.400002
10	1.002439	16.211189	82.699997
20	1.003406	16.242281	81.150002
50	1.076284	16.197250	40.939999
100	1.091317	16.273849	44.099998

check_k=256
1	1.000000	23.350130	98.000000
2	1.000000	23.302650	97.500000
5	1.000000	23.286489	97.599998
10	1.000000	23.425779	96.400002
20	1.000139	23.505249	95.849998
50	1.074708	23.435701	42.400002
100	1.087237	24.825821	45.660000

check_k=512
1	1.000000	30.542231	100.000000
2	1.000000	29.715891	100.000000
5	1.000000	28.805550	100.000000
10	1.000000	28.284901	99.699997
20	1.000000	28.332520	99.800003
50	1.075313	28.325911	42.740002
100	1.086103	28.745689	46.040001

lcsb  r=0.660000, L=512
Indexing Time: 10.921708 Seconds

Estimated Memory Usage: 491237376 Bytes

check_k=1
1	1.061846	1.116310	4.000000
2	1.063829	1.095240	3.500000
5	1.069571	1.076860	4.000000
10	1.077523	1.072310	3.500000
20	1.082976	1.080090	2.800000
50	1.138238	1.080540	17.580000
100	1.151065	1.126160	15.450000

check_k=2
1	1.040128	1.541840	8.000000
2	1.048049	1.495060	7.000000
5	1.053859	1.501110	7.400000
10	1.059424	1.486800	6.200000
20	1.065983	1.484440	6.000000
50	1.117127	1.484730	22.180000
100	1.132419	1.534340	20.590000

check_k=4
1	1.026139	2.201850	16.000000
2	1.032390	2.207840	15.500000
5	1.038511	2.205300	13.800000
10	1.041765	2.251280	11.600000
20	1.045688	2.288000	11.050000
50	1.115077	2.213570	26.379999
100	1.117157	2.230520	25.820000

check_k=8
1	1.016641	3.588020	26.000000
2	1.022009	3.633910	25.000000
5	1.025882	3.605020	22.600000
10	1.030045	3.677270	20.799999
20	1.031889	3.591580	19.650000
50	1.095673	3.610520	30.799999
100	1.122724	3.654930	30.629999

check_k=16
1	1.006446	6.188570	39.000000
2	1.012960	6.169030	38.500000
5	1.015360	6.133911	37.599998
10	1.019399	6.222920	35.200001
20	1.019801	6.182010	35.450001
50	1.088243	6.134451	34.799999
100	1.108847	6.208200	35.259998

check_k=32
1	1.000000	10.553811	61.000000
2	1.003099	10.584781	60.500000
5	1.005335	10.525160	59.200001
10	1.009599	10.943069	57.400002
20	1.010092	10.956959	56.849998
50	1.074146	10.966330	38.459999
100	1.099564	10.986200	40.259998

check_k=64
1	1.000000	17.629461	83.000000
2	1.000000	17.840172	83.500000
5	1.000835	17.830849	83.400002
10	1.002086	17.819559	83.099998
20	1.003376	17.622099	81.099998
50	1.074773	17.477392	41.279999
100	1.090314	17.511700	44.070000

check_k=128
1	1.000000	24.933239	99.000000
2	1.000000	25.404858	98.000000
5	1.000000	25.270592	97.199997
10	1.000000	25.132839	97.199997
20	1.000000	24.847441	96.250000
50	1.074708	25.063250	42.619999
100	1.086966	24.965940	45.630001

check_k=256
1	1.000000	30.060841	100.000000
2	1.000000	30.010601	100.000000
5	1.000000	29.948689	100.000000
10	1.000000	30.237600	100.000000
20	1.000000	30.448441	99.900002
50	1.075313	30.265291	42.740002
100	1.086103	30.123100	46.029999

check_k=512
1	1.000000	32.136829	100.000000
2	1.000000	32.310219	100.000000
5	1.000000	32.159863	100.000000
10	1.000000	31.937561	100.000000
20	1.000000	32.194790	100.000000
50	1.075313	32.447258	42.740002
100	1.086103	32.435753	46.070000

