lcsb  r=0.660000, L=8
Indexing Time: 4.126711 Seconds

Estimated Memory Usage: 139976704 Bytes

check_k=1
1	1.000000	0.012310	52.000000
2	1.301898	0.008640	26.500000
5	1.345094	0.007100	10.600000
10	1.396698	0.006380	5.400000
20	31622.777344	0.005880	2.850000
50	31622.777344	0.003600	1.240000
100	31622.777344	0.003230	0.660000

check_k=2
1	1.000000	0.008020	60.000000
2	1.258904	0.004910	31.500000
5	1.304339	0.004850	12.800000
10	1.321092	0.005050	6.700000
20	1.367251	0.005200	3.650000
50	31622.777344	0.005070	1.640000
100	31622.777344	0.005090	0.920000

check_k=4
1	1.000000	0.014160	66.000000
2	1.211538	0.008300	35.000000
5	1.261054	0.008030	14.200000
10	1.283666	0.008340	7.500000
20	1.296739	0.008700	4.200000
50	31622.777344	0.008990	2.100000
100	31622.777344	0.009050	1.220000

check_k=8
1	1.000000	0.025570	69.000000
2	1.170426	0.018000	37.500000
5	1.212224	0.017000	15.400000
10	1.239829	0.016860	8.400000
20	1.262506	0.017540	4.800000
50	1.272420	0.018800	2.500000
100	31622.777344	0.019410	1.560000

check_k=16
1	1.000000	0.056170	73.000000
2	1.142935	0.050970	40.500000
5	1.175492	0.044080	17.200001
10	1.194289	0.045400	9.600000
20	1.221000	0.046210	5.650000
50	1.242552	0.048910	3.200000
100	1.252245	0.051510	2.130000

check_k=32
1	1.000000	0.114660	79.000000
2	1.111181	0.111650	44.000000
5	1.142347	0.111380	19.600000
10	1.159809	0.110940	12.000000
20	1.188416	0.110870	7.250000
50	1.211579	0.113910	4.440000
100	1.218900	0.119330	3.010000

check_k=64
1	1.000000	0.234080	81.000000
2	1.091194	0.230070	45.000000
5	1.127492	0.226230	21.000000
10	1.138201	0.225990	13.500000
20	1.162054	0.226590	8.950000
50	1.174701	0.229260	5.860000
100	1.196381	0.235540	4.210000

check_k=128
1	1.000000	0.466270	82.000000
2	1.084492	0.456340	47.000000
5	1.103810	0.446450	23.400000
10	1.116645	0.442570	15.200000
20	1.131248	0.441170	10.750000
50	1.157000	0.443530	7.400000
100	1.165383	0.449720	5.750000

check_k=256
1	1.000000	0.911830	84.000000
2	1.064683	0.968300	51.000000
5	1.077988	0.896030	26.200001
10	1.095491	0.894450	19.100000
20	1.110440	0.891830	13.950000
50	1.131625	0.895450	10.040000
100	1.139480	0.902940	7.980000

check_k=512
1	1.000000	1.811090	85.000000
2	1.050544	1.827910	54.500000
5	1.061574	1.829820	30.600000
10	1.076774	1.887710	23.100000
20	1.085401	1.820150	17.500000
50	1.102608	1.817640	13.220000
100	1.110943	1.801010	10.890000

lcsb  r=0.660000, L=16
Indexing Time: 10.021375 Seconds

Estimated Memory Usage: 236036096 Bytes

check_k=1
1	1.000000	0.013880	81.000000
2	1.256428	0.009880	40.500000
5	1.333360	0.008540	16.200001
10	1.351592	0.008000	8.200000
20	31622.777344	0.004580	4.250000
50	31622.777344	0.004070	1.760000
100	31622.777344	0.004020	0.950000

check_k=2
1	1.000000	0.012990	81.000000
2	1.200077	0.007420	40.500000
5	1.269054	0.007200	17.000000
10	1.284028	0.007320	9.200000
20	1.310074	0.007660	4.950000
50	31622.777344	0.007770	2.180000
100	31622.777344	0.007710	1.300000

check_k=4
1	1.000000	0.024310	82.000000
2	1.151034	0.015870	41.000000
5	1.211788	0.014680	17.799999
10	1.243159	0.014750	9.900000
20	1.269635	0.015310	5.700000
50	1.284396	0.016330	2.820000
100	31622.777344	0.016430	1.760000

check_k=8
1	1.000000	0.052220	82.000000
2	1.119342	0.049560	42.500000
5	1.163956	0.044260	19.000000
10	1.205313	0.046060	11.100000
20	1.230635	0.045520	6.600000
50	1.246565	0.046870	3.660000
100	1.258527	0.048290	2.400000

check_k=16
1	1.000000	0.119430	82.000000
2	1.102724	0.103060	45.000000
5	1.139733	0.103560	20.799999
10	1.154681	0.104360	12.500000
20	1.199321	0.105470	7.900000
50	1.211400	0.108720	4.620000
100	1.220805	0.113670	3.150000

check_k=32
1	1.000000	0.232770	83.000000
2	1.086247	0.228370	46.000000
5	1.116525	0.225910	22.400000
10	1.126777	0.224970	13.900000
20	1.153940	0.222780	9.250000
50	1.182986	0.225450	6.100000
100	1.193120	0.234300	4.310000

check_k=64
1	1.000000	0.537760	83.000000
2	1.075039	0.450480	49.000000
5	1.098436	0.444380	25.600000
10	1.108683	0.440470	16.299999
20	1.122371	0.449270	11.300000
50	1.150606	0.449640	7.920000
100	1.166788	0.456070	5.840000

check_k=128
1	1.000000	0.910350	83.000000
2	1.065532	0.895190	52.500000
5	1.078515	0.893730	28.799999
10	1.090541	0.907410	19.200001
20	1.098699	0.891660	13.950000
50	1.119081	0.907410	10.460000
100	1.140127	0.912820	8.020000

check_k=256
1	1.000000	1.860810	84.000000
2	1.037028	2.049660	56.000000
5	1.062243	1.970290	32.400002
10	1.071506	1.948100	23.500000
20	1.080041	1.950930	18.750000
50	1.091332	1.971750	14.880000
100	1.108253	2.066020	12.010000

check_k=512
1	1.000000	3.888740	85.000000
2	1.028289	3.896530	59.500000
5	1.048937	3.970720	37.400002
10	1.054780	3.899970	28.600000
20	1.063113	3.898830	24.200001
50	1.071504	3.999560	20.299999
100	1.080557	3.905400	17.080000

lcsb  r=0.660000, L=32
Indexing Time: 21.682728 Seconds

Estimated Memory Usage: 428011520 Bytes

check_k=1
1	1.000000	0.025520	82.000000
2	1.191562	0.020210	42.000000
5	1.273912	0.018290	16.799999
10	1.309713	0.009730	8.900000
20	1.333839	0.008090	4.800000
50	31622.777344	0.007940	2.160000
100	31622.777344	0.007960	1.270000

check_k=2
1	1.000000	0.024920	82.000000
2	1.137110	0.015910	43.000000
5	1.184409	0.014780	18.400000
10	1.242309	0.014990	10.100000
20	1.266676	0.015480	5.650000
50	1.289802	0.016260	2.760000
100	31622.777344	0.016210	1.800000

check_k=4
1	1.000000	0.051840	82.000000
2	1.109936	0.048910	44.000000
5	1.138597	0.039300	20.200001
10	1.181404	0.040140	12.200000
20	1.217305	0.045310	7.350000
50	1.245711	0.044570	4.120000
100	1.255804	0.046170	2.810000

check_k=8
1	1.000000	0.118510	82.000000
2	1.089479	0.104120	46.500000
5	1.109105	0.104320	22.600000
10	1.136719	0.105150	15.100000
20	1.163297	0.106330	9.500000
50	1.205268	0.109640	5.940000
100	1.215495	0.200010	4.130000

check_k=16
1	1.000000	0.231390	82.000000
2	1.066787	0.224850	49.000000
5	1.091012	0.222760	25.200001
10	1.111023	0.221430	17.400000
20	1.129304	0.219800	11.800000
50	1.161205	0.221970	8.200000
100	1.181761	0.227740	6.070000

check_k=32
1	1.000000	0.455860	82.000000
2	1.047616	0.449380	51.000000
5	1.070562	0.450050	29.000000
10	1.087448	0.452250	21.600000
20	1.105812	0.447080	15.400000
50	1.131289	0.443470	11.380000
100	1.146573	0.448830	8.710000

check_k=64
1	1.000000	0.892550	87.000000
2	1.038786	0.881590	56.000000
5	1.052704	0.881960	34.799999
10	1.070986	0.890250	27.900000
20	1.081705	0.873010	20.500000
50	1.099255	0.876330	15.580000
100	1.118737	0.888230	12.370000

check_k=128
1	1.000000	1.872850	88.000000
2	1.022738	1.794180	62.000000
5	1.040703	1.771280	42.000000
10	1.051291	1.771220	34.099998
20	1.061208	1.779350	25.600000
50	1.075772	1.799670	20.740000
100	1.090669	1.830140	17.090000

check_k=256
1	1.000000	3.657380	90.000000
2	1.011179	3.545980	69.000000
5	1.028725	3.534000	49.200001
10	1.038390	3.537560	42.000000
20	1.046740	3.694600	33.799999
50	1.060578	3.595430	28.080000
100	1.068503	3.550000	23.580000

check_k=512
1	1.000000	7.139430	92.000000
2	1.000000	6.982640	75.000000
5	1.017916	7.199020	58.799999
10	1.026917	7.161470	50.799999
20	1.032508	6.982870	43.000000
50	1.042331	7.125570	37.500000
100	1.048564	7.079440	32.730000

lcsb  r=0.660000, L=64
Indexing Time: 46.120403 Seconds

Estimated Memory Usage: 812101632 Bytes

check_k=1
1	1.000000	0.048290	82.000000
2	1.147176	0.041600	43.500000
5	1.197562	0.031740	18.600000
10	1.261307	0.018370	9.900000
20	1.287121	0.016890	5.750000
50	31622.777344	0.016920	2.760000
100	31622.777344	0.016730	1.740000

check_k=2
1	1.000000	0.052290	82.000000
2	1.098041	0.047190	47.500000
5	1.147133	0.046550	21.600000
10	1.168709	0.046100	13.000000
20	1.215611	0.046700	8.250000
50	1.252007	0.048700	4.540000
100	1.268172	0.051880	3.090000

check_k=4
1	1.000000	0.114750	83.000000
2	1.076650	0.107690	48.000000
5	1.102222	0.107340	23.400000
10	1.126932	0.107340	15.400000
20	1.157706	0.108160	10.250000
50	1.205176	0.111350	6.320000
100	1.219997	0.115720	4.650000

check_k=8
1	1.000000	0.232680	84.000000
2	1.059305	0.227700	52.500000
5	1.077211	0.225420	27.400000
10	1.101559	0.224130	19.100000
20	1.123091	0.222760	13.300000
50	1.160026	0.225780	8.940000
100	1.179088	0.231420	6.760000

check_k=16
1	1.000000	0.460660	84.000000
2	1.045890	0.560500	54.500000
5	1.063494	0.444430	32.200001
10	1.081104	0.441000	23.500000
20	1.096557	0.438640	17.150000
50	1.117865	0.442620	12.720000
100	1.144197	0.448260	9.960000

check_k=32
1	1.000000	0.900010	85.000000
2	1.025350	0.886480	60.500000
5	1.049698	0.880300	39.400002
10	1.062019	0.879140	29.500000
20	1.075278	0.878710	23.150000
50	1.091941	0.880560	17.680000
100	1.109659	0.888590	14.250000

check_k=64
1	1.000000	1.745130	88.000000
2	1.010419	1.737060	67.500000
5	1.036399	1.902320	48.200001
10	1.043342	1.742150	36.700001
20	1.055706	1.732700	30.500000
50	1.068646	1.739360	24.360001
100	1.082618	1.756520	20.350000

check_k=128
1	1.000000	3.595240	90.000000
2	1.000000	3.761130	74.500000
5	1.024889	3.632020	56.200001
10	1.030716	3.568800	46.299999
20	1.038245	3.684960	39.599998
50	1.050020	3.688450	32.919998
100	1.058818	3.693050	28.350000

check_k=256
1	1.000000	7.342500	93.000000
2	1.000000	7.095180	80.000000
5	1.013248	7.247700	64.400002
10	1.021676	7.097050	56.000000
20	1.026546	7.323400	50.299999
50	1.032711	7.271210	43.400002
100	1.040804	7.319230	38.500000

check_k=512
1	1.000000	14.635460	96.000000
2	1.000000	15.142600	85.500000
5	1.004539	15.037869	76.199997
10	1.009319	15.015420	69.099998
20	1.015944	15.021091	62.799999
50	1.021944	15.006900	55.599998
100	1.027200	15.141069	50.660000

lcsb  r=0.660000, L=128
Indexing Time: 94.874535 Seconds

Estimated Memory Usage: 1580281856 Bytes

check_k=1
1	1.000000	0.095520	81.000000
2	1.104958	0.085330	46.000000
5	1.151377	0.073520	21.799999
10	1.197538	0.053900	11.900000
20	1.244037	0.046310	7.200000
50	1.267706	0.045700	3.860000
100	31622.777344	0.045490	2.550000

check_k=2
1	1.000000	0.125870	81.000000
2	1.062454	0.109380	48.500000
5	1.095487	0.109880	26.000000
10	1.127185	0.110370	16.100000
20	1.156314	0.111720	11.050000
50	1.207612	0.114410	6.660000
100	1.230172	0.118810	4.980000

check_k=4
1	1.000000	0.238850	84.000000
2	1.043258	0.233850	51.500000
5	1.067895	0.231570	31.600000
10	1.090627	0.230520	22.000000
20	1.115051	0.230800	15.550000
50	1.154451	0.233730	10.380000
100	1.177849	0.239690	8.140000

check_k=8
1	1.000000	0.468110	87.000000
2	1.025738	0.461060	58.000000
5	1.050412	0.456390	37.799999
10	1.068532	0.454110	27.700001
20	1.083752	0.453210	21.299999
50	1.112266	0.456600	15.480000
100	1.131763	0.463320	12.310000

check_k=16
1	1.000000	0.913060	89.000000
2	1.020241	0.910540	62.000000
5	1.036465	0.901710	43.799999
10	1.047954	0.898860	35.799999
20	1.061058	0.898030	28.549999
50	1.079691	0.904570	21.879999
100	1.100970	0.909180	17.950001

check_k=32
1	1.000000	1.795690	91.000000
2	1.010419	1.940120	67.500000
5	1.025772	1.796700	50.200001
10	1.035748	1.785430	44.299999
20	1.041683	1.783670	36.950001
50	1.058976	1.786860	29.480000
100	1.075196	1.794950	24.879999

check_k=64
1	1.000000	3.504950	95.000000
2	1.000000	3.517060	77.000000
5	1.017898	3.493470	60.599998
10	1.024570	3.501860	54.400002
20	1.031102	3.668080	46.950001
50	1.042213	3.496000	38.779999
100	1.053431	3.508120	34.090000

check_k=128
1	1.000000	6.935700	96.000000
2	1.000000	7.102120	84.000000
5	1.009145	6.991030	71.199997
10	1.013705	6.966580	65.099998
20	1.018187	6.918110	58.599998
50	1.027510	7.168510	50.639999
100	1.035608	6.922690	45.189999

check_k=256
1	1.000000	14.142889	98.000000
2	1.000000	14.200210	88.000000
5	1.001104	14.910110	81.400002
10	1.006590	14.941710	76.099998
20	1.010005	15.117960	70.550003
50	1.015702	15.143590	64.220001
100	1.021210	14.945409	58.529999

check_k=512
1	1.000000	29.620190	99.000000
2	1.000000	29.489151	92.500000
5	1.000000	29.454430	89.599998
10	1.002404	29.501198	85.199997
20	1.003719	29.467649	81.349998
50	1.007220	29.640701	76.860001
100	1.011027	29.465410	71.879997

lcsb  r=0.660000, L=256
Indexing Time: 191.935928 Seconds

Estimated Memory Usage: 3116638208 Bytes

check_k=1
1	1.000000	0.252290	82.000000
2	1.073882	0.158160	49.000000
5	1.114879	0.151180	26.600000
10	1.138534	0.134290	17.200001
20	1.174125	0.132470	11.350000
50	1.225193	0.134890	6.720000
100	1.244059	0.137210	4.490000

check_k=2
1	1.000000	0.262540	83.000000
2	1.033272	0.257470	55.000000
5	1.064576	0.359200	34.599998
10	1.085061	0.254080	25.200001
20	1.110302	0.253450	18.500000
50	1.152740	0.254290	12.500000
100	1.180329	0.260310	9.010000

check_k=4
1	1.000000	0.489300	86.000000
2	1.017428	0.484050	61.500000
5	1.044178	0.483750	43.000000
10	1.056608	0.478940	33.400002
20	1.077446	0.476450	26.700001
50	1.105376	0.479440	19.340000
100	1.130166	0.486610	14.820000

check_k=8
1	1.000000	0.939690	89.000000
2	1.006256	0.936720	67.000000
5	1.028268	0.932270	49.400002
10	1.038966	0.930460	42.900002
20	1.053983	0.930650	35.549999
50	1.073032	0.935350	27.540001
100	1.091566	0.949960	22.049999

check_k=16
1	1.000000	2.004810	90.000000
2	1.002991	1.831470	72.500000
5	1.018138	1.826790	58.000000
10	1.021769	1.824550	52.400002
20	1.035072	1.823790	45.500000
50	1.051958	1.827860	37.020000
100	1.062909	1.845610	30.910000

check_k=32
1	1.000000	3.590940	91.000000
2	1.000000	3.704020	78.500000
5	1.010429	3.594330	67.400002
10	1.015767	3.590750	62.299999
20	1.022828	3.763320	56.450001
50	1.033092	3.601940	48.180000
100	1.042342	3.609180	41.340000

check_k=64
1	1.000000	7.065930	95.000000
2	1.000000	6.955270	86.500000
5	1.003150	7.109320	77.400002
10	1.008222	6.954250	71.900002
20	1.013731	7.063450	66.699997
50	1.019890	6.959499	59.759998
100	1.028035	7.130970	53.630001

check_k=128
1	1.000000	13.789630	97.000000
2	1.000000	13.873940	91.000000
5	1.000000	13.769670	86.199997
10	1.003382	13.886280	82.599998
20	1.006216	13.757820	78.599998
50	1.010594	13.830680	72.260002
100	1.015269	13.782090	66.900002

check_k=256
1	1.000000	27.704018	100.000000
2	1.000000	27.494968	95.000000
5	1.000000	27.487322	92.800003
10	1.000000	27.827190	90.800003
20	1.001748	27.376690	87.599998
50	1.004274	27.377281	83.160004
100	1.007183	27.075150	79.220001

check_k=512
1	1.000000	51.356937	100.000000
2	1.000000	51.581158	99.000000
5	1.000000	51.356518	97.000000
10	1.000000	51.162731	95.800003
20	1.000000	51.180992	94.199997
50	1.001563	51.154076	91.680000
100	1.002327	51.810421	89.650002

lcsb  r=0.660000, L=512
Indexing Time: 392.866760 Seconds

Estimated Memory Usage: 6189350912 Bytes

check_k=1
1	1.000000	0.433980	89.000000
2	1.044469	0.337900	55.500000
5	1.062842	0.328750	33.799999
10	1.095830	0.301400	24.000000
20	1.116124	0.306330	17.350000
50	1.165466	0.294360	11.360000
100	1.199463	0.298730	8.180000

check_k=2
1	1.000000	0.541190	92.000000
2	1.011189	0.536930	68.500000
5	1.033775	0.531730	48.000000
10	1.053305	0.529320	37.900002
20	1.069206	0.533710	29.600000
50	1.096295	0.541100	21.139999
100	1.122650	0.543580	16.129999

check_k=4
1	1.000000	0.995040	93.000000
2	1.000000	0.993790	77.000000
5	1.025331	0.990770	59.000000
10	1.030404	0.995730	49.000000
20	1.044708	0.991400	40.750000
50	1.063877	1.159860	31.580000
100	1.080703	1.041530	24.980000

check_k=8
1	1.000000	1.919600	96.000000
2	1.000000	1.905450	83.000000
5	1.011131	1.894140	69.000000
10	1.017812	1.896310	60.500000
20	1.027927	1.895400	51.549999
50	1.042150	2.040860	42.500000
100	1.055655	1.913870	35.599998

check_k=16
1	1.000000	3.660680	97.000000
2	1.000000	3.665700	88.500000
5	1.003363	3.676600	78.599998
10	1.009859	3.858649	70.900002
20	1.015231	3.674280	63.900002
50	1.028050	3.675990	54.720001
100	1.035378	3.708210	47.130001

check_k=32
1	1.000000	7.143330	98.000000
2	1.000000	7.367670	91.000000
5	1.000000	7.144780	86.000000
10	1.004096	7.323940	80.599998
20	1.006918	7.281860	75.250000
50	1.014757	7.162700	67.019997
100	1.020303	7.170230	60.240002

check_k=64
1	1.000000	13.899950	98.000000
2	1.000000	13.855210	95.000000
5	1.000000	13.864380	91.800003
10	1.000000	13.766770	87.599998
20	1.002848	13.872880	85.000000
50	1.006480	13.848371	78.919998
100	1.011134	13.867480	73.239998

check_k=128
1	1.000000	26.931528	99.000000
2	1.000000	26.731329	97.500000
5	1.000000	27.022181	96.599998
10	1.000000	26.768049	94.900002
20	1.000018	26.932180	93.449997
50	1.002032	26.746799	89.019997
100	1.004221	26.918072	85.010002

check_k=256
1	1.000000	51.689960	100.000000
2	1.000000	51.977081	99.000000
5	1.000000	52.204254	98.800003
10	1.000000	51.953037	97.900002
20	1.000000	51.908791	97.300003
50	1.000577	52.570389	95.180000
100	1.001203	52.181183	93.050003

check_k=512
1	1.000000	92.946365	100.000000
2	1.000000	93.594841	99.500000
5	1.000000	93.142136	99.599998
10	1.000000	93.006477	99.500000
20	1.000000	92.655472	99.349998
50	1.000000	93.542030	98.699997
100	1.000000	93.805244	97.910004

