lcsb  r=0.660000, L=8
Indexing Time: 5.244697 Seconds

Estimated Memory Usage: 139976704 Bytes

check_k=1
1	1.000000	0.013050	52.000000
2	1.301898	0.010200	26.500000
5	1.345094	0.008890	10.600000
10	1.396698	0.004990	5.400000
20	31622.777344	0.003320	2.850000
50	31622.777344	0.003560	1.240000
100	31622.777344	0.003490	0.660000

check_k=2
1	1.000000	0.008430	60.000000
2	1.258904	0.004770	31.500000
5	1.304339	0.004760	12.800000
10	1.321092	0.005030	6.700000
20	1.367251	0.005140	3.650000
50	31622.777344	0.005390	1.640000
100	31622.777344	0.005010	0.920000

check_k=4
1	1.000000	0.014970	66.000000
2	1.211538	0.010000	35.000000
5	1.261054	0.008510	14.200000
10	1.283666	0.008550	7.500000
20	1.296739	0.009010	4.200000
50	31622.777344	0.009930	2.100000
100	31622.777344	0.009270	1.220000

check_k=8
1	1.000000	0.028020	69.000000
2	1.170426	0.028510	37.500000
5	1.212224	0.028330	15.400000
10	1.239829	0.026880	8.400000
20	1.262506	0.027680	4.800000
50	1.272420	0.029600	2.500000
100	31622.777344	0.030470	1.560000

check_k=16
1	1.000000	0.066660	73.000000
2	1.142935	0.069000	40.500000
5	1.175492	0.069790	17.200001
10	1.194289	0.070390	9.600000
20	1.221000	0.070660	5.650000
50	1.242552	0.076450	3.200000
100	1.252245	0.078310	2.130000

check_k=32
1	1.000000	0.149760	79.000000
2	1.111181	0.151420	44.000000
5	1.142347	0.151930	19.600000
10	1.159809	0.151160	12.000000
20	1.188416	0.151080	7.250000
50	1.211579	0.153680	4.440000
100	1.218900	0.161030	3.010000

check_k=64
1	1.000000	0.292150	81.000000
2	1.091194	0.288910	45.000000
5	1.127492	0.292440	21.000000
10	1.138201	0.293730	13.500000
20	1.162054	0.293130	8.950000
50	1.174701	0.297350	5.860000
100	1.196381	0.299010	4.210000

check_k=128
1	1.000000	0.575270	82.000000
2	1.084492	0.642610	47.000000
5	1.103810	0.567760	23.400000
10	1.116645	0.567130	15.200000
20	1.131248	0.567120	10.750000
50	1.157000	0.575850	7.400000
100	1.165383	0.583430	5.750000

check_k=256
1	1.000000	1.157950	84.000000
2	1.064683	1.168750	51.000000
5	1.077988	1.179590	26.200001
10	1.095491	1.150370	19.100000
20	1.110440	1.150120	13.950000
50	1.131625	1.150700	10.040000
100	1.139480	1.172800	7.980000

check_k=512
1	1.000000	2.373170	85.000000
2	1.050544	2.280130	54.500000
5	1.061574	2.283780	30.600000
10	1.076774	2.201720	23.100000
20	1.085401	2.170920	17.500000
50	1.102608	2.253770	13.220000
100	1.110943	2.195210	10.890000

lcsb  r=0.660000, L=16
Indexing Time: 12.552561 Seconds

Estimated Memory Usage: 236036096 Bytes

check_k=1
1	1.000000	0.016240	81.000000
2	1.256428	0.013200	40.500000
5	1.333360	0.009910	16.200001
10	1.351592	0.004530	8.200000
20	31622.777344	0.004250	4.250000
50	31622.777344	0.003990	1.760000
100	31622.777344	0.003840	0.950000

check_k=2
1	1.000000	0.014850	81.000000
2	1.200077	0.007950	40.500000
5	1.269054	0.007170	17.000000
10	1.284028	0.007480	9.200000
20	1.310074	0.008710	4.950000
50	31622.777344	0.008460	2.180000
100	31622.777344	0.008270	1.300000

check_k=4
1	1.000000	0.027730	82.000000
2	1.151034	0.025280	41.000000
5	1.211788	0.024090	17.799999
10	1.243159	0.022390	9.900000
20	1.269635	0.021750	5.700000
50	1.284396	0.021710	2.820000
100	31622.777344	0.021220	1.760000

check_k=8
1	1.000000	0.067710	82.000000
2	1.119342	0.072810	42.500000
5	1.163956	0.072020	19.000000
10	1.205313	0.072740	11.100000
20	1.230635	0.073720	6.600000
50	1.246565	0.077160	3.660000
100	1.258527	0.080980	2.400000

check_k=16
1	1.000000	0.162780	82.000000
2	1.102724	0.163320	45.000000
5	1.139733	0.163690	20.799999
10	1.154681	0.163940	12.500000
20	1.199321	0.253960	7.900000
50	1.211400	0.167050	4.620000
100	1.220805	0.171990	3.150000

check_k=32
1	1.000000	0.325390	83.000000
2	1.086247	0.322090	46.000000
5	1.116525	0.325730	22.400000
10	1.126777	0.328410	13.900000
20	1.153940	0.329170	9.250000
50	1.182986	0.330810	6.100000
100	1.193120	0.338570	4.310000

check_k=64
1	1.000000	0.652180	83.000000
2	1.075039	0.648630	49.000000
5	1.098436	0.638180	25.600000
10	1.108683	0.649760	16.299999
20	1.122371	0.654150	11.300000
50	1.150606	0.726620	7.920000
100	1.166788	0.709190	5.840000

check_k=128
1	1.000000	1.398250	83.000000
2	1.065532	1.360650	52.500000
5	1.078515	1.326100	28.799999
10	1.090541	1.476750	19.200001
20	1.098699	1.369770	13.950000
50	1.119081	1.361480	10.460000
100	1.140127	1.366060	8.020000

check_k=256
1	1.000000	2.734030	84.000000
2	1.037028	2.783220	56.000000
5	1.062243	2.793250	32.400002
10	1.071506	2.731120	23.500000
20	1.080041	2.638960	18.750000
50	1.091332	2.534860	14.880000
100	1.108253	2.495910	12.010000

check_k=512
1	1.000000	5.141910	85.000000
2	1.028289	4.825550	59.500000
5	1.048937	4.899280	37.400002
10	1.054780	4.861960	28.600000
20	1.063113	4.874820	24.200001
50	1.071504	4.966040	20.299999
100	1.080557	4.403520	17.080000

lcsb  r=0.660000, L=32
Indexing Time: 22.591259 Seconds

Estimated Memory Usage: 428011520 Bytes

check_k=1
1	1.000000	0.130750	82.000000
2	1.191562	0.019920	42.000000
5	1.273912	0.017510	16.799999
10	1.309713	0.012330	8.900000
20	1.333839	0.007790	4.800000
50	31622.777344	0.007710	2.160000
100	31622.777344	0.007680	1.270000

check_k=2
1	1.000000	0.139080	82.000000
2	1.137110	0.026270	43.000000
5	1.184409	0.024220	18.400000
10	1.242309	0.017800	10.100000
20	1.266676	0.015910	5.650000
50	1.289802	0.016950	2.760000
100	31622.777344	0.016430	1.800000

check_k=4
1	1.000000	0.257460	82.000000
2	1.109936	0.053350	44.000000
5	1.138597	0.050370	20.200001
10	1.181404	0.049440	12.200000
20	1.217305	0.047910	7.350000
50	1.245711	0.046910	4.120000
100	1.255804	0.048060	2.810000

check_k=8
1	1.000000	0.499080	82.000000
2	1.089479	0.116250	46.500000
5	1.109105	0.110830	22.600000
10	1.136719	0.108300	15.100000
20	1.163297	0.107640	9.500000
50	1.205268	0.110330	5.940000
100	1.215495	0.114150	4.130000

check_k=16
1	1.000000	0.893600	82.000000
2	1.066787	0.244470	49.000000
5	1.091012	0.233470	25.200001
10	1.111023	0.229290	17.400000
20	1.129304	0.227250	11.800000
50	1.161205	0.230270	8.200000
100	1.181761	0.236170	6.070000

check_k=32
1	1.000000	1.438800	82.000000
2	1.047616	0.475830	51.000000
5	1.070562	0.458390	29.000000
10	1.087448	0.453720	21.600000
20	1.105812	0.451450	15.400000
50	1.131289	0.453250	11.380000
100	1.146573	0.460550	8.710000

check_k=64
1	1.000000	1.980300	87.000000
2	1.038786	0.956090	56.000000
5	1.052704	0.926120	34.799999
10	1.070986	0.914100	27.900000
20	1.081705	0.894140	20.500000
50	1.099255	0.893590	15.580000
100	1.118737	0.900680	12.370000

check_k=128
1	1.000000	2.446500	88.000000
2	1.022738	1.815410	62.000000
5	1.040703	1.803880	42.000000
10	1.051291	1.806950	34.099998
20	1.061208	1.835020	25.600000
50	1.075772	1.831370	20.740000
100	1.090669	1.846670	17.090000

check_k=256
1	1.000000	3.804240	90.000000
2	1.011179	3.682620	69.000000
5	1.028725	3.663230	49.200001
10	1.038390	3.633330	42.000000
20	1.046740	3.681780	33.799999
50	1.060578	3.681830	28.080000
100	1.068503	3.648990	23.580000

check_k=512
1	1.000000	7.283770	92.000000
2	1.000000	7.285890	75.000000
5	1.017916	7.249640	58.799999
10	1.026917	7.267061	50.799999
20	1.032508	7.374270	43.000000
50	1.042331	7.437390	37.500000
100	1.048564	7.450090	32.730000

lcsb  r=0.660000, L=64
Indexing Time: 46.658398 Seconds

Estimated Memory Usage: 812101632 Bytes

check_k=1
1	1.000000	0.047400	82.000000
2	1.147176	0.041430	43.500000
5	1.197562	0.033940	18.600000
10	1.261307	0.019430	9.900000
20	1.287121	0.016370	5.750000
50	31622.777344	0.016090	2.760000
100	31622.777344	0.016040	1.740000

check_k=2
1	1.000000	0.052210	82.000000
2	1.098041	0.047520	47.500000
5	1.147133	0.043610	21.600000
10	1.168709	0.043720	13.000000
20	1.215611	0.044120	8.250000
50	1.252007	0.045190	4.540000
100	1.268172	0.046460	3.090000

check_k=4
1	1.000000	0.108720	83.000000
2	1.076650	0.106890	48.000000
5	1.102222	0.106300	23.400000
10	1.126932	0.106170	15.400000
20	1.157706	0.109260	10.250000
50	1.205176	0.111310	6.320000
100	1.219997	0.114740	4.650000

check_k=8
1	1.000000	0.232310	84.000000
2	1.059305	0.227650	52.500000
5	1.077211	0.225210	27.400000
10	1.101559	0.224050	19.100000
20	1.123091	0.223790	13.300000
50	1.160026	0.227000	8.940000
100	1.179088	0.233380	6.760000

check_k=16
1	1.000000	0.461070	84.000000
2	1.045890	0.455260	54.500000
5	1.063494	0.448970	32.200001
10	1.081104	0.446450	23.500000
20	1.096557	0.445090	17.150000
50	1.117865	0.554330	12.720000
100	1.144197	0.456850	9.960000

check_k=32
1	1.000000	0.902980	85.000000
2	1.025350	0.924170	60.500000
5	1.049698	0.919960	39.400002
10	1.062019	0.931350	29.500000
20	1.075278	0.935570	23.150000
50	1.091941	0.945330	17.680000
100	1.109659	0.910160	14.250000

check_k=64
1	1.000000	1.771550	88.000000
2	1.010419	1.760870	67.500000
5	1.036399	1.758190	48.200001
10	1.043342	1.865960	36.700001
20	1.055706	1.761580	30.500000
50	1.068646	1.764550	24.360001
100	1.082618	1.773880	20.350000

check_k=128
1	1.000000	3.586660	90.000000
2	1.000000	3.672980	74.500000
5	1.024889	3.490950	56.200001
10	1.030716	3.492360	46.299999
20	1.038245	3.494220	39.599998
50	1.050020	3.670510	32.919998
100	1.058818	3.616940	28.350000

check_k=256
1	1.000000	7.062630	93.000000
2	1.000000	6.988791	80.000000
5	1.013248	7.186580	64.400002
10	1.021676	6.947850	56.000000
20	1.026546	7.653650	50.299999
50	1.032711	7.089180	43.400002
100	1.040804	7.236010	38.500000

check_k=512
1	1.000000	14.555059	96.000000
2	1.000000	15.242690	85.500000
5	1.004539	15.084341	76.199997
10	1.009319	14.590179	69.099998
20	1.015944	14.421679	62.799999
50	1.021944	15.008470	55.599998
100	1.027200	14.949268	50.660000

lcsb  r=0.660000, L=128
Indexing Time: 95.851707 Seconds

Estimated Memory Usage: 1580281856 Bytes

check_k=1
1	1.000000	0.093260	81.000000
2	1.104958	0.083360	46.000000
5	1.151377	0.059620	21.799999
10	1.197538	0.046280	11.900000
20	1.244037	0.043860	7.200000
50	1.267706	0.043630	3.860000
100	31622.777344	0.043460	2.550000

check_k=2
1	1.000000	0.128580	81.000000
2	1.062454	0.109270	48.500000
5	1.095487	0.108800	26.000000
10	1.127185	0.109180	16.100000
20	1.156314	0.110400	11.050000
50	1.207612	0.114200	6.660000
100	1.230172	0.117850	4.980000

check_k=4
1	1.000000	0.241480	84.000000
2	1.043258	0.236180	51.500000
5	1.067895	0.234370	31.600000
10	1.090627	0.234080	22.000000
20	1.115051	0.232690	15.550000
50	1.154451	0.234340	10.380000
100	1.177849	0.242040	8.140000

check_k=8
1	1.000000	0.476800	87.000000
2	1.025738	0.468460	58.000000
5	1.050412	0.468400	37.799999
10	1.068532	0.465000	27.700001
20	1.083752	0.461600	21.299999
50	1.112266	0.464660	15.480000
100	1.131763	0.469960	12.310000

check_k=16
1	1.000000	0.934720	89.000000
2	1.020241	0.928790	62.000000
5	1.036465	0.922490	43.799999
10	1.047954	0.920210	35.799999
20	1.061058	0.939410	28.549999
50	1.079691	0.973170	21.879999
100	1.100970	0.984220	17.950001

check_k=32
1	1.000000	1.933920	91.000000
2	1.010419	1.983780	67.500000
5	1.025772	1.821670	50.200001
10	1.035748	1.799020	44.299999
20	1.041683	1.804520	36.950001
50	1.058976	1.826320	29.480000
100	1.075196	1.836850	24.879999

check_k=64
1	1.000000	3.567790	95.000000
2	1.000000	3.696180	77.000000
5	1.017898	3.584170	60.599998
10	1.024570	3.747370	54.400002
20	1.031102	3.566020	46.950001
50	1.042213	3.546910	38.779999
100	1.053431	3.701690	34.090000

check_k=128
1	1.000000	7.117260	96.000000
2	1.000000	7.247389	84.000000
5	1.009145	7.279290	71.199997
10	1.013705	7.183290	65.099998
20	1.018187	7.273470	58.599998
50	1.027510	7.353099	50.639999
100	1.035608	7.197250	45.189999

check_k=256
1	1.000000	14.402380	98.000000
2	1.000000	14.417939	88.000000
5	1.001104	15.299580	81.400002
10	1.006590	15.531879	76.099998
20	1.010005	15.795419	70.550003
50	1.015702	15.537670	64.220001
100	1.021210	15.683611	58.529999

check_k=512
1	1.000000	27.878672	99.000000
2	1.000000	27.611090	92.500000
5	1.000000	27.945992	89.599998
10	1.002404	27.773249	85.199997
20	1.003719	27.797840	81.349998
50	1.007220	27.753651	76.860001
100	1.011027	27.829151	71.879997

lcsb  r=0.660000, L=256
Indexing Time: 202.229614 Seconds

Estimated Memory Usage: 3116638208 Bytes

check_k=1
1	1.000000	0.869030	82.000000
2	1.073882	0.189870	49.000000
5	1.114879	0.172950	26.600000
10	1.138534	0.170300	17.200001
20	1.174125	0.158570	11.350000
50	1.225193	0.159630	6.720000
100	1.244059	0.162030	4.490000

check_k=2
1	1.000000	1.091030	83.000000
2	1.033272	0.335920	55.000000
5	1.064576	0.319450	34.599998
10	1.085061	0.317540	25.200001
20	1.110302	0.301300	18.500000
50	1.152740	0.297580	12.500000
100	1.180329	0.312840	9.010000

check_k=4
1	1.000000	1.724540	86.000000
2	1.017428	0.615960	61.500000
5	1.044178	0.579160	43.000000
10	1.056608	0.583770	33.400002
20	1.077446	0.587650	26.700001
50	1.105376	0.596300	19.340000
100	1.130166	0.618850	14.820000

check_k=8
1	1.000000	2.363400	89.000000
2	1.006256	1.156100	67.000000
5	1.028268	1.128810	49.400002
10	1.038966	1.081320	42.900002
20	1.053983	1.096220	35.549999
50	1.073032	1.104080	27.540001
100	1.091566	1.131950	22.049999

check_k=16
1	1.000000	3.000750	90.000000
2	1.002991	2.197040	72.500000
5	1.018138	2.180480	58.000000
10	1.021769	2.161760	52.400002
20	1.035072	2.349100	45.500000
50	1.051958	2.168650	37.020000
100	1.062909	2.170990	30.910000

check_k=32
1	1.000000	4.104311	91.000000
2	1.000000	3.854250	78.500000
5	1.010429	3.854110	67.400002
10	1.015767	3.917450	62.299999
20	1.022828	3.941550	56.450001
50	1.033092	4.140131	48.180000
100	1.042342	4.290520	41.340000

check_k=64
1	1.000000	8.344700	95.000000
2	1.000000	8.451690	86.500000
5	1.003150	7.663380	77.400002
10	1.008222	7.168490	71.900002
20	1.013731	7.071860	66.699997
50	1.019890	7.096230	59.759998
100	1.028035	7.183500	53.630001

check_k=128
1	1.000000	13.921920	97.000000
2	1.000000	13.960659	91.000000
5	1.000000	13.959210	86.199997
10	1.003382	14.089300	82.599998
20	1.006216	13.958611	78.599998
50	1.010594	13.815029	72.260002
100	1.015269	13.857091	66.900002

check_k=256
1	1.000000	27.145380	100.000000
2	1.000000	27.210432	95.000000
5	1.000000	27.128830	92.800003
10	1.000000	27.284130	90.800003
20	1.001748	26.680630	87.599998
50	1.004274	27.036318	83.160004
100	1.007183	27.302397	79.220001

check_k=512
1	1.000000	51.182144	100.000000
2	1.000000	50.991749	99.000000
5	1.000000	50.913559	97.000000
10	1.000000	51.628628	95.800003
20	1.000000	50.932022	94.199997
50	1.001563	51.496063	91.680000
100	1.002327	51.081909	89.650002

lcsb  r=0.660000, L=512
Indexing Time: 407.350464 Seconds

Estimated Memory Usage: 6189350912 Bytes

check_k=1
1	1.000000	1.404540	89.000000
2	1.044469	0.345770	55.500000
5	1.062842	0.335750	33.799999
10	1.095830	0.305960	24.000000
20	1.116124	0.298320	17.350000
50	1.165466	0.295710	11.360000
100	1.199463	0.298990	8.180000

check_k=2
1	1.000000	1.678080	92.000000
2	1.011189	0.581770	68.500000
5	1.033775	0.547690	48.000000
10	1.053305	0.539690	37.900002
20	1.069206	0.534580	29.600000
50	1.096295	0.541840	21.139999
100	1.122650	0.542890	16.129999

check_k=4
1	1.000000	2.266170	93.000000
2	1.000000	1.030300	77.000000
5	1.025331	1.012400	59.000000
10	1.030404	1.016320	49.000000
20	1.044708	1.010720	40.750000
50	1.063877	1.017040	31.580000
100	1.080703	1.017940	24.980000

check_k=8
1	1.000000	2.711010	96.000000
2	1.000000	1.923130	83.000000
5	1.011131	1.919210	69.000000
10	1.017812	1.916820	60.500000
20	1.027927	1.923290	51.549999
50	1.042150	1.939930	42.500000
100	1.055655	1.932390	35.599998

check_k=16
1	1.000000	3.954320	97.000000
2	1.000000	3.933170	88.500000
5	1.003363	3.766580	78.599998
10	1.009859	3.738280	70.900002
20	1.015231	3.745370	63.900002
50	1.028050	3.766530	54.720001
100	1.035378	3.756410	47.130001

check_k=32
1	1.000000	7.433620	98.000000
2	1.000000	7.295420	91.000000
5	1.000000	7.260580	86.000000
10	1.004096	7.308770	80.599998
20	1.006918	7.507880	75.250000
50	1.014757	7.340761	67.019997
100	1.020303	7.306280	60.240002

check_k=64
1	1.000000	14.007160	98.000000
2	1.000000	14.172439	95.000000
5	1.000000	14.091129	91.800003
10	1.000000	14.215899	87.599998
20	1.002848	14.081779	85.000000
50	1.006480	14.343580	78.919998
100	1.011134	13.998970	73.239998

check_k=128
1	1.000000	26.973150	99.000000
2	1.000000	27.251770	97.500000
5	1.000000	26.938210	96.599998
10	1.000000	26.954950	94.900002
20	1.000018	26.916079	93.449997
50	1.002032	26.963369	89.019997
100	1.004221	27.175301	85.010002

check_k=256
1	1.000000	51.343250	100.000000
2	1.000000	51.643188	99.000000
5	1.000000	51.608509	98.800003
10	1.000000	51.451191	97.900002
20	1.000000	51.440250	97.300003
50	1.000577	51.754688	95.180000
100	1.001203	51.571461	93.050003

check_k=512
1	1.000000	93.860809	100.000000
2	1.000000	93.966347	99.500000
5	1.000000	93.570953	99.599998
10	1.000000	93.313835	99.500000
20	1.000000	93.487648	99.349998
50	1.000000	93.091179	98.699997
100	1.000000	99.017868	97.910004

