lcsb  r=0.660000, L=8
Indexing Time: 29.690939 Seconds

Estimated Memory Usage: 699981824 Bytes

check_k=1
1	25140.777344	0.020210	19.000000
2	1.163596	0.010490	9.500000
5	1.177521	0.009510	3.800000
10	1.233182	0.008830	1.900000
20	31622.777344	0.008240	0.950000
50	31622.777344	0.007920	0.380000
100	31622.777344	0.007510	0.190000

check_k=2
1	24104.560547	0.014560	28.000000
2	1.153129	0.012600	14.500000
5	1.149238	0.012410	5.800000
10	1.178523	0.010020	2.900000
20	1.238912	0.009240	1.450000
50	31622.777344	0.009230	0.580000
100	31622.777344	0.009100	0.290000

check_k=4
1	21336.876953	0.023040	38.000000
2	1.127156	0.016450	19.500000
5	1.130400	0.015310	7.800000
10	1.145485	0.015140	3.900000
20	1.170272	0.015660	2.000000
50	1.301415	0.016650	0.800000
100	31622.777344	0.016640	0.430000

check_k=8
1	16813.421875	0.047320	49.000000
2	1.110819	0.044940	25.500000
5	1.111170	0.041280	10.600000
10	1.125885	0.040340	5.300000
20	1.138227	0.040310	2.700000
50	1.183127	0.041530	1.100000
100	1.320510	0.041970	0.600000

check_k=16
1	1.000000	0.103990	61.000000
2	1.091125	0.091310	31.500000
5	1.096392	0.091370	13.000000
10	1.106152	0.093260	6.500000
20	1.120480	0.095060	3.300000
50	1.143599	0.096790	1.360000
100	1.182441	0.099670	0.770000

check_k=32
1	1.000000	0.196760	70.000000
2	1.075523	0.195930	36.000000
5	1.082802	0.194350	14.800000
10	1.092204	0.194250	7.400000
20	1.100845	0.193880	3.900000
50	1.120723	0.196410	1.680000
100	1.140715	0.201620	1.000000

check_k=64
1	1.000000	0.387660	76.000000
2	1.070416	0.381470	39.000000
5	1.072460	0.379490	16.200001
10	1.082615	0.378680	8.300000
20	1.086548	0.380530	4.350000
50	1.100967	0.379400	1.980000
100	1.114943	0.385760	1.240000

check_k=128
1	1.000000	0.755940	83.000000
2	1.059135	0.759810	43.500000
5	1.063575	0.766540	18.600000
10	1.071800	0.769010	9.600000
20	1.077304	0.768920	5.100000
50	1.086541	0.884100	2.440000
100	1.098891	0.755320	1.660000

check_k=256
1	1.000000	1.479120	88.000000
2	1.050155	1.485490	47.500000
5	1.054748	1.494600	20.400000
10	1.061116	1.470340	10.700000
20	1.065825	1.449410	5.950000
50	1.073663	1.466130	3.080000
100	1.081584	1.499370	2.200000

check_k=512
1	1.000000	3.091690	93.000000
2	1.043339	2.935350	51.000000
5	1.044845	2.967460	22.400000
10	1.051321	2.942930	12.800000
20	1.052560	2.945540	7.550000
50	1.059936	3.040480	4.300000
100	1.066585	2.960780	3.180000

lcsb  r=0.660000, L=16
Indexing Time: 76.995209 Seconds

Estimated Memory Usage: 1180041216 Bytes

check_k=1
1	1.000000	0.017840	92.000000
2	1.130239	0.006660	48.000000
5	1.163391	0.006540	19.200001
10	1.241401	0.006290	9.600000
20	31622.777344	0.006210	4.850000
50	31622.777344	0.006000	1.940000
100	31622.777344	0.005820	0.990000

check_k=2
1	1.000000	0.015610	94.000000
2	1.107173	0.011700	49.500000
5	1.124290	0.011620	20.000000
10	1.152798	0.011640	10.000000
20	1.201886	0.010520	5.100000
50	31622.777344	0.009800	2.040000
100	31622.777344	0.009760	1.060000

check_k=4
1	1.000000	0.029200	97.000000
2	1.090942	0.020800	51.000000
5	1.103276	0.018630	20.799999
10	1.118805	0.018660	10.600000
20	1.144553	0.019190	5.500000
50	1.212302	0.019900	2.240000
100	31622.777344	0.019890	1.180000

check_k=8
1	1.000000	0.064680	99.000000
2	1.079345	0.057670	52.000000
5	1.084922	0.055690	21.200001
10	1.101959	0.056200	10.800000
20	1.113298	0.056780	5.650000
50	1.147399	0.058680	2.380000
100	1.196724	0.060710	1.280000

check_k=16
1	1.000000	0.136760	99.000000
2	1.062952	0.136500	52.000000
5	1.076684	0.136240	21.400000
10	1.084934	0.137850	11.100000
20	1.095466	0.139280	6.050000
50	1.117695	0.141030	2.660000
100	1.144744	0.144720	1.450000

check_k=32
1	1.000000	0.291390	99.000000
2	1.052513	0.289700	52.500000
5	1.065032	0.290330	22.200001
10	1.073687	0.290320	11.800000
20	1.079800	0.287920	6.500000
50	1.094203	0.290040	3.080000
100	1.111859	0.295610	1.810000

check_k=64
1	1.000000	0.589590	99.000000
2	1.042647	0.591460	54.500000
5	1.057507	0.582850	24.200001
10	1.061675	0.584460	12.900000
20	1.069608	0.580160	7.450000
50	1.079431	0.583570	3.720000
100	1.089634	0.696760	2.320000

check_k=128
1	1.000000	1.189570	100.000000
2	1.038660	1.205770	56.500000
5	1.048619	1.188940	25.200001
10	1.053749	1.203740	13.800000
20	1.058283	1.200970	8.350000
50	1.066193	1.205490	4.720000
100	1.075308	1.186360	3.040000

check_k=256
1	1.000000	2.449550	100.000000
2	1.032169	2.594790	56.500000
5	1.041840	2.449960	26.400000
10	1.045046	2.446370	14.900000
20	1.048727	2.463900	9.600000
50	1.056302	2.490260	6.060000
100	1.061615	2.495150	4.300000

check_k=512
1	1.000000	5.107060	100.000000
2	1.025993	4.998770	59.500000
5	1.033764	5.045930	29.000000
10	1.038553	4.997460	17.900000
20	1.040888	4.916410	12.250000
50	1.045462	4.969290	8.360000
100	1.050095	4.958900	6.070000

lcsb  r=0.660000, L=32
Indexing Time: 167.612228 Seconds

Estimated Memory Usage: 2140155904 Bytes

check_k=1
1	1.000000	0.027080	100.000000
2	1.106869	0.021280	52.500000
5	1.136651	0.014940	21.799999
10	1.176972	0.008820	10.900000
20	1.312477	0.008750	5.600000
50	31622.777344	0.008740	2.280000
100	31622.777344	0.008690	1.150000

check_k=2
1	1.000000	0.029220	100.000000
2	1.083486	0.021970	54.000000
5	1.103805	0.017890	23.000000
10	1.124460	0.019630	11.700000
20	1.151764	0.020100	6.050000
50	1.252694	0.020750	2.560000
100	31622.777344	0.020650	1.360000

check_k=4
1	1.000000	0.070330	100.000000
2	1.069033	0.064570	54.500000
5	1.082691	0.058320	23.200001
10	1.097105	0.059450	12.000000
20	1.114201	0.060060	6.350000
50	1.152070	0.061860	2.820000
100	1.210581	0.062810	1.560000

check_k=8
1	1.000000	0.143510	100.000000
2	1.060147	0.143030	55.000000
5	1.070727	0.143380	23.600000
10	1.083896	0.144290	12.400000
20	1.095820	0.145680	6.800000
50	1.115803	0.148400	3.140000
100	1.142772	0.153540	1.890000

check_k=16
1	1.000000	0.314630	100.000000
2	1.050361	0.314000	55.000000
5	1.062552	0.310910	24.200001
10	1.070509	0.308530	12.900000
20	1.079011	0.309180	7.400000
50	1.093396	0.310330	3.640000
100	1.110255	0.318020	2.330000

check_k=32
1	1.000000	0.638680	100.000000
2	1.040706	0.637640	56.500000
5	1.052964	0.626430	25.400000
10	1.060364	0.622680	14.300000
20	1.065793	0.613780	8.900000
50	1.077369	0.620140	4.500000
100	1.089194	0.629390	3.010000

check_k=64
1	1.000000	1.277680	100.000000
2	1.036106	1.341980	58.000000
5	1.044387	1.285980	27.400000
10	1.049976	1.268420	15.700000
20	1.057681	1.266150	10.250000
50	1.064048	1.276160	5.540000
100	1.074103	1.270390	3.940000

check_k=128
1	1.000000	2.683260	100.000000
2	1.031428	2.607970	59.000000
5	1.037715	2.643220	28.200001
10	1.043015	2.639540	17.600000
20	1.047625	2.628910	11.900000
50	1.054751	2.757430	7.140000
100	1.059422	2.625620	5.600000

check_k=256
1	1.000000	5.231500	100.000000
2	1.026578	5.395630	59.500000
5	1.030903	5.237649	31.000000
10	1.034244	5.265650	20.799999
20	1.038039	5.359490	14.850000
50	1.043437	5.295090	10.080000
100	1.048708	5.303130	8.030000

check_k=512
1	1.000000	10.676150	100.000000
2	1.020751	10.749730	61.500000
5	1.023998	10.618090	34.400002
10	1.027769	10.730141	24.500000
20	1.030635	10.685520	18.600000
50	1.035399	10.613461	13.320000
100	1.040227	10.703200	11.070000

lcsb  r=0.660000, L=64
Indexing Time: 351.591125 Seconds

Estimated Memory Usage: 4060119040 Bytes

check_k=1
1	1.000000	0.046180	100.000000
2	1.095461	0.117560	53.000000
5	1.118497	0.036020	21.400000
10	1.142486	0.026250	10.900000
20	1.171028	0.025630	5.550000
50	31622.777344	0.022370	2.320000
100	31622.777344	0.017580	1.210000

check_k=2
1	1.000000	0.057290	100.000000
2	1.067939	0.052460	54.000000
5	1.086363	0.050610	22.400000
10	1.103922	0.050220	11.600000
20	1.120122	0.051240	6.000000
50	1.157747	0.053440	2.740000
100	1.236616	0.054740	1.510000

check_k=4
1	1.000000	0.147700	100.000000
2	1.058322	0.131590	54.500000
5	1.073576	0.132100	23.000000
10	1.081663	0.132540	12.000000
20	1.093012	0.135180	6.500000
50	1.116398	0.137620	3.080000
100	1.141005	0.140160	1.820000

check_k=8
1	1.000000	0.292370	100.000000
2	1.049190	0.292140	55.500000
5	1.060265	0.296270	23.799999
10	1.066694	0.291980	12.700000
20	1.075891	0.293000	7.450000
50	1.091896	0.293260	3.700000
100	1.107162	0.299400	2.370000

check_k=16
1	1.000000	0.608840	100.000000
2	1.040279	0.606770	57.000000
5	1.049684	0.599490	26.400000
10	1.056750	0.594210	14.800000
20	1.062825	0.597590	8.950000
50	1.075818	0.600790	4.920000
100	1.085881	0.599170	3.300000

check_k=32
1	1.000000	1.247940	100.000000
2	1.032902	1.263670	58.500000
5	1.042269	1.261300	28.400000
10	1.046785	1.283430	17.200001
20	1.052891	1.263900	10.600000
50	1.061213	1.271990	6.400000
100	1.069790	1.276380	4.480000

check_k=64
1	1.000000	2.519830	100.000000
2	1.026762	2.532100	61.000000
5	1.034755	2.580650	31.400000
10	1.038648	2.529280	19.500000
20	1.044227	2.522000	12.550000
50	1.050415	2.532640	8.140000
100	1.056927	2.613400	6.050000

check_k=128
1	1.000000	5.052950	100.000000
2	1.021615	5.048250	62.500000
5	1.028695	5.190170	33.599998
10	1.032955	5.063040	22.000000
20	1.035951	5.179800	15.100000
50	1.040986	5.061260	10.480000
100	1.045546	5.072590	8.140000

check_k=256
1	1.000000	10.210210	100.000000
2	1.015244	10.182440	67.000000
5	1.022408	10.199820	38.400002
10	1.025871	10.207439	27.100000
20	1.029350	10.281780	19.400000
50	1.033244	10.152280	14.160000
100	1.036315	10.268471	11.470000

check_k=512
1	1.000000	20.435719	100.000000
2	1.006924	20.427330	71.000000
5	1.018268	20.468370	43.400002
10	1.020642	20.516108	31.500000
20	1.022551	20.379829	23.750000
50	1.025920	20.428469	19.139999
100	1.028343	20.586781	16.299999

lcsb  r=0.660000, L=128
Indexing Time: 743.120422 Seconds

Estimated Memory Usage: 7900311552 Bytes

check_k=1
1	1.000000	0.090120	100.000000
2	1.070907	0.066050	53.500000
5	1.096692	0.061670	22.200001
10	1.118916	0.051060	11.300000
20	1.141438	0.046820	5.850000
50	1.202095	0.045590	2.500000
100	31622.777344	0.045010	1.400000

check_k=2
1	1.000000	0.141950	100.000000
2	1.058658	0.127900	57.000000
5	1.072119	0.128490	24.400000
10	1.083356	0.129230	13.000000
20	1.094981	0.132150	7.000000
50	1.121516	0.133010	3.400000
100	1.156006	0.136730	2.010000

check_k=4
1	1.000000	0.290600	100.000000
2	1.044004	0.290840	58.500000
5	1.059029	0.290190	25.400000
10	1.068433	0.290560	14.000000
20	1.076756	0.290460	7.950000
50	1.091661	0.292800	4.380000
100	1.110333	0.298950	2.760000

check_k=8
1	1.000000	0.606480	100.000000
2	1.036583	0.605010	60.000000
5	1.047363	0.604690	26.799999
10	1.053871	0.610860	15.500000
20	1.060642	0.617330	9.300000
50	1.072895	0.636320	5.480000
100	1.084479	0.643260	3.780000

check_k=16
1	1.000000	1.254070	100.000000
2	1.029517	1.262930	62.500000
5	1.039405	1.263060	29.799999
10	1.045705	1.266090	18.500000
20	1.050894	1.256670	11.700000
50	1.060285	1.264950	7.320000
100	1.067508	1.296350	5.320000

check_k=32
1	1.000000	2.500800	100.000000
2	1.019792	2.508270	63.500000
5	1.031499	2.507050	33.799999
10	1.037320	2.539260	22.500000
20	1.041896	2.507010	14.950000
50	1.047881	2.508090	9.860000
100	1.054866	2.521160	7.500000

check_k=64
1	1.000000	5.049410	100.000000
2	1.017769	4.991220	64.500000
5	1.025805	5.097530	37.400002
10	1.030454	5.015880	25.600000
20	1.033852	5.009680	17.900000
50	1.039070	5.149100	12.940000
100	1.043962	5.035850	10.380000

check_k=128
1	1.000000	10.172071	100.000000
2	1.012927	10.223380	66.000000
5	1.020871	10.119740	41.200001
10	1.024990	10.159921	29.799999
20	1.026223	10.084760	22.549999
50	1.030871	10.169140	17.100000
100	1.035043	10.103519	14.480000

check_k=256
1	1.000000	20.374329	100.000000
2	1.008582	20.395279	69.000000
5	1.016991	20.250959	45.000000
10	1.019396	20.230829	34.900002
20	1.020851	20.344872	27.900000
50	1.024379	20.400049	22.879999
100	1.027154	20.297579	20.469999

check_k=512
1	1.000000	40.232899	100.000000
2	1.000000	40.421707	75.500000
5	1.012508	40.290634	52.599998
10	1.013458	40.419922	42.000000
20	1.016039	40.366623	35.450001
50	1.018369	40.311890	30.700001
100	1.020154	40.487480	27.820000

lcsb  r=0.660000, L=256
Indexing Time: 1533.972656 Seconds

Estimated Memory Usage: 15580696576 Bytes

check_k=1
1	1.000000	0.554020	100.000000
2	1.063852	0.165350	55.500000
5	1.079501	0.159920	23.400000
10	1.091097	0.154460	12.300000
20	1.106776	0.151910	6.350000
50	1.137330	0.148130	2.880000
100	1.186214	0.127740	1.620000

check_k=2
1	1.000000	0.289020	100.000000
2	1.040289	0.289270	58.500000
5	1.058501	0.288740	26.600000
10	1.067961	0.290000	14.700000
20	1.076442	0.291300	8.550000
50	1.093312	0.295080	4.520000
100	1.113178	0.299850	2.810000

check_k=4
1	1.000000	0.622580	100.000000
2	1.033783	0.652530	62.000000
5	1.046291	0.651960	29.799999
10	1.053244	0.655740	17.100000
20	1.059168	0.654020	10.250000
50	1.070098	0.795070	6.060000
100	1.083527	0.667400	4.110000

check_k=8
1	1.000000	1.294290	100.000000
2	1.027173	1.294000	63.500000
5	1.036277	1.294290	32.599998
10	1.042913	1.293790	19.799999
20	1.048360	1.294910	12.550000
50	1.055846	1.299190	8.140000
100	1.064075	1.308540	5.900000

check_k=16
1	1.000000	2.572180	100.000000
2	1.019406	2.664760	65.000000
5	1.029676	2.568410	37.000000
10	1.035187	2.572050	23.700001
20	1.039110	2.570950	15.950000
50	1.044724	2.577600	10.800000
100	1.050820	2.635690	8.420000

check_k=32
1	1.000000	5.125390	100.000000
2	1.014649	5.179040	67.500000
5	1.023496	5.124041	40.599998
10	1.028428	5.122400	28.000000
20	1.030743	5.225669	20.049999
50	1.035414	5.127970	14.580000
100	1.039612	5.195430	12.030000

check_k=64
1	1.000000	10.398560	100.000000
2	1.008898	10.295990	69.500000
5	1.017713	10.289460	46.000000
10	1.021313	10.188530	33.000000
20	1.023973	10.197060	25.250000
50	1.027833	10.270690	20.340000
100	1.031350	10.295570	17.290001

check_k=128
1	1.000000	20.537710	100.000000
2	1.003685	20.688921	71.500000
5	1.013065	20.716150	52.799999
10	1.016191	20.675640	40.000000
20	1.018515	20.720388	32.500000
50	1.021444	20.757490	27.820000
100	1.023794	20.729670	24.290001

check_k=256
1	1.000000	41.248722	100.000000
2	1.000000	41.188686	76.500000
5	1.008067	41.307240	60.799999
10	1.011068	41.177624	48.299999
20	1.012868	41.211170	41.650002
50	1.015669	41.265079	37.160000
100	1.017619	41.276909	33.669998

check_k=512
1	1.000000	81.513695	100.000000
2	1.000000	81.653534	82.500000
5	1.005812	80.949577	66.199997
10	1.007293	80.390556	57.400002
20	1.008525	81.535759	52.150002
50	1.010294	81.427315	48.139999
100	1.011890	81.664970	45.410000

lcsb  r=0.660000, L=512
Indexing Time: 3293.521729 Seconds

Estimated Memory Usage: 30941196288 Bytes

check_k=1
1	1.000000	0.757530	100.000000
2	1.053245	0.328020	57.500000
5	1.061863	0.318020	24.799999
10	1.073857	0.315780	14.000000
20	1.085653	0.331960	7.850000
50	1.107876	0.334960	3.980000
100	1.133808	0.340030	2.400000

check_k=2
1	1.000000	0.656250	100.000000
2	1.034638	0.639690	61.000000
5	1.045258	0.665090	28.799999
10	1.052231	0.669380	17.500000
20	1.060167	0.658960	10.750000
50	1.072452	0.632140	6.480000
100	1.086784	0.640350	4.510000

check_k=4
1	1.000000	1.326760	100.000000
2	1.025055	1.315470	63.500000
5	1.035619	1.303500	31.600000
10	1.041307	1.321590	20.900000
20	1.046939	1.323140	14.200000
50	1.055158	1.306290	9.280000
100	1.063737	1.330050	6.950000

check_k=8
1	1.000000	2.590350	100.000000
2	1.017781	2.587350	66.500000
5	1.027762	2.583830	37.200001
10	1.033133	2.599610	25.799999
20	1.037616	2.587290	18.549999
50	1.043638	2.601040	12.960000
100	1.049616	2.609350	10.460000

check_k=16
1	1.000000	5.133551	100.000000
2	1.008457	5.142330	68.500000
5	1.019496	5.154180	44.799999
10	1.025717	5.158070	32.799999
20	1.029720	5.144130	24.450001
50	1.034127	5.154370	18.219999
100	1.038559	5.166310	15.180000

check_k=32
1	1.000000	10.265389	100.000000
2	1.003487	10.290901	70.500000
5	1.013886	10.291970	52.000000
10	1.020363	10.322300	38.799999
20	1.022493	10.353311	30.299999
50	1.025581	10.339320	24.100000
100	1.029353	10.372980	20.889999

check_k=64
1	1.000000	20.535582	100.000000
2	1.000000	20.539890	76.000000
5	1.008622	20.499012	58.400002
10	1.012898	20.496050	47.700001
20	1.015420	20.785378	39.349998
50	1.019644	20.528139	32.700001
100	1.021950	20.551159	28.820000

check_k=128
1	1.000000	41.038681	100.000000
2	1.000000	40.874008	80.500000
5	1.005211	40.640141	64.800003
10	1.008393	40.628811	55.900002
20	1.011306	41.564468	48.750000
50	1.014186	56.653358	42.220001
100	1.015767	59.270527	38.490002

check_k=256
1	1.000000	81.224487	100.000000
2	1.000000	77.712746	85.000000
5	1.002269	77.782761	73.400002
10	1.005090	77.659248	66.900002
20	1.006592	77.636818	60.450001
50	1.008602	77.941330	53.540001
100	1.010183	78.074837	49.570000

check_k=512
1	1.000000	154.157501	100.000000
2	1.000000	153.193832	90.000000
5	1.000638	152.935883	80.000000
10	1.002218	153.367386	77.000000
20	1.003227	153.147171	72.599998
50	1.004815	152.868347	67.059998
100	1.006124	153.244308	63.270000

