lcsb  r=0.660000, L=8
Indexing Time: 34.318665 Seconds

Estimated Memory Usage: 699981824 Bytes

check_k=1
1	25140.777344	0.084030	19.000000
2	1.163596	0.019540	9.500000
5	1.177521	0.011070	3.800000
10	1.233182	0.006280	1.900000
20	31622.777344	0.006490	0.950000
50	31622.777344	0.005630	0.380000
100	31622.777344	0.005800	0.190000

check_k=2
1	24104.560547	0.058920	28.000000
2	1.153129	0.011580	14.500000
5	1.149238	0.010110	5.800000
10	1.178523	0.011070	2.900000
20	1.238912	0.009470	1.450000
50	31622.777344	0.011960	0.580000
100	31622.777344	0.010420	0.290000

check_k=4
1	21336.876953	0.103640	38.000000
2	1.127156	0.022800	19.500000
5	1.130400	0.017110	7.800000
10	1.145485	0.017650	3.900000
20	1.170272	0.016310	2.000000
50	1.301415	0.019630	0.800000
100	31622.777344	0.016120	0.430000

check_k=8
1	16813.421875	0.167880	49.000000
2	1.110819	0.050190	25.500000
5	1.111170	0.048810	10.600000
10	1.125885	0.047980	5.300000
20	1.138227	0.047320	2.700000
50	1.183127	0.048980	1.100000
100	1.320510	0.047780	0.600000

check_k=16
1	1.000000	0.283960	61.000000
2	1.091125	0.110260	31.500000
5	1.096392	0.108380	13.000000
10	1.106152	0.107820	6.500000
20	1.120480	0.108010	3.300000
50	1.143599	0.110170	1.360000
100	1.182441	0.111910	0.770000

check_k=32
1	1.000000	0.474120	70.000000
2	1.075523	0.224990	36.000000
5	1.082802	0.231420	14.800000
10	1.092204	0.226440	7.400000
20	1.100845	0.217950	3.900000
50	1.120723	0.218590	1.680000
100	1.140715	0.218260	1.000000

check_k=64
1	1.000000	0.833040	76.000000
2	1.070416	0.425170	39.000000
5	1.072460	0.435180	16.200001
10	1.082615	0.419320	8.300000
20	1.086548	0.414660	4.350000
50	1.100967	0.424330	1.980000
100	1.114943	0.432180	1.240000

check_k=128
1	1.000000	1.593390	83.000000
2	1.059135	0.932120	43.500000
5	1.063575	0.822150	18.600000
10	1.071800	0.811210	9.600000
20	1.077304	0.805520	5.100000
50	1.086541	0.833320	2.440000
100	1.098891	0.834130	1.660000

check_k=256
1	1.000000	3.053980	88.000000
2	1.050155	1.564190	47.500000
5	1.054748	1.553850	20.400000
10	1.061116	1.573400	10.700000
20	1.065825	1.570410	5.950000
50	1.073663	1.570040	3.080000
100	1.081584	1.586370	2.200000

check_k=512
1	1.000000	6.165401	93.000000
2	1.043339	3.271610	51.000000
5	1.044845	3.083890	22.400000
10	1.051321	3.052950	12.800000
20	1.052560	3.046430	7.550000
50	1.059936	3.167100	4.300000
100	1.066585	3.522000	3.180000

lcsb  r=0.660000, L=16
Indexing Time: 86.305634 Seconds

Estimated Memory Usage: 1180041216 Bytes

check_k=1
1	1.000000	0.083070	92.000000
2	1.130239	0.017440	48.000000
5	1.163391	0.010160	19.200001
10	1.241401	0.006710	9.600000
20	31622.777344	0.006680	4.850000
50	31622.777344	0.006980	1.940000
100	31622.777344	0.006230	0.990000

check_k=2
1	1.000000	0.084970	94.000000
2	1.107173	0.015500	49.500000
5	1.124290	0.013080	20.000000
10	1.152798	0.011940	10.000000
20	1.201886	0.011850	5.100000
50	31622.777344	0.013020	2.040000
100	31622.777344	0.012040	1.060000

check_k=4
1	1.000000	0.147450	97.000000
2	1.090942	0.038270	51.000000
5	1.103276	0.036500	20.799999
10	1.118805	0.036270	10.600000
20	1.144553	0.034450	5.500000
50	1.212302	0.030480	2.240000
100	31622.777344	0.030740	1.180000

check_k=8
1	1.000000	0.245310	99.000000
2	1.079345	0.086490	52.000000
5	1.084922	0.084020	21.200001
10	1.101959	0.083220	10.800000
20	1.113298	0.082300	5.650000
50	1.147399	0.082550	2.380000
100	1.196724	0.083960	1.280000

check_k=16
1	1.000000	0.402000	99.000000
2	1.062952	0.166260	52.000000
5	1.076684	0.162810	21.400000
10	1.084934	0.158260	11.100000
20	1.095466	0.156940	6.050000
50	1.117695	0.157870	2.660000
100	1.144744	0.160370	1.450000

check_k=32
1	1.000000	0.689260	99.000000
2	1.052513	0.323130	52.500000
5	1.065032	0.321580	22.200001
10	1.073687	0.316180	11.800000
20	1.079800	0.314350	6.500000
50	1.094203	0.314340	3.080000
100	1.111859	0.322010	1.810000

check_k=64
1	1.000000	1.325720	99.000000
2	1.042647	0.660610	54.500000
5	1.057507	0.644400	24.200001
10	1.061675	0.637230	12.900000
20	1.069608	0.642290	7.450000
50	1.079431	0.632640	3.720000
100	1.089634	0.640770	2.320000

check_k=128
1	1.000000	2.569050	100.000000
2	1.038660	1.365040	56.500000
5	1.048619	1.378800	25.200001
10	1.053749	1.423030	13.800000
20	1.058283	1.576880	8.350000
50	1.066193	1.371510	4.720000
100	1.075308	1.391950	3.040000

check_k=256
1	1.000000	5.616120	100.000000
2	1.032169	2.848900	56.500000
5	1.041840	2.743930	26.400000
10	1.045046	2.767720	14.900000
20	1.048727	3.048580	9.600000
50	1.056302	2.779470	6.060000
100	1.061615	2.719730	4.300000

check_k=512
1	1.000000	8.797910	100.000000
2	1.025993	6.036030	59.500000
5	1.033764	5.709640	29.000000
10	1.038553	5.594280	17.900000
20	1.040888	5.805210	12.250000
50	1.045462	5.832170	8.360000
100	1.050095	5.460570	6.070000

lcsb  r=0.660000, L=32
Indexing Time: 167.816742 Seconds

Estimated Memory Usage: 2140155904 Bytes

check_k=1
1	1.000000	0.215330	100.000000
2	1.106869	0.023470	52.500000
5	1.136651	0.020850	21.799999
10	1.176972	0.013740	10.900000
20	1.312477	0.008550	5.600000
50	31622.777344	0.008340	2.280000
100	31622.777344	0.008290	1.150000

check_k=2
1	1.000000	0.318850	100.000000
2	1.083486	0.031310	54.000000
5	1.103805	0.028410	23.000000
10	1.124460	0.021030	11.700000
20	1.151764	0.020360	6.050000
50	1.252694	0.020990	2.560000
100	31622.777344	0.020380	1.360000

check_k=4
1	1.000000	0.550300	100.000000
2	1.069033	0.083180	54.500000
5	1.082691	0.078630	23.200001
10	1.097105	0.076510	12.000000
20	1.114201	0.080200	6.350000
50	1.152070	0.080280	2.820000
100	1.210581	0.079260	1.560000

check_k=8
1	1.000000	0.977740	100.000000
2	1.060147	0.185060	55.000000
5	1.070727	0.177070	23.600000
10	1.083896	0.172960	12.400000
20	1.095820	0.171540	6.800000
50	1.115803	0.172050	3.140000
100	1.142772	0.176910	1.890000

check_k=16
1	1.000000	1.793640	100.000000
2	1.050361	0.404160	55.000000
5	1.062552	0.394170	24.200001
10	1.070509	0.383770	12.900000
20	1.079011	0.379350	7.400000
50	1.093396	0.380770	3.640000
100	1.110255	0.384320	2.330000

check_k=32
1	1.000000	3.475510	100.000000
2	1.040706	0.846660	56.500000
5	1.052964	0.809190	25.400000
10	1.060364	0.789920	14.300000
20	1.065793	0.775550	8.900000
50	1.077369	0.768970	4.500000
100	1.089194	0.769820	3.010000

check_k=64
1	1.000000	6.589859	100.000000
2	1.036106	1.696400	58.000000
5	1.044387	1.641570	27.400000
10	1.049976	1.613270	15.700000
20	1.057681	1.595150	10.250000
50	1.064048	1.615840	5.540000
100	1.074103	1.593850	3.940000

check_k=128
1	1.000000	11.759390	100.000000
2	1.031428	3.474170	59.000000
5	1.037715	3.446510	28.200001
10	1.043015	3.371490	17.600000
20	1.047625	3.372810	11.900000
50	1.054751	3.359750	7.140000
100	1.059422	3.508950	5.600000

check_k=256
1	1.000000	16.885460	100.000000
2	1.026578	7.344040	59.500000
5	1.030903	7.320550	31.000000
10	1.034244	7.124890	20.799999
20	1.038039	7.318510	14.850000
50	1.043437	7.378170	10.080000
100	1.048708	7.342360	8.030000

check_k=512
1	1.000000	21.678791	100.000000
2	1.020751	17.210651	61.500000
5	1.023998	17.323620	34.400002
10	1.027769	17.258520	24.500000
20	1.030635	16.073709	18.600000
50	1.035399	13.527579	13.320000
100	1.040227	13.465281	11.070000

lcsb  r=0.660000, L=64
Indexing Time: 355.891235 Seconds

Estimated Memory Usage: 4060119040 Bytes

check_k=1
1	1.000000	0.645650	100.000000
2	1.095461	0.048170	53.000000
5	1.118497	0.044310	21.400000
10	1.142486	0.020470	10.900000
20	1.171028	0.017010	5.550000
50	31622.777344	0.017020	2.320000
100	31622.777344	0.016880	1.210000

check_k=2
1	1.000000	0.425600	100.000000
2	1.067939	0.076070	54.000000
5	1.086363	0.072480	22.400000
10	1.103922	0.070610	11.600000
20	1.120122	0.066050	6.000000
50	1.157747	0.062540	2.740000
100	1.236616	0.059940	1.510000

check_k=4
1	1.000000	0.763810	100.000000
2	1.058322	0.164860	54.500000
5	1.073576	0.159120	23.000000
10	1.081663	0.155790	12.000000
20	1.093012	0.154400	6.500000
50	1.116398	0.155590	3.080000
100	1.141005	0.157840	1.820000

check_k=8
1	1.000000	1.443750	100.000000
2	1.049190	0.368380	55.500000
5	1.060265	0.354400	23.799999
10	1.066694	0.348190	12.700000
20	1.075891	0.343320	7.450000
50	1.091896	0.343810	3.700000
100	1.107162	0.348540	2.370000

check_k=16
1	1.000000	2.797260	100.000000
2	1.040279	0.746060	57.000000
5	1.049684	0.723920	26.400000
10	1.056750	0.708330	14.800000
20	1.062825	0.776050	8.950000
50	1.075818	0.735880	4.920000
100	1.085881	0.694860	3.300000

check_k=32
1	1.000000	5.310690	100.000000
2	1.032902	1.505650	58.500000
5	1.042269	1.447800	28.400000
10	1.046785	1.419080	17.200001
20	1.052891	1.404260	10.600000
50	1.061213	1.440040	6.400000
100	1.069790	1.432130	4.480000

check_k=64
1	1.000000	9.861239	100.000000
2	1.026762	3.152070	61.000000
5	1.034755	3.106040	31.400000
10	1.038648	2.962740	19.500000
20	1.044227	2.953780	12.550000
50	1.050415	2.940040	8.140000
100	1.056927	2.961550	6.050000

check_k=128
1	1.000000	15.908411	100.000000
2	1.021615	6.021220	62.500000
5	1.028695	5.982740	33.599998
10	1.032955	5.969531	22.000000
20	1.035951	6.008580	15.100000
50	1.040986	5.979820	10.480000
100	1.045546	5.985670	8.140000

check_k=256
1	1.000000	23.859303	100.000000
2	1.015244	11.980129	67.000000
5	1.022408	12.099039	38.400002
10	1.025871	12.006930	27.100000
20	1.029350	12.039001	19.400000
50	1.033244	12.045100	14.160000
100	1.036315	12.105599	11.470000

check_k=512
1	1.000000	35.340668	100.000000
2	1.006924	24.756800	71.000000
5	1.018268	24.687401	43.400002
10	1.020642	24.190491	31.500000
20	1.022551	24.135771	23.750000
50	1.025920	24.204468	19.139999
100	1.028343	24.485659	16.299999

lcsb  r=0.660000, L=128
Indexing Time: 745.914795 Seconds

Estimated Memory Usage: 7900311552 Bytes

check_k=1
1	1.000000	0.716940	100.000000
2	1.070907	0.093160	53.500000
5	1.096692	0.056430	22.200001
10	1.118916	0.046560	11.300000
20	1.141438	0.045810	5.850000
50	1.202095	0.045420	2.500000
100	31622.777344	0.044830	1.400000

check_k=2
1	1.000000	0.895080	100.000000
2	1.058658	0.163990	57.000000
5	1.072119	0.157960	24.400000
10	1.083356	0.154420	13.000000
20	1.094981	0.151470	7.000000
50	1.121516	0.152060	3.400000
100	1.156006	0.153800	2.010000

check_k=4
1	1.000000	1.585110	100.000000
2	1.044004	0.363490	58.500000
5	1.059029	0.355390	25.400000
10	1.068433	0.349670	14.000000
20	1.076756	0.348370	7.950000
50	1.091661	0.348910	4.380000
100	1.110333	0.352460	2.760000

check_k=8
1	1.000000	2.924440	100.000000
2	1.036583	0.787520	60.000000
5	1.047363	0.761990	26.799999
10	1.053871	0.747710	15.500000
20	1.060642	0.734230	9.300000
50	1.072895	0.876010	5.480000
100	1.084479	0.734550	3.780000

check_k=16
1	1.000000	5.509180	100.000000
2	1.029517	1.570750	62.500000
5	1.039405	1.519340	29.799999
10	1.045705	1.489150	18.500000
20	1.050894	1.472020	11.700000
50	1.060285	1.459090	7.320000
100	1.067508	1.611720	5.320000

check_k=32
1	1.000000	10.049010	100.000000
2	1.019792	3.214910	63.500000
5	1.031499	3.050870	33.799999
10	1.037320	2.999610	22.500000
20	1.041896	2.960860	14.950000
50	1.047881	3.081660	9.860000
100	1.054866	2.939050	7.500000

check_k=64
1	1.000000	16.992140	100.000000
2	1.017769	6.561200	64.500000
5	1.025805	6.348630	37.400002
10	1.030454	6.589720	25.600000
20	1.033852	6.470030	17.900000
50	1.039070	6.972380	12.940000
100	1.043962	6.739240	10.380000

check_k=128
1	1.000000	26.536612	100.000000
2	1.012927	12.327149	66.000000
5	1.020871	11.712700	41.200001
10	1.024990	11.605670	29.799999
20	1.026223	11.781410	22.549999
50	1.030871	11.917630	17.100000
100	1.035043	11.790030	14.480000

check_k=256
1	1.000000	33.609550	100.000000
2	1.008582	25.137901	69.000000
5	1.016991	25.509270	45.000000
10	1.019396	23.493382	34.900002
20	1.020851	23.000959	27.900000
50	1.024379	23.145550	22.879999
100	1.027154	23.134092	20.469999

check_k=512
1	1.000000	50.037430	100.000000
2	1.000000	46.501049	75.500000
5	1.012508	46.186993	52.599998
10	1.013458	46.384258	42.000000
20	1.016039	46.960220	35.450001
50	1.018369	46.543568	30.700001
100	1.020154	46.303585	27.820000

lcsb  r=0.660000, L=256
Indexing Time: 1546.906006 Seconds

Estimated Memory Usage: 15580696576 Bytes

check_k=1
1	1.000000	0.894630	100.000000
2	1.063852	0.164780	55.500000
5	1.079501	0.156730	23.400000
10	1.091097	0.150960	12.300000
20	1.106776	0.146660	6.350000
50	1.137330	0.144580	2.880000
100	1.186214	0.141910	1.620000

check_k=2
1	1.000000	0.771420	100.000000
2	1.040289	0.302480	58.500000
5	1.058501	0.297540	26.600000
10	1.067961	0.294810	14.700000
20	1.076442	0.294090	8.550000
50	1.093312	0.296130	4.520000
100	1.113178	0.300340	2.810000

check_k=4
1	1.000000	1.508430	100.000000
2	1.033783	0.626050	62.000000
5	1.046291	0.615040	29.799999
10	1.053244	0.610220	17.100000
20	1.059168	0.606460	10.250000
50	1.070098	0.607420	6.060000
100	1.083527	0.611540	4.110000

check_k=8
1	1.000000	3.025740	100.000000
2	1.027173	1.297820	63.500000
5	1.036277	1.255660	32.599998
10	1.042913	1.245010	19.799999
20	1.048360	1.232230	12.550000
50	1.055846	1.228840	8.140000
100	1.064075	1.231110	5.900000

check_k=16
1	1.000000	5.454260	100.000000
2	1.019406	2.546960	65.000000
5	1.029676	2.559080	37.000000
10	1.035187	2.498990	23.700001
20	1.039110	2.568310	15.950000
50	1.044724	2.621830	10.800000
100	1.050820	2.572790	8.420000

check_k=32
1	1.000000	9.712660	100.000000
2	1.014649	5.180260	67.500000
5	1.023496	5.074590	40.599998
10	1.028428	5.160200	28.000000
20	1.030743	4.982500	20.049999
50	1.035414	5.192630	14.580000
100	1.039612	5.125550	12.030000

check_k=64
1	1.000000	15.763230	100.000000
2	1.008898	10.319441	69.500000
5	1.017713	10.234769	46.000000
10	1.021313	10.273971	33.000000
20	1.023973	10.217969	25.250000
50	1.027833	10.295810	20.340000
100	1.031350	10.269609	17.290001

check_k=128
1	1.000000	24.782089	100.000000
2	1.003685	20.557152	71.500000
5	1.013065	20.349859	52.799999
10	1.016191	20.358099	40.000000
20	1.018515	20.633940	32.500000
50	1.021444	20.335091	27.820000
100	1.023794	20.433149	24.290001

check_k=256
1	1.000000	42.500328	100.000000
2	1.000000	40.593517	76.500000
5	1.008067	40.726719	60.799999
10	1.011068	40.592499	48.299999
20	1.012868	40.818790	41.650002
50	1.015669	40.703541	37.160000
100	1.017619	40.630150	33.669998

check_k=512
1	1.000000	81.228790	100.000000
2	1.000000	81.257614	82.500000
5	1.005812	81.241310	66.199997
10	1.007293	80.880859	57.400002
20	1.008525	81.094009	52.150002
50	1.010294	80.872444	48.139999
100	1.011890	81.173782	45.410000

lcsb  r=0.660000, L=512
Indexing Time: 3292.284912 Seconds

Estimated Memory Usage: 30941196288 Bytes

check_k=1
1	1.000000	1.105220	100.000000
2	1.053245	0.341010	57.500000
5	1.061863	0.326030	24.799999
10	1.073857	0.318870	14.000000
20	1.085653	0.314980	7.850000
50	1.107876	0.314570	3.980000
100	1.133808	0.316020	2.400000

check_k=2
1	1.000000	1.277690	100.000000
2	1.034638	0.649780	61.000000
5	1.045258	0.636670	28.799999
10	1.052231	0.636260	17.500000
20	1.060167	0.628480	10.750000
50	1.072452	0.628820	6.480000
100	1.086784	0.717700	4.510000

check_k=4
1	1.000000	2.494690	100.000000
2	1.025055	1.290870	63.500000
5	1.035619	1.267100	31.600000
10	1.041307	1.387970	20.900000
20	1.046939	1.288190	14.200000
50	1.055158	1.270620	9.280000
100	1.063737	1.269560	6.950000

check_k=8
1	1.000000	4.743500	100.000000
2	1.017781	2.550890	66.500000
5	1.027762	2.657660	37.200001
10	1.033133	2.539480	25.799999
20	1.037616	2.504610	18.549999
50	1.043638	2.662760	12.960000
100	1.049616	2.555500	10.460000

check_k=16
1	1.000000	7.234850	100.000000
2	1.008457	5.174790	68.500000
5	1.019496	5.199450	44.799999
10	1.025717	5.142351	32.799999
20	1.029720	5.123910	24.450001
50	1.034127	5.112790	18.219999
100	1.038559	5.115470	15.180000

check_k=32
1	1.000000	11.533001	100.000000
2	1.003487	10.624921	70.500000
5	1.013886	10.491429	52.000000
10	1.020363	10.307970	38.799999
20	1.022493	10.218800	30.299999
50	1.025581	10.236930	24.100000
100	1.029353	10.226160	20.889999

check_k=64
1	1.000000	24.587410	100.000000
2	1.000000	23.267860	76.000000
5	1.008622	23.001379	58.400002
10	1.012898	23.059458	47.700001
20	1.015420	22.688400	39.349998
50	1.019644	22.558500	32.700001
100	1.021950	21.916298	28.820000

check_k=128
1	1.000000	43.836639	100.000000
2	1.000000	43.054611	80.500000
5	1.005211	44.583649	64.800003
10	1.008393	57.382980	55.900002
20	1.011306	52.739292	48.750000
50	1.014186	41.571888	42.220001
100	1.015767	44.689941	38.490002

check_k=256
1	1.000000	82.746368	100.000000
2	1.000000	82.403740	85.000000
5	1.002269	81.439331	73.400002
10	1.005090	81.232452	66.900002
20	1.006592	84.013939	60.450001
50	1.008602	80.731926	53.540001
100	1.010183	77.966522	49.570000

check_k=512
1	1.000000	155.156479	100.000000
2	1.000000	153.758682	90.000000
5	1.000638	154.111328	80.000000
10	1.002218	153.857040	77.000000
20	1.003227	154.262848	72.599998
50	1.004815	153.807037	67.059998
100	1.006124	154.205139	63.270000

