lcsb  r=0.660000, L=8
Indexing Time: 2.931178 Seconds

Estimated Memory Usage: 139984896 Bytes

check_k=1
1	1.551749	0.004100	0.000000
2	1.633873	0.002640	0.000000
5	2.029245	0.002690	0.000000
10	2.498293	0.002730	0.000000
20	31622.777344	0.002780	0.000000
50	31622.777344	0.002770	0.000000
100	31622.777344	0.002690	0.000000

check_k=2
1	1.519344	0.004420	0.000000
2	1.539989	0.004190	0.000000
5	1.731342	0.004290	0.000000
10	1.936958	0.004530	0.000000
20	2.534905	0.004500	0.000000
50	31622.777344	0.004510	0.000000
100	31622.777344	0.004470	0.000000

check_k=4
1	1.462041	0.008120	0.000000
2	1.519683	0.007640	0.000000
5	1.600066	0.007880	0.000000
10	1.791966	0.007990	0.000000
20	1.869997	0.008250	0.000000
50	4.096656	0.008740	0.000000
100	31622.777344	0.008690	0.000000

check_k=8
1	1.414982	0.015850	0.000000
2	1.455939	0.015080	0.000000
5	1.572087	0.015330	0.000000
10	1.692715	0.015570	0.000000
20	1.757020	0.016150	0.000000
50	1.869619	0.017420	0.000000
100	3.835426	0.018450	0.000000

check_k=16
1	1.321522	0.031920	2.000000
2	1.324965	0.030830	1.500000
5	1.458966	0.030990	0.600000
10	1.605505	0.031170	0.300000
20	1.656235	0.032040	0.150000
50	1.711479	0.034400	0.120000
100	1.858924	0.037070	0.070000

check_k=32
1	1.245724	0.063350	2.000000
2	1.243952	0.061180	3.000000
5	1.410737	0.061420	1.200000
10	1.463726	0.061710	0.600000
20	1.551227	0.062650	0.300000
50	1.562456	0.066270	0.300000
100	1.622423	0.070970	0.200000

check_k=64
1	1.216042	0.123190	2.000000
2	1.217364	0.118820	3.000000
5	1.266292	0.119090	1.800000
10	1.305064	0.119530	1.100000
20	1.364436	0.120430	0.600000
50	1.471958	0.124100	0.520000
100	1.514833	0.131340	0.400000

check_k=128
1	1.182153	0.240690	2.000000
2	1.176836	0.233090	3.500000
5	1.206260	0.233430	3.200000
10	1.244495	0.233950	2.100000
20	1.257498	0.234990	1.150000
50	1.322104	0.239360	0.840000
100	1.413185	0.246730	0.710000

check_k=256
1	1.167855	0.466480	2.000000
2	1.161353	0.454750	4.000000
5	1.178441	0.456480	3.400000
10	1.194035	0.456180	2.200000
20	1.213598	0.454880	1.400000
50	1.245474	0.463220	1.160000
100	1.307902	0.558600	1.140000

check_k=512
1	1.124817	1.067750	6.000000
2	1.128083	1.070350	7.000000
5	1.142465	1.056720	5.800000
10	1.156116	1.055490	4.700000
20	1.172952	1.029840	3.650000
50	1.206860	1.057360	2.800000
100	1.215756	1.066310	2.530000

lcsb  r=0.660000, L=16
Indexing Time: 10.991253 Seconds

Estimated Memory Usage: 236044288 Bytes

check_k=1
1	1.404554	0.011580	0.000000
2	1.502670	0.007400	0.000000
5	1.737764	0.006960	0.000000
10	1.844116	0.006820	0.000000
20	2.442185	0.006820	0.000000
50	31622.777344	0.006770	0.000000
100	31622.777344	0.006980	0.000000

check_k=2
1	1.331828	0.010870	0.000000
2	1.367243	0.010110	0.000000
5	1.501420	0.010150	0.000000
10	1.606893	0.010420	0.000000
20	1.828444	0.010530	0.000000
50	3.052127	0.011090	0.040000
100	31622.777344	0.011000	0.020000

check_k=4
1	1.275599	0.022510	0.000000
2	1.314511	0.018270	0.000000
5	1.357270	0.018120	0.000000
10	1.433024	0.018300	0.000000
20	1.522538	0.018890	0.000000
50	1.834219	0.020070	0.040000
100	2.820331	0.020940	0.020000

check_k=8
1	1.254535	0.038340	0.000000
2	1.287467	0.037200	0.000000
5	1.312791	0.035680	0.000000
10	1.337889	0.034850	0.000000
20	1.393457	0.035260	0.000000
50	1.565619	0.037590	0.040000
100	1.786924	0.039660	0.020000

check_k=16
1	1.240100	0.074890	0.000000
2	1.235718	0.067580	0.000000
5	1.281723	0.066270	0.000000
10	1.283168	0.065780	0.000000
20	1.310525	0.066360	0.050000
50	1.378751	0.069310	0.140000
100	1.519605	0.073300	0.120000

check_k=32
1	1.218010	0.145320	1.000000
2	1.217577	0.131430	0.500000
5	1.233707	0.129290	0.200000
10	1.237806	0.128140	0.100000
20	1.259129	0.128190	0.100000
50	1.303784	0.131270	0.180000
100	1.377099	0.137170	0.180000

check_k=64
1	1.167660	0.281450	1.000000
2	1.150725	0.259180	0.500000
5	1.192251	0.261020	0.400000
10	1.205890	0.262700	0.300000
20	1.212180	0.262910	0.200000
50	1.239801	0.273110	0.320000
100	1.289801	0.276650	0.390000

check_k=128
1	1.132073	0.570840	4.000000
2	1.133865	0.624150	3.500000
5	1.162643	0.595160	2.600000
10	1.184198	0.618360	1.700000
20	1.177588	0.618820	1.200000
50	1.199287	0.614680	0.880000
100	1.232990	0.633840	0.790000

check_k=256
1	1.113007	1.387820	6.000000
2	1.102724	1.520370	5.500000
5	1.114170	1.347450	5.000000
10	1.141934	1.381420	3.400000
20	1.150314	1.379630	2.350000
50	1.160907	1.359200	1.700000
100	1.182450	1.381280	1.650000

check_k=512
1	1.073133	3.346810	8.000000
2	1.079776	3.491100	7.000000
5	1.091739	3.354550	7.400000
10	1.104456	3.379160	5.400000
20	1.120396	3.364550	4.450000
50	1.127762	3.416920	3.460000
100	1.140746	3.465180	3.790000

lcsb  r=0.660000, L=32
Indexing Time: 43.235050 Seconds

Estimated Memory Usage: 428023808 Bytes

check_k=1
1	1.223910	0.048680	8.000000
2	1.263918	0.032450	7.500000
5	1.339982	0.029070	4.200000
10	1.396592	0.027750	2.200000
20	1.514963	0.027440	1.250000
50	2.360485	0.027170	0.580000
100	31622.777344	0.026760	0.440000

check_k=2
1	1.170368	0.042180	15.000000
2	1.203059	0.039490	13.000000
5	1.252452	0.039060	8.200000
10	1.317945	0.039080	4.300000
20	1.357973	0.039660	2.350000
50	1.475328	0.041410	1.120000
100	2.128363	0.042010	0.950000

check_k=4
1	1.124614	0.074710	19.000000
2	1.142378	0.074350	17.500000
5	1.199265	0.073330	13.800000
10	1.250312	0.071370	9.200000
20	1.286932	0.073060	4.950000
50	1.373046	0.081930	2.280000
100	1.476436	0.082600	1.660000

check_k=8
1	1.106527	0.156020	19.000000
2	1.116899	0.146240	19.500000
5	1.149581	0.145190	17.799999
10	1.190537	0.143030	14.800000
20	1.234755	0.142570	10.400000
50	1.292879	0.143080	4.800000
100	1.346381	0.149020	3.220000

check_k=16
1	1.066899	0.280720	25.000000
2	1.089278	0.278900	22.500000
5	1.119045	0.282450	21.600000
10	1.141785	0.286020	19.000000
20	1.158671	0.283280	15.800000
50	1.215446	0.287330	8.220000
100	1.254304	0.301300	5.560000

check_k=32
1	1.055492	0.548530	29.000000
2	1.060522	0.508420	26.000000
5	1.086823	0.494110	24.400000
10	1.104456	0.497380	22.000000
20	1.133888	0.506230	19.950001
50	1.173139	0.535690	12.820000
100	1.192634	0.514940	8.890000

check_k=64
1	1.042435	1.031450	38.000000
2	1.050927	1.125390	34.000000
5	1.065577	1.006810	31.000000
10	1.078259	1.068620	27.200001
20	1.090899	1.041930	24.799999
50	1.138831	1.021110	19.219999
100	1.156291	1.028840	13.560000

check_k=128
1	1.021533	2.000030	43.000000
2	1.032457	2.016180	38.000000
5	1.042674	2.008880	35.200001
10	1.050658	2.075820	33.200001
20	1.072473	2.023220	31.250000
50	1.101257	2.018970	25.360001
100	1.120848	2.004520	18.730000

check_k=256
1	1.008077	3.555160	48.000000
2	1.017826	3.718950	46.000000
5	1.037289	3.590800	40.599998
10	1.036859	3.543700	39.700001
20	1.049277	3.520410	37.049999
50	1.070279	3.685760	32.060001
100	1.089762	3.582410	24.680000

check_k=512
1	1.000000	5.974750	52.000000
2	1.011827	5.801640	49.500000
5	1.020665	5.421660	49.200001
10	1.024967	5.864810	49.400002
20	1.029938	5.795170	46.000000
50	1.050696	5.909470	39.860001
100	1.071889	5.782800	31.780001

lcsb  r=0.660000, L=64
Indexing Time: 139.349136 Seconds

Estimated Memory Usage: 812122112 Bytes

check_k=1
1	1.195359	0.078720	8.000000
2	1.277933	0.051600	4.500000
5	1.291275	0.047420	2.200000
10	1.346723	0.044940	1.100000
20	1.410347	0.044600	0.600000
50	1.618763	0.046070	0.320000
100	2.107581	0.046600	0.220000

check_k=2
1	1.150610	0.078880	12.000000
2	1.171889	0.073430	9.500000
5	1.264889	0.072980	6.600000
10	1.259993	0.076150	3.500000
20	1.305185	0.075930	1.950000
50	1.440961	0.078920	0.920000
100	1.566822	0.082860	0.690000

check_k=4
1	1.111285	0.149960	15.000000
2	1.140708	0.143990	12.500000
5	1.195522	0.145100	9.400000
10	1.223323	0.143520	5.000000
20	1.241046	0.144080	2.850000
50	1.313092	0.147540	1.420000
100	1.429813	0.154970	1.130000

check_k=8
1	1.083091	0.281670	18.000000
2	1.095004	0.276700	17.500000
5	1.136438	0.288150	15.800000
10	1.185562	0.285980	9.500000
20	1.196814	0.282910	5.400000
50	1.233871	0.289650	2.820000
100	1.312830	0.282980	2.310000

check_k=16
1	1.065069	0.505650	21.000000
2	1.077916	0.481620	22.500000
5	1.099121	0.489660	20.000000
10	1.126968	0.478300	16.100000
20	1.170870	0.455150	9.650000
50	1.179135	0.493900	4.920000
100	1.216314	0.475380	4.080000

check_k=32
1	1.039923	0.896640	28.000000
2	1.050825	0.903270	27.000000
5	1.077522	0.936300	24.200001
10	1.091054	0.897760	21.400000
20	1.139082	0.912450	16.049999
50	1.153077	0.915880	8.720000
100	1.157951	1.041900	7.420000

check_k=64
1	1.019435	1.678740	42.000000
2	1.028481	1.683080	39.000000
5	1.051333	1.714240	33.400002
10	1.067655	1.765490	28.600000
20	1.085381	1.706310	23.400000
50	1.124360	1.694290	15.320000
100	1.115262	1.712540	12.480000

check_k=128
1	1.010209	3.247410	46.000000
2	1.015762	3.159730	44.000000
5	1.040445	3.094760	39.000000
10	1.053091	3.076940	34.400002
20	1.063498	3.227570	28.850000
50	1.088763	3.127030	21.780001
100	1.091311	3.123180	17.830000

check_k=256
1	1.000000	5.147400	51.000000
2	1.010209	5.247160	49.500000
5	1.025031	5.180670	44.599998
10	1.036159	5.111750	41.000000
20	1.046760	5.267970	36.950001
50	1.056056	5.118500	29.240000
100	1.066687	5.295070	23.959999

check_k=512
1	1.000000	8.263010	60.000000
2	1.005730	8.448771	56.500000
5	1.014043	8.264669	55.799999
10	1.026059	8.389650	51.099998
20	1.030368	8.385360	47.750000
50	1.043305	8.269220	39.040001
100	1.053002	8.452230	32.490002

lcsb  r=0.660000, L=128
Indexing Time: 391.985596 Seconds

Estimated Memory Usage: 1580314624 Bytes

check_k=1
1	1.051142	0.138670	37.000000
2	1.068264	0.105760	34.000000
5	1.097738	0.094190	30.400000
10	1.108539	0.093410	30.400000
20	1.151653	0.093030	29.850000
50	1.429777	0.113000	24.299999
100	1.823188	0.128790	14.690000

check_k=2
1	1.033244	0.158820	41.000000
2	1.057500	0.159340	37.000000
5	1.076420	0.144560	33.799999
10	1.097403	0.138310	33.299999
20	1.111875	0.133540	31.650000
50	1.184203	0.132010	29.420000
100	1.429357	0.131840	19.209999

check_k=4
1	1.027209	0.169280	43.000000
2	1.045826	0.167690	39.000000
5	1.061002	0.164290	36.400002
10	1.066095	0.167550	36.900002
20	1.096532	0.167800	35.099998
50	1.134635	0.164570	32.740002
100	1.277758	0.166730	22.730000

check_k=8
1	1.020209	0.227280	45.000000
2	1.039534	0.228690	41.000000
5	1.045539	0.233490	38.000000
10	1.048729	0.231680	39.000000
20	1.072870	0.230630	38.700001
50	1.097491	0.231720	36.080002
100	1.203826	0.241660	25.820000

check_k=16
1	1.013343	0.339990	46.000000
2	1.031653	0.352380	42.500000
5	1.042377	0.337780	39.400002
10	1.043199	0.347910	40.700001
20	1.058332	0.344930	41.000000
50	1.082749	0.352350	40.660000
100	1.150439	0.358020	29.110001

check_k=32
1	1.008093	0.492950	46.000000
2	1.024141	0.492350	43.500000
5	1.036941	0.487750	41.000000
10	1.037161	0.461160	43.200001
20	1.052263	0.467930	43.200001
50	1.071375	0.468790	44.299999
100	1.114190	0.478230	32.310001

check_k=64
1	1.005581	0.690350	48.000000
2	1.021705	0.671840	45.500000
5	1.030294	0.667390	43.599998
10	1.032717	0.673630	45.299999
20	1.036677	0.674690	45.250000
50	1.049644	0.669510	47.160000
100	1.082018	0.693570	37.549999

check_k=128
1	1.005512	1.061340	49.000000
2	1.016072	1.056140	47.500000
5	1.024150	1.056380	47.000000
10	1.027091	1.069410	49.500000
20	1.029899	1.080590	49.750000
50	1.045307	1.118850	49.959999
100	1.063365	1.071860	45.009998

check_k=256
1	1.000000	1.763180	53.000000
2	1.007409	1.790850	52.000000
5	1.017419	1.774320	51.400002
10	1.020943	1.845640	53.799999
20	1.023016	1.772200	54.950001
50	1.030009	1.772090	55.220001
100	1.041616	1.798730	51.880001

check_k=512
1	1.000000	3.226490	60.000000
2	1.004055	3.421070	58.500000
5	1.010041	3.211630	57.599998
10	1.014531	3.211680	58.599998
20	1.014291	3.218990	60.150002
50	1.020505	3.213390	60.340000
100	1.030128	3.287380	56.869999

lcsb  r=0.660000, L=256
Indexing Time: 1043.026978 Seconds

Estimated Memory Usage: 3116699648 Bytes

check_k=1
1	1.050832	0.381370	39.000000
2	1.060170	0.117730	36.500000
5	1.088975	0.091750	34.400002
10	1.111100	0.086730	34.599998
20	1.167707	0.086360	35.650002
50	4702.029297	0.088560	30.660000
100	31622.777344	0.091300	18.990000

check_k=2
1	1.037662	0.172220	39.000000
2	1.055652	0.110540	37.000000
5	1.074143	0.106440	35.200001
10	1.098503	0.102450	35.700001
20	1.141945	0.099430	36.450001
50	1.310962	0.100070	33.180000
100	31622.777344	0.100560	21.080000

check_k=4
1	1.028641	0.217190	39.000000
2	1.047371	0.130580	37.000000
5	1.061013	0.125950	36.000000
10	1.071286	0.122540	36.299999
20	1.111221	0.122530	37.299999
50	1.191964	0.122060	34.240002
100	1.483377	0.122170	22.480000

check_k=8
1	1.026292	0.303520	41.000000
2	1.032467	0.165770	39.500000
5	1.052709	0.160310	39.000000
10	1.065350	0.158860	38.299999
20	1.082919	0.158430	39.000000
50	1.138189	0.162160	35.779999
100	1.260664	0.166320	24.129999

check_k=16
1	1.015310	0.420970	44.000000
2	1.026621	0.218660	42.000000
5	1.041962	0.212090	41.000000
10	1.047033	0.211380	40.799999
20	1.061344	0.212630	40.900002
50	1.107537	0.215190	37.279999
100	1.158331	0.220240	25.799999

check_k=32
1	1.000000	0.664380	51.000000
2	1.013503	0.338910	48.500000
5	1.026105	0.328160	45.799999
10	1.036502	0.314910	45.299999
20	1.049528	0.315780	43.799999
50	1.087863	0.318190	39.459999
100	1.138906	0.322840	28.580000

check_k=64
1	1.000000	1.112100	53.000000
2	1.010488	0.560440	53.000000
5	1.018680	0.566010	48.599998
10	1.027356	0.557330	48.299999
20	1.036677	0.563100	46.650002
50	1.052886	0.569840	43.360001
100	1.087521	0.575130	35.490002

check_k=128
1	1.000000	1.752090	56.000000
2	1.006487	0.974150	57.500000
5	1.014195	0.964370	53.599998
10	1.015984	0.962760	52.599998
20	1.028299	0.964320	52.450001
50	1.039097	0.968260	48.080002
100	1.066218	0.973590	40.959999

check_k=256
1	1.000000	2.710500	61.000000
2	1.000000	1.815140	63.000000
5	1.008265	1.813650	61.599998
10	1.012702	1.813710	59.000000
20	1.017977	1.814590	57.549999
50	1.025281	1.818430	53.259998
100	1.048997	1.829950	48.270000

check_k=512
1	1.000000	4.633650	71.000000
2	1.000000	3.782670	71.500000
5	1.001761	3.703720	67.199997
10	1.007795	3.716550	66.199997
20	1.010227	3.707410	65.000000
50	1.015768	3.709500	61.320000
100	1.031652	3.718460	56.139999

lcsb  r=0.660000, L=512
Indexing Time: 2085.333008 Seconds

Estimated Memory Usage: 6189469696 Bytes

check_k=1
1	1.040397	0.690160	42.000000
2	1.057958	0.578110	39.500000
5	1.105444	0.461140	37.000000
10	1.140008	0.447480	35.200001
20	1.208084	0.431770	34.400002
50	31622.777344	0.424140	30.760000
100	31622.777344	0.423160	16.879999

check_k=2
1	1.026216	0.539980	43.000000
2	1.043433	0.452080	41.000000
5	1.069008	0.448050	38.200001
10	1.092004	0.444460	36.900002
20	1.121577	0.442980	35.799999
50	1.252453	0.445170	32.259998
100	31622.777344	0.443290	18.450001

check_k=4
1	1.018893	0.609090	44.000000
2	1.040620	0.478550	42.500000
5	1.055736	0.476100	39.599998
10	1.068102	0.473450	38.500000
20	1.091179	0.472990	37.250000
50	1.138976	0.473100	33.700001
100	1.355477	0.473350	21.610001

check_k=8
1	1.000000	0.777800	52.000000
2	1.020105	0.551990	51.000000
5	1.038503	0.546230	45.799999
10	1.049011	0.546520	44.400002
20	1.065677	0.546040	43.200001
50	1.103214	0.549770	38.419998
100	1.187152	0.562290	25.730000

check_k=16
1	1.000000	1.074610	54.000000
2	1.013569	0.678990	53.000000
5	1.026545	0.670670	49.400002
10	1.035800	0.669670	48.299999
20	1.049673	0.667120	47.250000
50	1.073775	0.670540	42.639999
100	1.119540	0.673670	29.780001

check_k=32
1	1.000000	1.556980	57.000000
2	1.009013	0.913120	55.000000
5	1.018795	0.906350	53.000000
10	1.024548	0.901290	52.200001
20	1.034082	0.904800	50.500000
50	1.052551	0.904150	47.419998
100	1.075916	0.908710	37.400002

check_k=64
1	1.000000	2.434640	65.000000
2	1.002219	1.434150	61.500000
5	1.012735	1.419090	59.000000
10	1.017164	1.418840	59.000000
20	1.018214	1.425490	56.799999
50	1.028379	1.424450	54.980000
100	1.050586	1.426730	48.200001

check_k=128
1	1.000000	3.320350	71.000000
2	1.000000	2.405880	68.000000
5	1.006392	2.386140	65.000000
10	1.008860	2.379760	66.000000
20	1.012079	2.392030	64.599998
50	1.017953	2.382310	62.279999
100	1.026788	2.425000	58.799999

check_k=256
1	1.000000	5.209520	73.000000
2	1.000000	4.433380	72.500000
5	1.002077	4.438320	70.400002
10	1.003630	4.424690	71.300003
20	1.006058	4.419010	71.500000
50	1.008630	4.430210	71.019997
100	1.016952	4.439870	68.910004

check_k=512
1	1.000000	9.278800	78.000000
2	1.000000	8.798150	79.500000
5	1.000000	8.609989	78.400002
10	1.001616	8.580950	79.300003
20	1.002616	8.707231	77.849998
50	1.004418	8.630850	77.320000
100	1.008387	8.766270	75.650002

