lcsb  r=0.660000, L=8
Indexing Time: 3.075289 Seconds

Estimated Memory Usage: 139984896 Bytes

check_k=1
1	1.551749	0.004710	0.000000
2	1.633873	0.003150	0.000000
5	2.029245	0.003220	0.000000
10	2.498293	0.003270	0.000000
20	31622.777344	0.003310	0.000000
50	31622.777344	0.003320	0.000000
100	31622.777344	0.003240	0.000000

check_k=2
1	1.519344	0.005450	0.000000
2	1.539989	0.005000	0.000000
5	1.731342	0.005100	0.000000
10	1.936958	0.005210	0.000000
20	2.534905	0.005340	0.000000
50	31622.777344	0.005370	0.000000
100	31622.777344	0.005310	0.000000

check_k=4
1	1.462041	0.009530	0.000000
2	1.519683	0.009010	0.000000
5	1.600066	0.009260	0.000000
10	1.791966	0.009500	0.000000
20	1.869997	0.009860	0.000000
50	4.096656	0.010440	0.000000
100	31622.777344	0.010410	0.000000

check_k=8
1	1.414982	0.018850	0.000000
2	1.455939	0.018100	0.000000
5	1.572087	0.018480	0.000000
10	1.692715	0.018480	0.000000
20	1.757020	0.019210	0.000000
50	1.869619	0.021050	0.000000
100	3.835426	0.022150	0.000000

check_k=16
1	1.321522	0.036790	2.000000
2	1.324965	0.034560	1.500000
5	1.458966	0.035920	0.600000
10	1.605505	0.036880	0.300000
20	1.656235	0.041110	0.150000
50	1.711479	0.041710	0.120000
100	1.858924	0.042690	0.070000

check_k=32
1	1.245724	0.074250	2.000000
2	1.243952	0.070280	3.000000
5	1.410737	0.070480	1.200000
10	1.463726	0.068610	0.600000
20	1.551227	0.071280	0.300000
50	1.562456	0.084920	0.300000
100	1.622423	0.077620	0.200000

check_k=64
1	1.216042	0.130070	2.000000
2	1.217364	0.122240	3.000000
5	1.266292	0.123540	1.800000
10	1.305064	0.123460	1.100000
20	1.364436	0.129710	0.600000
50	1.471958	0.130550	0.520000
100	1.514833	0.146720	0.400000

check_k=128
1	1.182153	0.285490	2.000000
2	1.176836	0.276310	3.500000
5	1.206260	0.283630	3.200000
10	1.244495	0.258380	2.100000
20	1.257498	0.291070	1.150000
50	1.322104	0.272170	0.840000
100	1.413185	0.262480	0.710000

check_k=256
1	1.167855	0.518790	2.000000
2	1.161353	0.516090	4.000000
5	1.178441	0.524720	3.400000
10	1.194035	0.578850	2.200000
20	1.213598	0.511630	1.400000
50	1.245474	0.516190	1.160000
100	1.307902	0.524940	1.140000

check_k=512
1	1.124817	1.214020	6.000000
2	1.128083	1.191120	7.000000
5	1.142465	1.794100	5.800000
10	1.156116	2.101970	4.700000
20	1.172952	1.556360	3.650000
50	1.206860	1.537460	2.800000
100	1.215756	1.569590	2.530000

lcsb  r=0.660000, L=16
Indexing Time: 11.201545 Seconds

Estimated Memory Usage: 236044288 Bytes

check_k=1
1	1.404554	0.010630	0.000000
2	1.502670	0.006680	0.000000
5	1.737764	0.006460	0.000000
10	1.844116	0.006450	0.000000
20	2.442185	0.006640	0.000000
50	31622.777344	0.006530	0.000000
100	31622.777344	0.006610	0.000000

check_k=2
1	1.331828	0.010390	0.000000
2	1.367243	0.009550	0.000000
5	1.501420	0.010810	0.000000
10	1.606893	0.011570	0.000000
20	1.828444	0.010180	0.000000
50	3.052127	0.010650	0.040000
100	31622.777344	0.012560	0.020000

check_k=4
1	1.275599	0.019760	0.000000
2	1.314511	0.019410	0.000000
5	1.357270	0.020010	0.000000
10	1.433024	0.019660	0.000000
20	1.522538	0.020940	0.000000
50	1.834219	0.022160	0.040000
100	2.820331	0.020630	0.020000

check_k=8
1	1.254535	0.040180	0.000000
2	1.287467	0.037180	0.000000
5	1.312791	0.033490	0.000000
10	1.337889	0.033470	0.000000
20	1.393457	0.034130	0.000000
50	1.565619	0.036450	0.040000
100	1.786924	0.070910	0.020000

check_k=16
1	1.240100	0.073530	0.000000
2	1.235718	0.064130	0.000000
5	1.281723	0.063230	0.000000
10	1.283168	0.062900	0.000000
20	1.310525	0.063460	0.050000
50	1.378751	0.066230	0.140000
100	1.519605	0.070740	0.120000

check_k=32
1	1.218010	0.137840	1.000000
2	1.217577	0.124310	0.500000
5	1.233707	0.123020	0.200000
10	1.237806	0.125310	0.100000
20	1.259129	0.123070	0.100000
50	1.303784	0.126640	0.180000
100	1.377099	0.137310	0.180000

check_k=64
1	1.167660	0.277190	1.000000
2	1.150725	0.258820	0.500000
5	1.192251	0.257150	0.400000
10	1.205890	0.262550	0.300000
20	1.212180	0.258300	0.200000
50	1.239801	0.266140	0.320000
100	1.289801	0.271830	0.390000

check_k=128
1	1.132073	0.572550	4.000000
2	1.133865	0.618350	3.500000
5	1.162643	0.584560	2.600000
10	1.184198	0.617150	1.700000
20	1.177588	0.588260	1.200000
50	1.199287	0.610970	0.880000
100	1.232990	0.613900	0.790000

check_k=256
1	1.113007	1.454020	6.000000
2	1.102724	1.449310	5.500000
5	1.114170	1.365600	5.000000
10	1.141934	1.322170	3.400000
20	1.150314	1.354080	2.350000
50	1.160907	1.318420	1.700000
100	1.182450	1.342650	1.650000

check_k=512
1	1.073133	3.512470	8.000000
2	1.079776	3.541930	7.000000
5	1.091739	3.583580	7.400000
10	1.104456	3.705440	5.400000
20	1.120396	3.326120	4.450000
50	1.127762	3.334160	3.460000
100	1.140746	3.691810	3.790000

lcsb  r=0.660000, L=32
Indexing Time: 43.598946 Seconds

Estimated Memory Usage: 428023808 Bytes

check_k=1
1	1.223910	0.073520	8.000000
2	1.263918	0.046790	7.500000
5	1.339982	0.040160	4.200000
10	1.396592	0.036860	2.200000
20	1.514963	0.037080	1.250000
50	2.360485	0.034500	0.580000
100	31622.777344	0.033500	0.440000

check_k=2
1	1.170368	0.055260	15.000000
2	1.203059	0.050690	13.000000
5	1.252452	0.045900	8.200000
10	1.317945	0.044960	4.300000
20	1.357973	0.045150	2.350000
50	1.475328	0.048890	1.120000
100	2.128363	0.046540	0.950000

check_k=4
1	1.124614	0.089210	19.000000
2	1.142378	0.083780	17.500000
5	1.199265	0.081760	13.800000
10	1.250312	0.080980	9.200000
20	1.286932	0.080430	4.950000
50	1.373046	0.082970	2.280000
100	1.476436	0.085530	1.660000

check_k=8
1	1.106527	0.182560	19.000000
2	1.116899	0.189930	19.500000
5	1.149581	0.191480	17.799999
10	1.190537	0.186020	14.800000
20	1.234755	0.186860	10.400000
50	1.292879	0.191960	4.800000
100	1.346381	0.196980	3.220000

check_k=16
1	1.066899	0.356360	25.000000
2	1.089278	0.385800	22.500000
5	1.119045	0.386230	21.600000
10	1.141785	0.383420	19.000000
20	1.158671	0.394330	15.800000
50	1.215446	0.391940	8.220000
100	1.254304	0.399500	5.560000

check_k=32
1	1.055492	0.715600	29.000000
2	1.060522	0.715260	26.000000
5	1.086823	0.706160	24.400000
10	1.104456	0.770690	22.000000
20	1.133888	0.726440	19.950001
50	1.173139	0.726350	12.820000
100	1.192634	0.744410	8.890000

check_k=64
1	1.042435	1.494520	38.000000
2	1.050927	1.494550	34.000000
5	1.065577	1.493000	31.000000
10	1.078259	1.488440	27.200001
20	1.090899	1.050510	24.799999
50	1.138831	1.008470	19.219999
100	1.156291	1.025340	13.560000

check_k=128
1	1.021533	1.986620	43.000000
2	1.032457	2.013840	38.000000
5	1.042674	2.012990	35.200001
10	1.050658	2.022210	33.200001
20	1.072473	1.912160	31.250000
50	1.101257	1.898100	25.360001
100	1.120848	1.906250	18.730000

check_k=256
1	1.008077	3.512040	48.000000
2	1.017826	3.400270	46.000000
5	1.037289	3.520400	40.599998
10	1.036859	3.450330	39.700001
20	1.049277	3.471920	37.049999
50	1.070279	3.486310	32.060001
100	1.089762	3.452520	24.680000

check_k=512
1	1.000000	5.711080	52.000000
2	1.011827	5.702610	49.500000
5	1.020665	5.758480	49.200001
10	1.024967	5.645750	49.400002
20	1.029938	5.669730	46.000000
50	1.050696	5.651840	39.860001
100	1.071889	5.698680	31.780001

lcsb  r=0.660000, L=64
Indexing Time: 124.882950 Seconds

Estimated Memory Usage: 812122112 Bytes

check_k=1
1	1.195359	0.223910	8.000000
2	1.277933	0.057990	4.500000
5	1.291275	0.051650	2.200000
10	1.346723	0.049080	1.100000
20	1.410347	0.046560	0.600000
50	1.618763	0.043560	0.320000
100	2.107581	0.043800	0.220000

check_k=2
1	1.150610	0.149800	12.000000
2	1.171889	0.064800	9.500000
5	1.264889	0.063100	6.600000
10	1.259993	0.063860	3.500000
20	1.305185	0.063410	1.950000
50	1.440961	0.066340	0.920000
100	1.566822	0.067840	0.690000

check_k=4
1	1.111285	0.261030	15.000000
2	1.140708	0.114990	12.500000
5	1.195522	0.109270	9.400000
10	1.223323	0.108780	5.000000
20	1.241046	0.110470	2.850000
50	1.313092	0.116230	1.420000
100	1.429813	0.119810	1.130000

check_k=8
1	1.083091	0.450320	18.000000
2	1.095004	0.211250	17.500000
5	1.136438	0.209200	15.800000
10	1.185562	0.201550	9.500000
20	1.196814	0.205620	5.400000
50	1.233871	0.206380	2.820000
100	1.312830	0.212800	2.310000

check_k=16
1	1.065069	0.785310	21.000000
2	1.077916	0.430090	22.500000
5	1.099121	0.423310	20.000000
10	1.126968	0.422270	16.100000
20	1.170870	0.420980	9.650000
50	1.179135	0.420570	4.920000
100	1.216314	0.434390	4.080000

check_k=32
1	1.039923	1.338800	28.000000
2	1.050825	0.815350	27.000000
5	1.077522	0.844240	24.200001
10	1.091054	0.824340	21.400000
20	1.139082	0.821620	16.049999
50	1.153077	0.825100	8.720000
100	1.157951	0.853010	7.420000

check_k=64
1	1.019435	2.152030	42.000000
2	1.028481	1.524760	39.000000
5	1.051333	1.517740	33.400002
10	1.067655	1.510510	28.600000
20	1.085381	1.523790	23.400000
50	1.124360	1.511690	15.320000
100	1.115262	1.521190	12.480000

check_k=128
1	1.010209	3.255690	46.000000
2	1.015762	2.640430	44.000000
5	1.040445	2.714620	39.000000
10	1.053091	2.678590	34.400002
20	1.063498	2.652780	28.850000
50	1.088763	2.646930	21.780001
100	1.091311	2.701220	17.830000

check_k=256
1	1.000000	5.024190	51.000000
2	1.010209	4.505750	49.500000
5	1.025031	4.497120	44.599998
10	1.036159	4.497330	41.000000
20	1.046760	4.524770	36.950001
50	1.056056	4.522900	29.240000
100	1.066687	4.541460	23.959999

check_k=512
1	1.000000	7.641400	60.000000
2	1.005730	7.308340	56.500000
5	1.014043	7.228880	55.799999
10	1.026059	7.297590	51.099998
20	1.030368	7.281640	47.750000
50	1.043305	7.246840	39.040001
100	1.053002	7.260640	32.490002

lcsb  r=0.660000, L=128
Indexing Time: 386.713684 Seconds

Estimated Memory Usage: 1580314624 Bytes

check_k=1
1	1.051142	0.405520	37.000000
2	1.068264	0.124200	34.000000
5	1.097738	0.110090	30.400000
10	1.108539	0.103030	30.400000
20	1.151653	0.099260	29.850000
50	1.429777	0.098110	24.299999
100	1.823188	0.096650	14.690000

check_k=2
1	1.033244	0.246770	41.000000
2	1.057500	0.124840	37.000000
5	1.076420	0.117030	33.799999
10	1.097403	0.114430	33.299999
20	1.111875	0.113420	31.650000
50	1.184203	0.114510	29.420000
100	1.429357	0.115940	19.209999

check_k=4
1	1.027209	0.331600	43.000000
2	1.045826	0.170840	39.000000
5	1.061002	0.163910	36.400002
10	1.066095	0.159230	36.900002
20	1.096532	0.157490	35.099998
50	1.134635	0.157710	32.740002
100	1.277758	0.161250	22.730000

check_k=8
1	1.020209	0.434520	45.000000
2	1.039534	0.233620	41.000000
5	1.045539	0.219410	38.000000
10	1.048729	0.213180	39.000000
20	1.072870	0.210570	38.700001
50	1.097491	0.209660	36.080002
100	1.203826	0.217760	25.820000

check_k=16
1	1.013343	0.594260	46.000000
2	1.031653	0.326560	42.500000
5	1.042377	0.313620	39.400002
10	1.043199	0.315350	40.700001
20	1.058332	0.310060	41.000000
50	1.082749	0.302650	40.660000
100	1.150439	0.305630	29.110001

check_k=32
1	1.008093	0.814810	46.000000
2	1.024141	0.467930	43.500000
5	1.036941	0.449410	41.000000
10	1.037161	0.443740	43.200001
20	1.052263	0.442530	43.200001
50	1.071375	0.448240	44.299999
100	1.114190	0.457720	32.310001

check_k=64
1	1.005581	1.093200	48.000000
2	1.021705	0.676140	45.500000
5	1.030294	0.656050	43.599998
10	1.032717	0.652910	45.299999
20	1.036677	0.655120	45.250000
50	1.049644	0.656960	47.160000
100	1.082018	0.664560	37.549999

check_k=128
1	1.005512	1.590120	49.000000
2	1.016072	0.982960	47.500000
5	1.024150	1.014630	47.000000
10	1.027091	1.062700	49.500000
20	1.029899	1.047930	49.750000
50	1.045307	1.027800	49.959999
100	1.063365	1.024340	45.009998

check_k=256
1	1.000000	2.380250	53.000000
2	1.007409	1.742600	52.000000
5	1.017419	1.715150	51.400002
10	1.020943	1.732510	53.799999
20	1.023016	1.701240	54.950001
50	1.030009	1.690680	55.220001
100	1.041616	1.720090	51.880001

check_k=512
1	1.000000	3.811410	60.000000
2	1.004055	3.071430	58.500000
5	1.010041	3.030770	57.599998
10	1.014531	3.040200	58.599998
20	1.014291	3.013580	60.150002
50	1.020505	3.038710	60.340000
100	1.030128	3.155300	56.869999

lcsb  r=0.660000, L=256
Indexing Time: 1055.497803 Seconds

Estimated Memory Usage: 3116699648 Bytes

check_k=1
1	1.050832	0.418630	39.000000
2	1.060170	0.160810	36.500000
5	1.088975	0.142030	34.400002
10	1.111100	0.134330	34.599998
20	1.167707	0.133490	35.650002
50	4702.029297	0.132810	30.660000
100	31622.777344	0.129650	18.990000

check_k=2
1	1.037662	0.200720	39.000000
2	1.055652	0.139350	37.000000
5	1.074143	0.131340	35.200001
10	1.098503	0.127360	35.700001
20	1.141945	0.128270	36.450001
50	1.310962	0.126890	33.180000
100	31622.777344	0.126250	21.080000

check_k=4
1	1.028641	0.222850	39.000000
2	1.047371	0.144690	37.000000
5	1.061013	0.140730	36.000000
10	1.071286	0.140770	36.299999
20	1.111221	0.142000	37.299999
50	1.191964	0.140160	34.240002
100	1.483377	0.140310	22.480000

check_k=8
1	1.026292	0.292290	41.000000
2	1.032467	0.217340	39.500000
5	1.052709	0.204300	39.000000
10	1.065350	0.199670	38.299999
20	1.082919	0.198030	39.000000
50	1.138189	0.199090	35.779999
100	1.260664	0.193310	24.129999

check_k=16
1	1.015310	0.459840	44.000000
2	1.026621	0.320400	42.000000
5	1.041962	0.285230	41.000000
10	1.047033	0.279190	40.799999
20	1.061344	0.287990	40.900002
50	1.107537	0.291550	37.279999
100	1.158331	0.295690	25.799999

check_k=32
1	1.000000	0.755390	51.000000
2	1.013503	0.418740	48.500000
5	1.026105	0.408650	45.799999
10	1.036502	0.388520	45.299999
20	1.049528	0.392900	43.799999
50	1.087863	0.403660	39.459999
100	1.138906	0.389470	28.580000

check_k=64
1	1.000000	1.205590	53.000000
2	1.010488	0.641600	53.000000
5	1.018680	0.604050	48.599998
10	1.027356	0.618410	48.299999
20	1.036677	0.615170	46.650002
50	1.052886	0.590700	43.360001
100	1.087521	0.617710	35.490002

check_k=128
1	1.000000	1.806690	56.000000
2	1.006487	1.021760	57.500000
5	1.014195	1.071990	53.599998
10	1.015984	1.040560	52.599998
20	1.028299	1.034770	52.450001
50	1.039097	1.091310	48.080002
100	1.066218	1.041780	40.959999

check_k=256
1	1.000000	2.971610	61.000000
2	1.000000	1.981510	63.000000
5	1.008265	1.951220	61.599998
10	1.012702	1.951720	59.000000
20	1.017977	2.005130	57.549999
50	1.025281	2.030110	53.259998
100	1.048997	2.090720	48.270000

check_k=512
1	1.000000	4.934100	71.000000
2	1.000000	4.135550	71.500000
5	1.001761	4.117190	67.199997
10	1.007795	4.007480	66.199997
20	1.010227	4.086790	65.000000
50	1.015768	4.081960	61.320000
100	1.031652	4.071680	56.139999

lcsb  r=0.660000, L=512
Indexing Time: 2112.864014 Seconds

Estimated Memory Usage: 6189469696 Bytes

check_k=1
1	1.040397	0.674300	42.000000
2	1.057958	0.469020	39.500000
5	1.105444	0.452820	37.000000
10	1.140008	0.424790	35.200001
20	1.208084	0.424050	34.400002
50	31622.777344	0.429030	30.760000
100	31622.777344	0.418880	16.879999

check_k=2
1	1.026216	0.534300	43.000000
2	1.043433	0.455770	41.000000
5	1.069008	0.447260	38.200001
10	1.092004	0.442120	36.900002
20	1.121577	0.433940	35.799999
50	1.252453	0.432060	32.259998
100	31622.777344	0.431640	18.450001

check_k=4
1	1.018893	0.614580	44.000000
2	1.040620	0.477670	42.500000
5	1.055736	0.470010	39.599998
10	1.068102	0.468880	38.500000
20	1.091179	0.469420	37.250000
50	1.138976	0.471110	33.700001
100	1.355477	0.478730	21.610001

check_k=8
1	1.000000	0.782040	52.000000
2	1.020105	0.550160	51.000000
5	1.038503	0.545560	45.799999
10	1.049011	0.546330	44.400002
20	1.065677	0.543740	43.200001
50	1.103214	0.545180	38.419998
100	1.187152	0.552780	25.730000

check_k=16
1	1.000000	1.065930	54.000000
2	1.013569	0.688220	53.000000
5	1.026545	0.665370	49.400002
10	1.035800	0.668650	48.299999
20	1.049673	0.665540	47.250000
50	1.073775	0.667530	42.639999
100	1.119540	0.672910	29.780001

check_k=32
1	1.000000	1.529180	57.000000
2	1.009013	0.930700	55.000000
5	1.018795	0.934670	53.000000
10	1.024548	0.912090	52.200001
20	1.034082	0.909380	50.500000
50	1.052551	0.899710	47.419998
100	1.075916	0.916380	37.400002

check_k=64
1	1.000000	2.286570	65.000000
2	1.002219	1.453350	61.500000
5	1.012735	1.472530	59.000000
10	1.017164	1.455230	59.000000
20	1.018214	1.444170	56.799999
50	1.028379	1.438700	54.980000
100	1.050586	1.454980	48.200001

check_k=128
1	1.000000	3.425590	71.000000
2	1.000000	2.448760	68.000000
5	1.006392	2.428170	65.000000
10	1.008860	2.443480	66.000000
20	1.012079	2.433800	64.599998
50	1.017953	2.449590	62.279999
100	1.026788	2.442770	58.799999

check_k=256
1	1.000000	5.267321	73.000000
2	1.000000	4.472110	72.500000
5	1.002077	4.464520	70.400002
10	1.003630	4.456970	71.300003
20	1.006058	4.455780	71.500000
50	1.008630	4.458820	71.019997
100	1.016952	4.665150	68.910004

check_k=512
1	1.000000	9.212640	78.000000
2	1.000000	8.527910	79.500000
5	1.000000	8.617080	78.400002
10	1.001616	8.512489	79.300003
20	1.002616	8.540060	77.849998
50	1.004418	8.663549	77.320000
100	1.008387	8.554540	75.650002

