lcsb  r=0.660000, L=8
Indexing Time: 4.803478 Seconds

Estimated Memory Usage: 140062720 Bytes

check_k=1
1	1.139114	0.017220	0.000000
2	1.147397	0.014170	0.000000
5	1.174263	0.009610	0.000000
10	1.237654	0.004880	0.000000
20	31622.777344	0.004350	0.000000
50	31622.777344	0.004250	0.000000
100	31622.777344	0.004310	0.000000

check_k=2
1	1.133350	0.011420	0.000000
2	1.128102	0.007090	0.000000
5	1.139866	0.006620	0.000000
10	1.173854	0.006720	0.000000
20	1.233814	0.006990	0.000000
50	31622.777344	0.006990	0.000000
100	31622.777344	0.006910	0.000000

check_k=4
1	1.123234	0.020270	0.000000
2	1.117883	0.013670	0.000000
5	1.119237	0.012190	0.000000
10	1.132088	0.013780	0.100000
20	1.162938	0.014870	0.050000
50	1.266773	0.013330	0.040000
100	31622.777344	0.013190	0.020000

check_k=8
1	1.104525	0.039460	2.000000
2	1.107303	0.036690	1.000000
5	1.106409	0.033830	0.400000
10	1.111816	0.033850	0.300000
20	1.125392	0.034760	0.200000
50	1.170719	0.036840	0.120000
100	1.262041	0.037840	0.070000

check_k=16
1	1.088346	0.087130	3.000000
2	1.095057	0.087820	1.500000
5	1.091111	0.087800	0.600000
10	1.094288	0.089320	0.500000
20	1.104921	0.089180	0.400000
50	1.125055	0.091210	0.220000
100	1.157783	0.094140	0.150000

check_k=32
1	1.081948	0.195560	3.000000
2	1.084527	0.194100	1.500000
5	1.079442	0.190460	0.600000
10	1.081534	0.191090	0.600000
20	1.086355	0.212400	0.500000
50	1.098889	0.212730	0.260000
100	1.116185	0.212100	0.210000

check_k=64
1	1.065493	0.405980	6.000000
2	1.070459	0.409770	3.000000
5	1.067710	0.403490	1.600000
10	1.068972	0.399230	1.300000
20	1.072994	0.390560	0.900000
50	1.081192	0.387280	0.520000
100	1.091203	0.404880	0.410000

check_k=128
1	1.059295	0.881240	6.000000
2	1.060566	0.808890	3.000000
5	1.057567	0.851210	2.000000
10	1.060720	0.805430	1.500000
20	1.062437	0.862750	1.150000
50	1.067173	0.837780	0.800000
100	1.072326	0.807230	0.650000

check_k=256
1	1.055762	1.565580	7.000000
2	1.049704	1.569090	4.000000
5	1.051021	1.537890	3.200000
10	1.050722	1.616930	2.600000
20	1.052675	1.562980	2.150000
50	1.055729	1.563350	1.560000
100	1.059610	1.721850	1.140000

check_k=512
1	1.043609	3.247660	8.000000
2	1.041844	3.246020	6.000000
5	1.042955	3.211430	4.400000
10	1.041535	3.225090	3.700000
20	1.043062	3.105020	3.200000
50	1.045934	3.277390	2.620000
100	1.049538	3.148100	2.040000

lcsb  r=0.660000, L=16
Indexing Time: 9.891263 Seconds

Estimated Memory Usage: 236122112 Bytes

check_k=1
1	1.126618	0.030350	0.000000
2	1.128523	0.026470	0.000000
5	1.141248	0.024570	0.000000
10	1.174185	0.016300	0.000000
20	1.229951	0.009420	0.100000
50	31622.777344	0.008960	0.040000
100	31622.777344	0.009090	0.020000

check_k=2
1	1.109046	0.022760	0.000000
2	1.112627	0.016690	0.500000
5	1.119811	0.015580	0.200000
10	1.136668	0.015230	0.100000
20	1.162658	0.015430	0.150000
50	1.270083	0.015810	0.080000
100	31622.777344	0.015660	0.040000

check_k=4
1	1.099811	0.042630	0.000000
2	1.104857	0.038620	1.000000
5	1.104389	0.038490	0.600000
10	1.113975	0.039360	0.400000
20	1.126470	0.046300	0.350000
50	1.167656	0.054610	0.160000
100	1.258021	0.054390	0.090000

check_k=8
1	1.090051	0.109260	0.000000
2	1.096693	0.112620	1.500000
5	1.091207	0.113180	0.800000
10	1.098874	0.111470	0.500000
20	1.105212	0.108990	0.400000
50	1.125299	0.108520	0.200000
100	1.159395	0.108350	0.170000

check_k=16
1	1.076319	0.203260	1.000000
2	1.086093	0.197480	2.000000
5	1.080718	0.195600	1.400000
10	1.085231	0.193300	1.200000
20	1.089975	0.197560	0.800000
50	1.099417	0.200600	0.420000
100	1.116857	0.209310	0.320000

check_k=32
1	1.068281	0.420390	2.000000
2	1.070492	0.398850	2.500000
5	1.069711	0.473140	1.600000
10	1.069651	0.389660	1.500000
20	1.075455	0.387420	1.000000
50	1.082728	0.412000	0.560000
100	1.091612	0.412850	0.510000

check_k=64
1	1.054704	0.855170	3.000000
2	1.056692	0.809490	3.500000
5	1.058218	0.788030	2.200000
10	1.060139	0.769150	2.100000
20	1.062640	0.791600	1.550000
50	1.067611	0.823540	1.020000
100	1.074770	0.821570	0.830000

check_k=128
1	1.053499	1.538040	3.000000
2	1.051413	1.557560	4.500000
5	1.050312	1.629590	3.000000
10	1.050647	1.568940	2.700000
20	1.052014	1.595010	2.000000
50	1.057052	1.576790	1.580000
100	1.060894	1.603870	1.290000

check_k=256
1	1.035280	3.288910	5.000000
2	1.039566	3.309610	6.500000
5	1.041233	3.164030	5.000000
10	1.041430	3.195100	4.300000
20	1.044212	3.392010	3.700000
50	1.045494	3.217990	3.000000
100	1.048981	3.112840	2.360000

check_k=512
1	1.029902	6.413450	13.000000
2	1.033348	6.224770	12.500000
5	1.032251	6.510640	8.600000
10	1.032828	6.389441	6.700000
20	1.034725	6.454470	5.900000
50	1.036942	6.285769	5.000000
100	1.039031	6.495040	4.090000

lcsb  r=0.660000, L=32
Indexing Time: 21.302345 Seconds

Estimated Memory Usage: 428105728 Bytes

check_k=1
1	1.103185	0.058700	0.000000
2	1.105685	0.051950	0.000000
5	1.111330	0.049240	0.000000
10	1.128916	0.046560	0.000000
20	1.153284	0.045460	0.050000
50	1.266827	0.042870	0.040000
100	31622.777344	0.041320	0.030000

check_k=2
1	1.091739	0.065900	1.000000
2	1.096612	0.063000	1.000000
5	1.094379	0.061200	0.600000
10	1.105981	0.062280	0.400000
20	1.120527	0.060480	0.300000
50	1.164546	0.060980	0.160000
100	1.259059	0.061480	0.130000

check_k=4
1	1.082589	0.110670	1.000000
2	1.086093	0.114600	1.500000
5	1.085235	0.123230	0.800000
10	1.090481	0.117480	0.600000
20	1.102452	0.119640	0.400000
50	1.122192	0.133170	0.220000
100	1.156152	0.135840	0.220000

check_k=8
1	1.072940	0.241490	2.000000
2	1.076815	0.323940	2.500000
5	1.075071	0.248210	1.200000
10	1.077168	0.243530	1.000000
20	1.083467	0.241980	0.700000
50	1.096458	0.232320	0.400000
100	1.114672	0.233780	0.340000

check_k=16
1	1.057360	0.453950	4.000000
2	1.061109	0.460680	4.500000
5	1.061962	0.463390	2.800000
10	1.066938	0.449920	2.000000
20	1.070244	0.435470	1.500000
50	1.078088	0.427480	0.840000
100	1.087281	0.420860	0.620000

check_k=32
1	1.052830	0.794760	4.000000
2	1.053904	0.785190	5.500000
5	1.055814	0.780890	4.400000
10	1.057628	0.795210	3.000000
20	1.060386	0.841650	2.650000
50	1.064680	0.814730	1.540000
100	1.070401	0.804840	1.080000

check_k=64
1	1.041890	1.650770	5.000000
2	1.045733	1.703530	7.500000
5	1.044814	1.618810	6.000000
10	1.046640	1.721240	4.200000
20	1.050057	1.654460	3.450000
50	1.054737	1.637820	2.220000
100	1.058048	1.593490	1.600000

check_k=128
1	1.032305	3.205330	7.000000
2	1.037798	3.194250	10.000000
5	1.037764	3.287870	7.800000
10	1.039481	3.141320	5.800000
20	1.040953	3.121340	5.050000
50	1.044543	3.277930	3.520000
100	1.046067	3.283860	2.650000

check_k=256
1	1.028345	6.261830	10.000000
2	1.029768	6.443130	14.500000
5	1.031641	6.245030	11.000000
10	1.030593	6.375590	8.700000
20	1.033724	6.531000	7.650000
50	1.035686	6.351210	5.880000
100	1.038055	6.413849	4.610000

check_k=512
1	1.021012	12.776650	20.000000
2	1.023137	13.037080	23.000000
5	1.025634	13.008020	15.600000
10	1.024319	12.580770	13.500000
20	1.025718	12.644740	11.700000
50	1.027437	12.507610	9.720000
100	1.030429	12.927211	7.850000

lcsb  r=0.660000, L=64
Indexing Time: 44.627476 Seconds

Estimated Memory Usage: 812208128 Bytes

check_k=1
1	1.096815	0.121570	1.000000
2	1.096759	0.110430	1.000000
5	1.100524	0.099240	0.600000
10	1.105917	0.087890	0.300000
20	1.122867	0.086040	0.300000
50	1.165936	0.085430	0.140000
100	1.262085	0.084490	0.110000

check_k=2
1	1.085424	0.133730	1.000000
2	1.085965	0.131680	2.000000
5	1.085949	0.130590	1.400000
10	1.088074	0.141120	0.900000
20	1.100139	0.158610	0.600000
50	1.120410	0.160930	0.300000
100	1.161266	0.164640	0.210000

check_k=4
1	1.071854	0.275650	3.000000
2	1.075646	0.280410	3.000000
5	1.073614	0.277490	2.400000
10	1.075891	0.270450	1.400000
20	1.082684	0.271140	0.900000
50	1.093380	0.260680	0.500000
100	1.112911	0.263250	0.360000

check_k=8
1	1.063163	0.477480	4.000000
2	1.063158	0.487080	5.000000
5	1.062943	0.486300	3.600000
10	1.066078	0.476230	2.300000
20	1.071017	0.471430	1.550000
50	1.077259	0.492940	0.960000
100	1.084943	0.503530	0.640000

check_k=16
1	1.052081	0.928350	5.000000
2	1.051571	0.923890	6.000000
5	1.054221	0.990080	5.000000
10	1.055256	0.898130	3.300000
20	1.059771	0.853200	2.300000
50	1.063815	0.858900	1.520000
100	1.068285	0.920400	1.150000

check_k=32
1	1.040318	1.727810	8.000000
2	1.043105	1.731160	8.500000
5	1.044229	1.681680	6.600000
10	1.046529	1.667840	4.800000
20	1.050722	1.778140	3.550000
50	1.053091	1.737400	2.580000
100	1.056311	1.682640	1.970000

check_k=64
1	1.032486	3.329720	9.000000
2	1.035331	3.304270	11.500000
5	1.037226	3.331550	9.000000
10	1.038019	3.272880	7.000000
20	1.041301	3.167020	5.950000
50	1.044059	3.347690	4.400000
100	1.046534	3.382560	3.310000

check_k=128
1	1.021375	6.222240	17.000000
2	1.028522	6.606509	16.500000
5	1.029765	6.676690	13.200000
10	1.030422	6.760330	10.100000
20	1.032052	6.282440	8.550000
50	1.035369	6.546560	6.780000
100	1.037903	6.511549	5.420000

check_k=256
1	1.014902	12.863050	26.000000
2	1.018642	12.459850	26.500000
5	1.021830	13.076031	19.799999
10	1.023832	12.551650	15.900000
20	1.024225	12.670050	13.650000
50	1.027628	12.561390	11.060000
100	1.029884	12.821200	8.910000

check_k=512
1	1.006973	25.087690	38.000000
2	1.013036	25.210049	37.000000
5	1.015737	25.718601	28.200001
10	1.017220	24.975029	23.200001
20	1.018918	25.120550	21.000000
50	1.021040	25.137119	17.559999
100	1.022652	24.230591	14.340000

lcsb  r=0.660000, L=128
Indexing Time: 91.597572 Seconds

Estimated Memory Usage: 1580412928 Bytes

check_k=1
1	1.077510	0.218820	0.000000
2	1.077119	0.193830	1.000000
5	1.078121	0.191980	0.600000
10	1.089875	0.189600	0.600000
20	1.096598	0.187050	0.550000
50	1.119359	0.186750	0.380000
100	1.160722	0.186080	0.250000

check_k=2
1	1.067968	0.292250	0.000000
2	1.068899	0.288700	1.000000
5	1.071055	0.287830	0.800000
10	1.075029	0.288300	0.800000
20	1.081154	0.288010	0.850000
50	1.094092	0.280300	0.600000
100	1.113309	0.280680	0.410000

check_k=4
1	1.059388	0.468360	3.000000
2	1.061286	0.465620	3.500000
5	1.061688	0.514040	2.000000
10	1.065510	0.492440	1.500000
20	1.068998	0.490000	1.550000
50	1.077206	0.498240	1.000000
100	1.087477	0.505010	0.720000

check_k=8
1	1.044538	0.904460	5.000000
2	1.052475	0.992260	5.000000
5	1.051807	0.880010	3.000000
10	1.053976	0.860950	2.900000
20	1.060271	0.887440	2.700000
50	1.064079	0.903890	1.640000
100	1.069992	0.909490	1.180000

check_k=16
1	1.033149	1.686280	8.000000
2	1.041910	1.645890	9.500000
5	1.044066	1.722740	6.400000
10	1.045824	1.749730	5.800000
20	1.049603	1.707250	4.900000
50	1.054424	1.630590	3.100000
100	1.057093	1.692020	2.160000

check_k=32
1	1.027941	3.251870	13.000000
2	1.035199	3.370670	13.000000
5	1.035046	3.318190	9.400000
10	1.037115	3.336900	8.300000
20	1.039704	3.320800	7.000000
50	1.044312	3.389460	4.820000
100	1.047470	3.364870	3.630000

check_k=64
1	1.021353	6.575350	16.000000
2	1.025870	6.486850	18.500000
5	1.028389	6.293980	14.400000
10	1.029208	6.237530	11.800000
20	1.031354	6.330980	10.000000
50	1.035000	6.283920	7.360000
100	1.038026	6.452960	5.870000

check_k=128
1	1.012937	12.624160	25.000000
2	1.019075	12.558579	25.000000
5	1.021842	12.621481	20.600000
10	1.022061	12.501830	17.100000
20	1.024346	12.357540	15.250000
50	1.026866	12.433800	11.800000
100	1.029135	11.870410	9.460000

check_k=256
1	1.007386	23.321918	36.000000
2	1.012624	23.536890	36.500000
5	1.015709	23.561359	32.200001
10	1.016606	24.207830	26.400000
20	1.017385	24.315720	23.400000
50	1.019982	24.112471	18.760000
100	1.022082	24.169069	15.290000

check_k=512
1	1.000000	45.546177	54.000000
2	1.005250	44.722015	53.500000
5	1.009529	45.284199	44.599998
10	1.011386	45.678028	37.500000
20	1.012372	45.737339	33.900002
50	1.014500	44.622749	27.639999
100	1.015966	44.407928	23.790001

lcsb  r=0.660000, L=256
Indexing Time: 182.831955 Seconds

Estimated Memory Usage: 3116818432 Bytes

check_k=1
1	1.063562	0.493530	3.000000
2	1.069619	0.378300	2.500000
5	1.074279	0.371010	2.000000
10	1.076889	0.368190	1.300000
20	1.082842	0.364360	1.000000
50	1.095395	0.355700	0.680000
100	1.113543	0.356130	0.470000

check_k=2
1	1.051101	0.540460	7.000000
2	1.058631	0.541340	5.500000
5	1.061692	0.539510	3.400000
10	1.064686	0.538120	2.500000
20	1.067968	0.545270	1.800000
50	1.077636	0.552470	1.220000
100	1.088952	0.557370	0.850000

check_k=4
1	1.042716	0.921200	12.000000
2	1.050697	0.913800	10.000000
5	1.051858	0.911170	6.000000
10	1.053683	0.911620	4.500000
20	1.055867	0.919240	3.300000
50	1.063730	1.094580	2.120000
100	1.069794	0.990800	1.540000

check_k=8
1	1.030780	1.759670	12.000000
2	1.038168	1.715200	11.500000
5	1.042536	1.715540	8.400000
10	1.044091	1.722120	6.500000
20	1.048334	1.716580	5.000000
50	1.052369	1.734280	3.460000
100	1.057770	1.728490	2.590000

check_k=16
1	1.024324	3.423610	19.000000
2	1.029911	3.236050	19.000000
5	1.034460	3.245550	13.400000
10	1.036224	3.233980	9.900000
20	1.039212	3.358400	7.750000
50	1.041914	3.197380	5.780000
100	1.046957	3.231170	4.440000

check_k=32
1	1.018152	6.286470	25.000000
2	1.024338	6.100750	24.500000
5	1.027421	6.108810	19.400000
10	1.028262	6.306270	14.000000
20	1.030676	6.094290	11.450000
50	1.034905	6.298870	8.640000
100	1.037521	6.087820	6.730000

check_k=64
1	1.008286	11.815280	39.000000
2	1.014172	11.951460	36.000000
5	1.019476	11.789170	27.000000
10	1.021488	11.930480	20.100000
20	1.023381	11.900970	17.000000
50	1.026095	11.603850	13.440000
100	1.029336	11.875660	10.640000

check_k=128
1	1.003073	23.735430	45.000000
2	1.007581	24.423269	47.000000
5	1.013928	22.470179	37.200001
10	1.015599	23.601049	29.600000
20	1.017020	24.052040	25.549999
50	1.019603	23.208368	20.639999
100	1.021789	23.302158	16.709999

check_k=256
1	1.000000	43.532940	56.000000
2	1.001661	43.843948	61.000000
5	1.008216	43.613819	50.000000
10	1.010359	45.929832	41.400002
20	1.011381	43.540211	36.700001
50	1.013984	44.669399	30.500000
100	1.015428	43.067860	25.790001

check_k=512
1	1.000000	78.533112	65.000000
2	1.000000	80.177605	70.000000
5	1.004373	80.473503	63.200001
10	1.005822	78.307518	55.599998
20	1.006978	78.067535	50.549999
50	1.009136	80.673180	43.619999
100	1.010505	80.717224	37.900002

lcsb  r=0.660000, L=512
Indexing Time: 356.518036 Seconds

Estimated Memory Usage: 6189633536 Bytes

check_k=1
1	1.056168	0.898570	3.000000
2	1.059081	0.785430	2.500000
5	1.063332	0.759120	2.200000
10	1.064217	0.737070	1.500000
20	1.071177	0.731220	1.150000
50	1.078048	0.733020	1.160000
100	1.087511	0.887920	0.870000

check_k=2
1	1.046332	1.172560	7.000000
2	1.049240	1.134420	6.000000
5	1.050392	1.120260	4.600000
10	1.053177	1.116800	3.300000
20	1.057425	1.116330	2.550000
50	1.064852	1.128370	2.040000
100	1.070859	1.128500	1.520000

check_k=4
1	1.032656	1.850300	14.000000
2	1.039894	1.856820	11.000000
5	1.041069	1.858580	9.200000
10	1.043843	1.922010	6.600000
20	1.046626	1.860630	4.900000
50	1.053304	1.862870	3.740000
100	1.057632	1.869820	2.620000

check_k=8
1	1.027154	3.292260	18.000000
2	1.032775	3.526810	15.000000
5	1.034590	3.326980	13.000000
10	1.035950	3.307560	10.200000
20	1.038416	3.286910	7.500000
50	1.042408	3.445870	5.580000
100	1.048343	3.306710	4.120000

check_k=16
1	1.013966	6.077470	27.000000
2	1.022212	6.283220	26.500000
5	1.027112	6.086210	21.000000
10	1.029378	6.135260	16.700001
20	1.029852	6.114190	12.400000
50	1.034216	6.324970	9.100000
100	1.038263	6.104100	6.890000

check_k=32
1	1.010033	11.600150	33.000000
2	1.015180	11.638319	33.000000
5	1.020161	11.508640	27.600000
10	1.020745	11.680970	22.799999
20	1.023227	11.603600	18.200001
50	1.026612	11.487600	14.220000
100	1.029055	11.678131	10.900000

check_k=64
1	1.000000	21.753311	51.000000
2	1.009438	21.743670	45.500000
5	1.012766	21.626602	38.200001
10	1.014440	21.808527	31.799999
20	1.016366	21.681700	26.799999
50	1.019723	21.777081	21.920000
100	1.021766	21.887968	17.459999

check_k=128
1	1.000000	40.391403	61.000000
2	1.003676	40.393299	59.000000
5	1.007945	40.305321	50.599998
10	1.009069	40.439747	44.500000
20	1.011066	40.360752	37.950001
50	1.013801	40.433441	31.920000
100	1.015501	40.287960	26.770000

check_k=256
1	1.000000	72.292160	73.000000
2	1.000000	72.401588	71.000000
5	1.004016	72.067673	62.799999
10	1.005823	71.907532	56.000000
20	1.006804	71.815582	50.150002
50	1.008627	72.050789	44.580002
100	1.010597	71.949661	38.889999

check_k=512
1	1.000000	120.764709	81.000000
2	1.000000	120.874168	81.500000
5	1.001590	121.372551	76.000000
10	1.002656	121.137596	69.900002
20	1.003866	121.307716	64.500000
50	1.004838	121.506729	59.099998
100	1.006058	121.586159	53.639999

