lcsb  r=0.660000, L=8
Indexing Time: 4.044609 Seconds

Estimated Memory Usage: 140062720 Bytes

check_k=1
1	1.139114	0.146030	0.000000
2	1.147397	0.013850	0.000000
5	1.174263	0.009180	0.000000
10	1.237654	0.004310	0.000000
20	31622.777344	0.004260	0.000000
50	31622.777344	0.004190	0.000000
100	31622.777344	0.004190	0.000000

check_k=2
1	1.133350	0.109070	0.000000
2	1.128102	0.009270	0.000000
5	1.139866	0.007720	0.000000
10	1.173854	0.006810	0.000000
20	1.233814	0.006910	0.000000
50	31622.777344	0.006900	0.000000
100	31622.777344	0.006950	0.000000

check_k=4
1	1.123234	0.198140	0.000000
2	1.117883	0.022320	0.000000
5	1.119237	0.017370	0.000000
10	1.132088	0.012880	0.100000
20	1.162938	0.012510	0.050000
50	1.266773	0.013000	0.040000
100	31622.777344	0.013510	0.020000

check_k=8
1	1.104525	0.370410	2.000000
2	1.107303	0.046670	1.000000
5	1.106409	0.043600	0.400000
10	1.111816	0.038770	0.300000
20	1.125392	0.032770	0.200000
50	1.170719	0.032480	0.120000
100	1.262041	0.033320	0.070000

check_k=16
1	1.088346	0.684450	3.000000
2	1.095057	0.096090	1.500000
5	1.091111	0.090800	0.600000
10	1.094288	0.087430	0.500000
20	1.104921	0.086080	0.400000
50	1.125055	0.086700	0.220000
100	1.157783	0.087420	0.150000

check_k=32
1	1.081948	0.965060	3.000000
2	1.084527	0.214000	1.500000
5	1.079442	0.201380	0.600000
10	1.081534	0.197290	0.600000
20	1.086355	0.191400	0.500000
50	1.098889	0.194260	0.260000
100	1.116185	0.199950	0.210000

check_k=64
1	1.065493	1.989680	6.000000
2	1.070459	0.633250	3.000000
5	1.067710	0.380340	1.600000
10	1.068972	0.371780	1.300000
20	1.072994	0.368950	0.900000
50	1.081192	0.370560	0.520000
100	1.091203	0.377090	0.410000

check_k=128
1	1.059295	2.771170	6.000000
2	1.060566	0.777750	3.000000
5	1.057567	0.751360	2.000000
10	1.060720	0.740050	1.500000
20	1.062437	0.735910	1.150000
50	1.067173	0.735030	0.800000
100	1.072326	0.742790	0.650000

check_k=256
1	1.055762	3.834830	7.000000
2	1.049704	1.703560	4.000000
5	1.051021	1.429920	3.200000
10	1.050722	1.423960	2.600000
20	1.052675	1.433060	2.150000
50	1.055729	1.438880	1.560000
100	1.059610	1.445410	1.140000

check_k=512
1	1.043609	5.277570	8.000000
2	1.041844	2.893090	6.000000
5	1.042955	2.849800	4.400000
10	1.041535	2.882480	3.700000
20	1.043062	2.873570	3.200000
50	1.045934	2.881490	2.620000
100	1.049538	2.892490	2.040000

lcsb  r=0.660000, L=16
Indexing Time: 8.788274 Seconds

Estimated Memory Usage: 236122112 Bytes

check_k=1
1	1.126618	0.265190	0.000000
2	1.128523	0.026280	0.000000
5	1.141248	0.022930	0.000000
10	1.174185	0.013240	0.000000
20	1.229951	0.009030	0.100000
50	31622.777344	0.008830	0.040000
100	31622.777344	0.008860	0.020000

check_k=2
1	1.109046	0.209530	0.000000
2	1.112627	0.026010	0.500000
5	1.119811	0.023710	0.200000
10	1.136668	0.020980	0.100000
20	1.162658	0.015250	0.150000
50	1.270083	0.015580	0.080000
100	31622.777344	0.015080	0.040000

check_k=4
1	1.099811	0.377090	0.000000
2	1.104857	0.044420	1.000000
5	1.104389	0.041610	0.600000
10	1.113975	0.038390	0.400000
20	1.126470	0.034080	0.350000
50	1.167656	0.034170	0.160000
100	1.258021	0.034650	0.090000

check_k=8
1	1.090051	0.717600	0.000000
2	1.096693	0.106080	1.500000
5	1.091207	0.098840	0.800000
10	1.098874	0.095760	0.500000
20	1.105212	0.093840	0.400000
50	1.125299	0.094010	0.200000
100	1.159395	0.094520	0.170000

check_k=16
1	1.076319	1.256350	1.000000
2	1.086093	0.209680	2.000000
5	1.080718	0.196560	1.400000
10	1.085231	0.192060	1.200000
20	1.089975	0.187500	0.800000
50	1.099417	0.189440	0.420000
100	1.116857	0.192980	0.320000

check_k=32
1	1.068281	1.445170	2.000000
2	1.070492	0.401620	2.500000
5	1.069711	0.377660	1.600000
10	1.069651	0.370340	1.500000
20	1.075455	0.366430	1.000000
50	1.082728	0.365640	0.560000
100	1.091612	0.367790	0.510000

check_k=64
1	1.054704	2.759990	3.000000
2	1.056692	0.756740	3.500000
5	1.058218	0.727690	2.200000
10	1.060139	0.751160	2.100000
20	1.062640	0.712880	1.550000
50	1.067611	0.718570	1.020000
100	1.074770	0.722450	0.830000

check_k=128
1	1.053499	3.707540	3.000000
2	1.051413	1.456030	4.500000
5	1.050312	1.430670	3.000000
10	1.050647	1.426140	2.700000
20	1.052014	1.438800	2.000000
50	1.057052	1.435910	1.580000
100	1.060894	1.442600	1.290000

check_k=256
1	1.035280	5.244530	5.000000
2	1.039566	2.853790	6.500000
5	1.041233	2.859760	5.000000
10	1.041430	2.853170	4.300000
20	1.044212	2.841290	3.700000
50	1.045494	2.846270	3.000000
100	1.048981	2.864420	2.360000

check_k=512
1	1.029902	7.787550	13.000000
2	1.033348	5.716311	12.500000
5	1.032251	5.673230	8.600000
10	1.032828	5.632080	6.700000
20	1.034725	5.635311	5.900000
50	1.036942	5.659520	5.000000
100	1.039031	5.720260	4.090000

lcsb  r=0.660000, L=32
Indexing Time: 18.493074 Seconds

Estimated Memory Usage: 428105728 Bytes

check_k=1
1	1.103185	0.499310	0.000000
2	1.105685	0.054330	0.000000
5	1.111330	0.046770	0.000000
10	1.128916	0.030040	0.000000
20	1.153284	0.022680	0.050000
50	1.266827	0.021690	0.040000
100	31622.777344	0.021280	0.030000

check_k=2
1	1.091739	0.411870	1.000000
2	1.096612	0.064140	1.000000
5	1.094379	0.059790	0.600000
10	1.105981	0.057150	0.400000
20	1.120527	0.056060	0.300000
50	1.164546	0.051730	0.160000
100	1.259059	0.049440	0.130000

check_k=4
1	1.082589	0.741480	1.000000
2	1.086093	0.113290	1.500000
5	1.085235	0.105750	0.800000
10	1.090481	0.102960	0.600000
20	1.102452	0.102070	0.400000
50	1.122192	0.102280	0.220000
100	1.156152	0.103710	0.220000

check_k=8
1	1.072940	1.312450	2.000000
2	1.076815	0.214720	2.500000
5	1.075071	0.202530	1.200000
10	1.077168	0.198930	1.000000
20	1.083467	0.198560	0.700000
50	1.096458	0.201100	0.400000
100	1.114672	0.203640	0.340000

check_k=16
1	1.057360	1.966540	4.000000
2	1.061109	0.409200	4.500000
5	1.061962	0.386740	2.800000
10	1.066938	0.377990	2.000000
20	1.070244	0.373580	1.500000
50	1.078088	0.377970	0.840000
100	1.087281	0.381250	0.620000

check_k=32
1	1.052830	2.377880	4.000000
2	1.053904	0.760380	5.500000
5	1.055814	0.737150	4.400000
10	1.057628	0.732430	3.000000
20	1.060386	0.730080	2.650000
50	1.064680	0.731100	1.540000
100	1.070401	0.738520	1.080000

check_k=64
1	1.041890	3.771230	5.000000
2	1.045733	1.481500	7.500000
5	1.044814	1.454010	6.000000
10	1.046640	1.455360	4.200000
20	1.050057	1.452920	3.450000
50	1.054737	1.460270	2.220000
100	1.058048	1.463520	1.600000

check_k=128
1	1.032305	5.114260	7.000000
2	1.037798	2.893160	10.000000
5	1.037764	2.864400	7.800000
10	1.039481	2.848161	5.800000
20	1.040953	2.857530	5.050000
50	1.044543	2.943460	3.520000
100	1.046067	2.872450	2.650000

check_k=256
1	1.028345	7.825359	10.000000
2	1.029768	5.657710	14.500000
5	1.031641	5.667010	11.000000
10	1.030593	5.641190	8.700000
20	1.033724	5.673780	7.650000
50	1.035686	5.663400	5.880000
100	1.038055	5.654070	4.610000

check_k=512
1	1.021012	12.508249	20.000000
2	1.023137	11.189859	23.000000
5	1.025634	11.138750	15.600000
10	1.024319	11.166130	13.500000
20	1.025718	11.106119	11.700000
50	1.027437	11.206271	9.720000
100	1.030429	11.121740	7.850000

lcsb  r=0.660000, L=64
Indexing Time: 39.851604 Seconds

Estimated Memory Usage: 812208128 Bytes

check_k=1
1	1.096815	0.960840	1.000000
2	1.096759	0.109040	1.000000
5	1.100524	0.095420	0.600000
10	1.105917	0.080660	0.300000
20	1.122867	0.071180	0.300000
50	1.165936	0.068630	0.140000
100	1.262085	0.067510	0.110000

check_k=2
1	1.085424	0.769280	1.000000
2	1.085965	0.131550	2.000000
5	1.085949	0.123500	1.400000
10	1.088074	0.120520	0.900000
20	1.100139	0.119980	0.600000
50	1.120410	0.121300	0.300000
100	1.161266	0.123550	0.210000

check_k=4
1	1.071854	1.313120	3.000000
2	1.075646	0.245420	3.000000
5	1.073614	0.228420	2.400000
10	1.075891	0.222900	1.400000
20	1.082684	0.220380	0.900000
50	1.093380	0.224000	0.500000
100	1.112911	0.226820	0.360000

check_k=8
1	1.063163	2.037810	4.000000
2	1.063158	0.442800	5.000000
5	1.062943	0.414280	3.600000
10	1.066078	0.407110	2.300000
20	1.071017	0.405460	1.550000
50	1.077259	0.404770	0.960000
100	1.084943	0.406410	0.640000

check_k=16
1	1.052081	2.842800	5.000000
2	1.051571	0.804160	6.000000
5	1.054221	0.779740	5.000000
10	1.055256	0.769720	3.300000
20	1.059771	0.764870	2.300000
50	1.063815	0.770360	1.520000
100	1.068285	0.774550	1.150000

check_k=32
1	1.040318	3.690120	8.000000
2	1.043105	1.511130	8.500000
5	1.044229	1.481000	6.600000
10	1.046529	1.475470	4.800000
20	1.050722	1.481920	3.550000
50	1.053091	1.483130	2.580000
100	1.056311	1.488660	1.970000

check_k=64
1	1.032486	5.158580	9.000000
2	1.035331	2.909870	11.500000
5	1.037226	2.903890	9.000000
10	1.038019	2.917740	7.000000
20	1.041301	2.893590	5.950000
50	1.044059	2.906010	4.400000
100	1.046534	2.903480	3.310000

check_k=128
1	1.021375	7.701479	17.000000
2	1.028522	5.727180	16.500000
5	1.029765	5.741590	13.200000
10	1.030422	5.715480	10.100000
20	1.032052	5.700170	8.550000
50	1.035369	5.710900	6.780000
100	1.037903	5.721990	5.420000

check_k=256
1	1.014902	12.655530	26.000000
2	1.018642	11.275420	26.500000
5	1.021830	11.184380	19.799999
10	1.023832	11.129809	15.900000
20	1.024225	11.167510	13.650000
50	1.027628	11.177840	11.060000
100	1.029884	11.163309	8.910000

check_k=512
1	1.006973	22.384571	38.000000
2	1.013036	21.610519	37.000000
5	1.015737	21.659019	28.200001
10	1.017220	21.603050	23.200001
20	1.018918	21.722742	21.000000
50	1.021040	21.588289	17.559999
100	1.022652	21.557079	14.340000

lcsb  r=0.660000, L=128
Indexing Time: 79.711914 Seconds

Estimated Memory Usage: 1580412928 Bytes

check_k=1
1	1.077510	1.558040	0.000000
2	1.077119	0.205940	1.000000
5	1.078121	0.182630	0.600000
10	1.089875	0.176810	0.600000
20	1.096598	0.152070	0.550000
50	1.119359	0.153070	0.380000
100	1.160722	0.156350	0.250000

check_k=2
1	1.067968	1.293480	0.000000
2	1.068899	0.271780	1.000000
5	1.071055	0.259300	0.800000
10	1.075029	0.254760	0.800000
20	1.081154	0.253440	0.850000
50	1.094092	0.255930	0.600000
100	1.113309	0.261000	0.410000

check_k=4
1	1.059388	1.960680	3.000000
2	1.061286	0.469390	3.500000
5	1.061688	0.448330	2.000000
10	1.065510	0.441750	1.500000
20	1.068998	0.439600	1.550000
50	1.077206	0.440610	1.000000
100	1.087477	0.445430	0.720000

check_k=8
1	1.044538	2.711620	5.000000
2	1.052475	0.835700	5.000000
5	1.051807	0.813150	3.000000
10	1.053976	0.807720	2.900000
20	1.060271	0.806510	2.700000
50	1.064079	0.803080	1.640000
100	1.069992	0.812180	1.180000

check_k=16
1	1.033149	3.566560	8.000000
2	1.041910	1.543580	9.500000
5	1.044066	1.524560	6.400000
10	1.045824	1.522340	5.800000
20	1.049603	1.520770	4.900000
50	1.054424	1.520220	3.100000
100	1.057093	1.518240	2.160000

check_k=32
1	1.027941	5.030110	13.000000
2	1.035199	2.955190	13.000000
5	1.035046	2.930450	9.400000
10	1.037115	2.929010	8.300000
20	1.039704	2.934710	7.000000
50	1.044312	2.926610	4.820000
100	1.047470	2.948169	3.630000

check_k=64
1	1.021353	7.591460	16.000000
2	1.025870	5.715380	18.500000
5	1.028389	5.730680	14.400000
10	1.029208	5.713590	11.800000
20	1.031354	5.727940	10.000000
50	1.035000	5.742640	7.360000
100	1.038026	5.768680	5.870000

check_k=128
1	1.012937	12.666809	25.000000
2	1.019075	11.208500	25.000000
5	1.021842	11.214480	20.600000
10	1.022061	11.169900	17.100000
20	1.024346	11.366320	15.250000
50	1.026866	11.266770	11.800000
100	1.029135	11.102671	9.460000

check_k=256
1	1.007386	22.486561	36.000000
2	1.012624	21.812328	36.500000
5	1.015709	21.860771	32.200001
10	1.016606	21.904869	26.400000
20	1.017385	21.913979	23.400000
50	1.019982	21.880869	18.760000
100	1.022082	21.875368	15.290000

check_k=512
1	1.000000	41.514370	54.000000
2	1.005250	41.432739	53.500000
5	1.009529	41.264389	44.599998
10	1.011386	41.199398	37.500000
20	1.012372	41.353531	33.900002
50	1.014500	41.250248	27.639999
100	1.015966	41.440029	23.790001

lcsb  r=0.660000, L=256
Indexing Time: 167.901321 Seconds

Estimated Memory Usage: 3116818432 Bytes

check_k=1
1	1.063562	2.946920	3.000000
2	1.069619	0.413690	2.500000
5	1.074279	0.379680	2.000000
10	1.076889	0.372780	1.300000
20	1.082842	0.354290	1.000000
50	1.095395	0.351060	0.680000
100	1.113543	0.354800	0.470000

check_k=2
1	1.051101	2.120950	7.000000
2	1.058631	0.578080	5.500000
5	1.061692	0.552320	3.400000
10	1.064686	0.545750	2.500000
20	1.067968	0.542930	1.800000
50	1.077636	0.544480	1.220000
100	1.088952	0.551800	0.850000

check_k=4
1	1.042716	2.824190	12.000000
2	1.050697	0.968230	10.000000
5	1.051858	0.941170	6.000000
10	1.053683	0.930660	4.500000
20	1.055867	0.929820	3.300000
50	1.063730	0.933650	2.120000
100	1.069794	0.938880	1.540000

check_k=8
1	1.030780	3.720180	12.000000
2	1.038168	1.703810	11.500000
5	1.042536	1.687390	8.400000
10	1.044091	1.683030	6.500000
20	1.048334	1.679160	5.000000
50	1.052369	1.684200	3.460000
100	1.057770	1.685610	2.590000

check_k=16
1	1.024324	5.184040	19.000000
2	1.029911	3.155400	19.000000
5	1.034460	3.143470	13.400000
10	1.036224	3.138230	9.900000
20	1.039212	3.139240	7.750000
50	1.041914	3.142340	5.780000
100	1.046957	3.164680	4.440000

check_k=32
1	1.018152	8.081030	25.000000
2	1.024338	6.007490	24.500000
5	1.027421	5.986470	19.400000
10	1.028262	6.004030	14.000000
20	1.030676	5.998040	11.450000
50	1.034905	6.012350	8.640000
100	1.037521	6.021600	6.730000

check_k=64
1	1.008286	13.098559	39.000000
2	1.014172	11.446590	36.000000
5	1.019476	11.438930	27.000000
10	1.021488	11.620081	20.100000
20	1.023381	11.434890	17.000000
50	1.026095	11.436699	13.440000
100	1.029336	11.585850	10.640000

check_k=128
1	1.003073	22.633669	45.000000
2	1.007581	22.019341	47.000000
5	1.013928	21.994209	37.200001
10	1.015599	22.178669	29.600000
20	1.017020	21.885239	25.549999
50	1.019603	21.921602	20.639999
100	1.021789	22.079502	16.709999

check_k=256
1	1.000000	41.281994	56.000000
2	1.001661	40.798630	61.000000
5	1.008216	39.639359	50.000000
10	1.010359	40.623119	41.400002
20	1.011381	40.338810	36.700001
50	1.013984	40.654579	30.500000
100	1.015428	40.603451	25.790001

check_k=512
1	1.000000	72.724571	65.000000
2	1.000000	72.773468	70.000000
5	1.004373	72.807014	63.200001
10	1.005822	72.793694	55.599998
20	1.006978	72.860519	50.549999
50	1.009136	72.615524	43.619999
100	1.010505	72.421860	37.900002

lcsb  r=0.660000, L=512
Indexing Time: 335.303162 Seconds

Estimated Memory Usage: 6189633536 Bytes

check_k=1
1	1.056168	2.507850	3.000000
2	1.059081	1.394170	2.500000
5	1.063332	1.326380	2.200000
10	1.064217	1.278570	1.500000
20	1.071177	1.265400	1.150000
50	1.078048	1.276260	1.160000
100	1.087511	1.261240	0.870000

check_k=2
1	1.046332	2.571080	7.000000
2	1.049240	2.196170	6.000000
5	1.050392	2.176410	4.600000
10	1.053177	2.178940	3.300000
20	1.057425	2.188290	2.550000
50	1.064852	2.174120	2.040000
100	1.070859	2.248450	1.520000

check_k=4
1	1.032656	4.388180	14.000000
2	1.039894	4.012110	11.000000
5	1.041069	3.761510	9.200000
10	1.043843	2.632890	6.600000
20	1.046626	2.616480	4.900000
50	1.053304	2.659570	3.740000
100	1.057632	2.635100	2.620000

check_k=8
1	1.027154	5.203031	18.000000
2	1.032775	4.854490	15.000000
5	1.034590	4.822930	13.000000
10	1.035950	4.788490	10.200000
20	1.038416	4.769770	7.500000
50	1.042408	4.769830	5.580000
100	1.048343	4.821770	4.120000

check_k=16
1	1.013966	9.179030	27.000000
2	1.022212	9.047340	26.500000
5	1.027112	9.070310	21.000000
10	1.029378	8.938109	16.700001
20	1.029852	8.919480	12.400000
50	1.034216	9.533780	9.100000
100	1.038263	8.987330	6.890000

check_k=32
1	1.010033	17.488949	33.000000
2	1.015180	17.064899	33.000000
5	1.020161	17.044760	27.600000
10	1.020745	17.157141	22.799999
20	1.023227	18.504620	18.200001
50	1.026612	21.275930	14.220000
100	1.029055	18.259668	10.900000

check_k=64
1	1.000000	33.143211	51.000000
2	1.009438	32.935081	45.500000
5	1.012766	35.311760	38.200001
10	1.014440	33.682510	31.799999
20	1.016366	32.950081	26.799999
50	1.019723	32.617157	21.920000
100	1.021766	32.668301	17.459999

check_k=128
1	1.000000	60.928139	61.000000
2	1.003676	63.231148	59.000000
5	1.007945	60.529232	50.599998
10	1.009069	60.871147	44.500000
20	1.011066	60.407249	37.950001
50	1.013801	60.523930	31.920000
100	1.015501	60.866909	26.770000

check_k=256
1	1.000000	108.518005	73.000000
2	1.000000	136.102554	71.000000
5	1.004016	99.941360	62.799999
10	1.005823	99.165527	56.000000
20	1.006804	100.122421	50.150002
50	1.008627	80.683395	44.580002
100	1.010597	75.211205	38.889999

check_k=512
1	1.000000	126.537880	81.000000
2	1.000000	124.529320	81.500000
5	1.001590	124.995071	76.000000
10	1.002656	122.840820	69.900002
20	1.003866	122.878448	64.500000
50	1.004838	122.933769	59.099998
100	1.006058	123.587517	53.639999

