lcsb  r=0.660000, L=8
Indexing Time: 0.427760 Seconds

Estimated Memory Usage: 19214336 Bytes

check_k=1
1	1.140697	0.008050	1.000000
2	1.197369	0.004120	0.500000
5	1.255816	0.003570	0.600000
10	1.360006	0.003520	0.500000
20	31622.777344	0.003530	0.300000
50	31622.777344	0.003440	0.280000
100	31622.777344	0.003370	0.280000

check_k=2
1	1.126742	0.008740	1.000000
2	1.145913	0.005620	0.500000
5	1.199080	0.005440	0.800000
10	1.252074	0.006750	0.800000
20	1.345156	0.006800	0.650000
50	31622.777344	0.006650	0.620000
100	31622.777344	0.005620	0.600000

check_k=4
1	1.104942	0.017090	2.000000
2	1.114667	0.012180	1.500000
5	1.157163	0.011380	1.400000
10	1.196862	0.011530	1.600000
20	1.241409	0.012200	1.350000
50	1.462107	0.012480	1.220000
100	31622.777344	0.012570	1.030000

check_k=8
1	1.079454	0.029990	6.000000
2	1.091168	0.026120	3.500000
5	1.122074	0.024880	3.000000
10	1.152213	0.024880	3.100000
20	1.185166	0.022590	2.700000
50	1.255355	0.023720	2.260000
100	1.432698	0.025620	1.900000

check_k=16
1	1.076511	0.060930	7.000000
2	1.071585	0.060330	6.000000
5	1.094294	0.055130	4.600000
10	1.112168	0.051980	4.300000
20	1.140973	0.054430	3.850000
50	1.185424	0.057350	3.440000
100	1.241510	0.059790	3.040000

check_k=32
1	1.049603	0.123630	11.000000
2	1.054587	0.125810	10.000000
5	1.066057	0.123480	7.800000
10	1.082420	0.123650	7.300000
20	1.103286	0.126490	7.000000
50	1.136160	0.131960	6.380000
100	1.166001	0.131950	5.510000

check_k=64
1	1.035286	0.253200	14.000000
2	1.040075	0.249230	12.500000
5	1.052918	0.246250	13.000000
10	1.061191	0.251560	11.700000
20	1.075009	0.252340	10.950000
50	1.100257	0.263730	10.100000
100	1.121409	0.272250	8.900000

check_k=128
1	1.029530	0.527710	18.000000
2	1.029574	0.503390	17.500000
5	1.041896	0.503730	17.400000
10	1.048931	0.518660	16.000000
20	1.058328	0.526570	15.700000
50	1.075258	0.531500	15.100000
100	1.090939	0.517430	13.500000

check_k=256
1	1.016330	1.009630	29.000000
2	1.019882	1.003480	27.500000
5	1.029515	1.028340	26.400000
10	1.034729	1.003540	24.100000
20	1.039884	1.004840	24.000000
50	1.051381	1.007480	22.660000
100	1.065354	1.030240	20.670000

check_k=512
1	1.008362	1.993120	40.000000
2	1.014974	2.011900	40.000000
5	1.018810	2.023420	37.599998
10	1.023207	2.026530	35.700001
20	1.025819	2.047660	35.599998
50	1.035343	2.047540	33.939999
100	1.042928	2.058200	31.190001

lcsb  r=0.660000, L=16
Indexing Time: 0.903040 Seconds

Estimated Memory Usage: 32301056 Bytes

check_k=1
1	1.098236	0.017600	2.000000
2	1.129133	0.010530	3.000000
5	1.181822	0.008770	2.400000
10	1.244631	0.007110	1.500000
20	1.371658	0.007150	1.350000
50	31622.777344	0.007210	0.940000
100	31622.777344	0.007040	0.730000

check_k=2
1	1.079853	0.016450	3.000000
2	1.097306	0.011610	3.500000
5	1.138110	0.010900	3.600000
10	1.172059	0.010970	2.900000
20	1.224579	0.013390	2.400000
50	1.517303	0.014080	1.620000
100	31622.777344	0.012510	1.390000

check_k=4
1	1.060658	0.029340	4.000000
2	1.081508	0.026070	5.000000
5	1.100528	0.026320	5.200000
10	1.132451	0.023320	4.500000
20	1.162809	0.023880	3.800000
50	1.246921	0.025620	2.800000
100	1.472113	0.025210	2.370000

check_k=8
1	1.050538	0.063730	7.000000
2	1.058203	0.055820	7.500000
5	1.076149	0.058610	7.200000
10	1.095716	0.059760	7.000000
20	1.118500	0.061370	6.550000
50	1.172940	0.064000	4.920000
100	1.227484	0.065510	4.110000

check_k=16
1	1.034548	0.129550	10.000000
2	1.046075	0.127480	12.500000
5	1.058377	0.127960	11.200000
10	1.073555	0.128930	11.100000
20	1.086245	0.128690	10.600000
50	1.120816	0.130710	8.380000
100	1.157225	0.133590	7.110000

check_k=32
1	1.028382	0.252570	17.000000
2	1.035039	0.247500	21.500000
5	1.045470	0.244480	17.200001
10	1.056199	0.248400	16.700001
20	1.062888	0.253540	15.200000
50	1.088274	0.248750	12.360000
100	1.111615	0.254780	10.990000

check_k=64
1	1.017336	0.485490	27.000000
2	1.021456	0.485410	29.000000
5	1.032909	0.512610	25.400000
10	1.039572	0.504530	24.500000
20	1.047223	0.507190	22.350000
50	1.059604	0.503580	18.820000
100	1.075625	0.505340	16.900000

check_k=128
1	1.012024	0.964910	34.000000
2	1.016435	0.966920	37.000000
5	1.022361	0.986870	34.200001
10	1.029141	0.969480	32.799999
20	1.033643	0.953400	31.150000
50	1.042335	0.965850	27.559999
100	1.053079	0.969650	25.450001

check_k=256
1	1.000000	1.879110	52.000000
2	1.007807	1.899930	51.000000
5	1.013553	1.917390	46.400002
10	1.016184	1.930740	44.299999
20	1.021020	1.933810	42.950001
50	1.028862	1.905070	39.220001
100	1.036563	1.934280	36.340000

check_k=512
1	1.000000	3.744950	64.000000
2	1.002598	3.728570	65.000000
5	1.005739	3.706810	60.599998
10	1.008964	3.815410	59.700001
20	1.011635	3.778830	58.099998
50	1.017191	3.780060	53.500000
100	1.021375	3.737140	49.910000

lcsb  r=0.660000, L=32
Indexing Time: 1.848158 Seconds

Estimated Memory Usage: 58609664 Bytes

check_k=1
1	1.079659	0.039870	4.000000
2	1.097428	0.025510	3.000000
5	1.133182	0.015800	2.600000
10	1.171946	0.017490	2.300000
20	1.227743	0.016320	2.050000
50	1.492098	0.015660	1.880000
100	31622.777344	0.015510	1.450000

check_k=2
1	1.065240	0.033230	9.000000
2	1.076145	0.027400	7.500000
5	1.100292	0.025740	5.600000
10	1.130804	0.025870	4.500000
20	1.166229	0.026690	3.900000
50	1.252608	0.027900	2.980000
100	1.452532	0.028530	2.340000

check_k=4
1	1.049019	0.065910	13.000000
2	1.056329	0.063880	10.000000
5	1.072508	0.062450	7.800000
10	1.092527	0.058660	6.900000
20	1.122804	0.060110	6.450000
50	1.169737	0.063370	5.120000
100	1.237416	0.066540	4.070000

check_k=8
1	1.040561	0.129820	16.000000
2	1.045003	0.128730	14.500000
5	1.056590	0.128410	12.600000
10	1.065085	0.128450	11.300000
20	1.084672	0.129490	10.250000
50	1.120549	0.132090	8.400000
100	1.155725	0.138220	6.760000

check_k=16
1	1.026079	0.258700	23.000000
2	1.029120	0.258300	21.500000
5	1.039292	0.254590	18.000000
10	1.048715	0.254240	17.600000
20	1.062095	0.253610	16.650000
50	1.089578	0.255610	13.340000
100	1.107278	0.259530	11.230000

check_k=32
1	1.014584	0.498560	35.000000
2	1.019877	0.503070	30.000000
5	1.030150	0.510160	26.799999
10	1.035348	0.500560	25.200001
20	1.043348	0.503140	23.549999
50	1.060323	0.517690	20.660000
100	1.076826	0.529330	17.889999

check_k=64
1	1.008601	0.995460	45.000000
2	1.015387	0.984420	40.000000
5	1.019517	0.993790	37.400002
10	1.023991	1.006950	35.900002
20	1.029459	0.992110	34.150002
50	1.036759	0.994160	30.840000
100	1.050059	0.999140	27.830000

check_k=128
1	1.000000	1.964800	56.000000
2	1.008837	1.919880	50.500000
5	1.011317	1.936740	49.599998
10	1.014794	1.906440	48.299999
20	1.017958	1.901530	46.150002
50	1.025050	1.934990	42.660000
100	1.031058	1.940900	39.750000

check_k=256
1	1.000000	3.737740	73.000000
2	1.000000	3.727020	68.500000
5	1.004493	3.684550	64.599998
10	1.007605	3.740110	63.700001
20	1.008279	3.737360	61.950001
50	1.013693	3.767750	58.700001
100	1.017966	3.780980	55.520000

check_k=512
1	1.000000	7.064349	87.000000
2	1.000000	7.088370	82.000000
5	1.001232	7.090810	79.400002
10	1.003033	7.042330	79.800003
20	1.004255	7.075550	78.449997
50	1.006833	7.122590	75.160004
100	1.009210	7.065320	72.320000

