lcsb  r=0.660000, L=8
Indexing Time: 0.434933 Seconds

Estimated Memory Usage: 19214336 Bytes

check_k=1
1	1.140697	0.012510	1.000000
2	1.197369	0.004720	0.500000
5	1.255816	0.004400	0.600000
10	1.360006	0.004250	0.500000
20	31622.777344	0.004210	0.300000
50	31622.777344	0.004170	0.280000
100	31622.777344	0.004130	0.280000

check_k=2
1	1.126742	0.010200	1.000000
2	1.145913	0.006680	0.500000
5	1.199080	0.006570	0.800000
10	1.252074	0.006660	0.800000
20	1.345156	0.006830	0.650000
50	31622.777344	0.006880	0.620000
100	31622.777344	0.006800	0.600000

check_k=4
1	1.104942	0.017180	2.000000
2	1.114667	0.013200	1.500000
5	1.157163	0.011890	1.400000
10	1.196862	0.011940	1.600000
20	1.241409	0.012300	1.350000
50	1.462107	0.012920	1.220000
100	31622.777344	0.012880	1.030000

check_k=8
1	1.079454	0.032060	6.000000
2	1.091168	0.033510	3.500000
5	1.122074	0.032690	3.000000
10	1.152213	0.032380	3.100000
20	1.185166	0.032220	2.700000
50	1.255355	0.033100	2.260000
100	1.432698	0.034170	1.900000

check_k=16
1	1.076511	0.071930	7.000000
2	1.071585	0.072610	6.000000
5	1.094294	0.072710	4.600000
10	1.112168	0.074560	4.300000
20	1.140973	0.074510	3.850000
50	1.185424	0.080540	3.440000
100	1.241510	0.080870	3.040000

check_k=32
1	1.049603	0.154080	11.000000
2	1.054587	0.149130	10.000000
5	1.066057	0.150840	7.800000
10	1.082420	0.150570	7.300000
20	1.103286	0.149400	7.000000
50	1.136160	0.157810	6.380000
100	1.166001	0.162600	5.510000

check_k=64
1	1.035286	0.310770	14.000000
2	1.040075	0.311590	12.500000
5	1.052918	0.306840	13.000000
10	1.061191	0.309280	11.700000
20	1.075009	0.309550	10.950000
50	1.100257	0.311930	10.100000
100	1.121409	0.320490	8.900000

check_k=128
1	1.029530	0.606770	18.000000
2	1.029574	0.580640	17.500000
5	1.041896	0.610580	17.400000
10	1.048931	0.614140	16.000000
20	1.058328	0.613180	15.700000
50	1.075258	0.616670	15.100000
100	1.090939	0.621720	13.500000

check_k=256
1	1.016330	1.233580	29.000000
2	1.019882	1.221330	27.500000
5	1.029515	1.217240	26.400000
10	1.034729	1.240610	24.100000
20	1.039884	1.224340	24.000000
50	1.051381	1.218760	22.660000
100	1.065354	1.234240	20.670000

check_k=512
1	1.008362	2.451300	40.000000
2	1.014974	2.448970	40.000000
5	1.018810	2.371600	37.599998
10	1.023207	2.160440	35.700001
20	1.025819	2.162400	35.599998
50	1.035343	2.134410	33.939999
100	1.042928	2.169390	31.190001

lcsb  r=0.660000, L=16
Indexing Time: 0.906002 Seconds

Estimated Memory Usage: 32301056 Bytes

check_k=1
1	1.098236	0.019700	2.000000
2	1.129133	0.009340	3.000000
5	1.181822	0.007280	2.400000
10	1.244631	0.007170	1.500000
20	1.371658	0.007260	1.350000
50	31622.777344	0.007180	0.940000
100	31622.777344	0.007100	0.730000

check_k=2
1	1.079853	0.016960	3.000000
2	1.097306	0.012300	3.500000
5	1.138110	0.010900	3.600000
10	1.172059	0.011070	2.900000
20	1.224579	0.011630	2.400000
50	1.517303	0.011950	1.620000
100	31622.777344	0.011890	1.390000

check_k=4
1	1.060658	0.029870	4.000000
2	1.081508	0.027290	5.000000
5	1.100528	0.023780	5.200000
10	1.132451	0.024150	4.500000
20	1.162809	0.024750	3.800000
50	1.246921	0.026270	2.800000
100	1.472113	0.027040	2.370000

check_k=8
1	1.050538	0.065810	7.000000
2	1.058203	0.059750	7.500000
5	1.076149	0.054370	7.200000
10	1.095716	0.055530	7.000000
20	1.118500	0.057040	6.550000
50	1.172940	0.060300	4.920000
100	1.227484	0.062560	4.110000

check_k=16
1	1.034548	0.128470	10.000000
2	1.046075	0.124710	12.500000
5	1.058377	0.127690	11.200000
10	1.073555	0.133790	11.100000
20	1.086245	0.140000	10.600000
50	1.120816	0.136120	8.380000
100	1.157225	0.137140	7.110000

check_k=32
1	1.028382	0.265870	17.000000
2	1.035039	0.264900	21.500000
5	1.045470	0.266190	17.200001
10	1.056199	0.267080	16.700001
20	1.062888	0.261830	15.200000
50	1.088274	0.266070	12.360000
100	1.111615	0.281540	10.990000

check_k=64
1	1.017336	0.526050	27.000000
2	1.021456	0.530770	29.000000
5	1.032909	0.533830	25.400000
10	1.039572	0.535460	24.500000
20	1.047223	0.543500	22.350000
50	1.059604	0.542330	18.820000
100	1.075625	0.527080	16.900000

check_k=128
1	1.012024	1.073530	34.000000
2	1.016435	1.090020	37.000000
5	1.022361	1.066020	34.200001
10	1.029141	1.057410	32.799999
20	1.033643	1.032240	31.150000
50	1.042335	1.054410	27.559999
100	1.053079	1.064320	25.450001

check_k=256
1	1.000000	2.082380	52.000000
2	1.007807	2.116120	51.000000
5	1.013553	2.102710	46.400002
10	1.016184	2.098680	44.299999
20	1.021020	2.063500	42.950001
50	1.028862	2.071950	39.220001
100	1.036563	2.143250	36.340000

check_k=512
1	1.000000	4.057380	64.000000
2	1.002598	3.996420	65.000000
5	1.005739	4.052380	60.599998
10	1.008964	4.063060	59.700001
20	1.011635	4.118770	58.099998
50	1.017191	4.088660	53.500000
100	1.021375	4.056590	49.910000

lcsb  r=0.660000, L=32
Indexing Time: 2.007614 Seconds

Estimated Memory Usage: 58609664 Bytes

check_k=1
1	1.079659	0.044080	4.000000
2	1.097428	0.027750	3.000000
5	1.133182	0.018900	2.600000
10	1.171946	0.016310	2.300000
20	1.227743	0.015510	2.050000
50	1.492098	0.015760	1.880000
100	31622.777344	0.015800	1.450000

check_k=2
1	1.065240	0.039010	9.000000
2	1.076145	0.037470	7.500000
5	1.100292	0.034810	5.600000
10	1.130804	0.031260	4.500000
20	1.166229	0.034080	3.900000
50	1.252608	0.033540	2.980000
100	1.452532	0.033880	2.340000

check_k=4
1	1.049019	0.072370	13.000000
2	1.056329	0.072080	10.000000
5	1.072508	0.066100	7.800000
10	1.092527	0.069310	6.900000
20	1.122804	0.070400	6.450000
50	1.169737	0.071230	5.120000
100	1.237416	0.077850	4.070000

check_k=8
1	1.040561	0.145330	16.000000
2	1.045003	0.143090	14.500000
5	1.056590	0.143100	12.600000
10	1.065085	0.143100	11.300000
20	1.084672	0.142890	10.250000
50	1.120549	0.145340	8.400000
100	1.155725	0.151950	6.760000

check_k=16
1	1.026079	0.280370	23.000000
2	1.029120	0.277420	21.500000
5	1.039292	0.282810	18.000000
10	1.048715	0.277200	17.600000
20	1.062095	0.280810	16.650000
50	1.089578	0.285640	13.340000
100	1.107278	0.289730	11.230000

check_k=32
1	1.014584	0.575910	35.000000
2	1.019877	0.573970	30.000000
5	1.030150	0.568360	26.799999
10	1.035348	0.559210	25.200001
20	1.043348	0.557530	23.549999
50	1.060323	0.587940	20.660000
100	1.076826	0.580870	17.889999

check_k=64
1	1.008601	1.107200	45.000000
2	1.015387	1.111670	40.000000
5	1.019517	1.075420	37.400002
10	1.023991	1.085850	35.900002
20	1.029459	1.080500	34.150002
50	1.036759	1.077340	30.840000
100	1.050059	1.093320	27.830000

check_k=128
1	1.000000	2.078340	56.000000
2	1.008837	2.131430	50.500000
5	1.011317	2.123860	49.599998
10	1.014794	2.236240	48.299999
20	1.017958	2.139860	46.150002
50	1.025050	2.133010	42.660000
100	1.031058	2.150380	39.750000

check_k=256
1	1.000000	4.154780	73.000000
2	1.000000	4.152350	68.500000
5	1.004493	4.203120	64.599998
10	1.007605	4.196910	63.700001
20	1.008279	4.111870	61.950001
50	1.013693	4.087860	58.700001
100	1.017966	4.218790	55.520000

check_k=512
1	1.000000	7.854579	87.000000
2	1.000000	7.799680	82.000000
5	1.001232	7.923380	79.400002
10	1.003033	7.895000	79.800003
20	1.004255	7.780980	78.449997
50	1.006833	7.813940	75.160004
100	1.009210	7.948550	72.320000

lcsb  r=0.660000, L=64
Indexing Time: 4.424262 Seconds

Estimated Memory Usage: 111091712 Bytes

check_k=1
1	1.053804	0.080470	6.000000
2	1.064108	0.062000	5.000000
5	1.093615	0.051070	4.800000
10	1.122601	0.047580	5.000000
20	1.157337	0.046350	4.250000
50	1.249885	0.048940	3.640000
100	1.548840	0.044940	2.890000

check_k=2
1	1.044776	0.086890	10.000000
2	1.047479	0.080800	9.000000
5	1.067375	0.081900	7.800000
10	1.087400	0.082990	8.100000
20	1.108298	0.084920	7.350000
50	1.162105	0.090810	6.340000
100	1.226312	0.094790	5.170000

check_k=4
1	1.037186	0.166060	14.000000
2	1.034621	0.166990	13.500000
5	1.048739	0.161200	12.600000
10	1.064450	0.163970	13.100000
20	1.077882	0.167670	12.250000
50	1.108020	0.167070	10.220000
100	1.150235	0.173180	8.540000

check_k=8
1	1.023645	0.306110	25.000000
2	1.024061	0.323630	23.000000
5	1.035994	0.323100	20.600000
10	1.046122	0.308320	20.200001
20	1.056987	0.318120	18.150000
50	1.073557	0.299230	15.340000
100	1.099876	0.314090	13.410000

check_k=16
1	1.013113	0.576080	39.000000
2	1.017863	0.584620	34.500000
5	1.024700	0.630680	30.200001
10	1.031483	0.593060	29.299999
20	1.036776	0.586620	27.700001
50	1.052132	0.615160	23.840000
100	1.065734	0.607670	20.950001

check_k=32
1	1.000000	1.126820	51.000000
2	1.011285	1.160610	46.000000
5	1.015807	1.108710	41.599998
10	1.017909	1.142090	41.599998
20	1.023847	1.136240	39.450001
50	1.035830	1.099800	35.180000
100	1.043163	1.108040	31.760000

check_k=64
1	1.000000	2.100250	68.000000
2	1.002944	2.078040	62.000000
5	1.009154	2.078550	55.799999
10	1.010704	2.117130	54.900002
20	1.014377	2.062070	52.650002
50	1.021432	2.198880	48.360001
100	1.027417	2.150610	44.689999

check_k=128
1	1.000000	4.107980	78.000000
2	1.000000	4.141510	74.500000
5	1.003571	4.071390	70.000000
10	1.006662	4.020890	68.000000
20	1.007647	4.145710	65.849998
50	1.011949	4.083530	62.740002
100	1.015352	4.076830	59.119999

check_k=256
1	1.000000	7.683341	88.000000
2	1.000000	7.630280	84.000000
5	1.000000	7.692320	83.599998
10	1.002431	7.706200	82.500000
20	1.003668	7.672090	80.349998
50	1.005569	7.634170	77.419998
100	1.007681	7.665220	74.620003

check_k=512
1	1.000000	13.954289	95.000000
2	1.000000	13.903611	91.000000
5	1.000000	13.996579	92.199997
10	1.000000	14.097560	91.500000
20	1.000769	14.012589	90.349998
50	1.001371	13.974482	89.019997
100	1.003172	13.917030	86.900002

lcsb  r=0.660000, L=128
Indexing Time: 9.323868 Seconds

Estimated Memory Usage: 216190976 Bytes

check_k=1
1	1.039542	0.148750	11.000000
2	1.046024	0.131380	10.000000
5	1.066816	0.132430	8.400000
10	1.085209	0.127010	9.200000
20	1.110669	0.127110	7.700000
50	1.159934	0.139410	6.660000
100	1.227316	0.146590	5.600000

check_k=2
1	1.027917	0.214350	22.000000
2	1.033487	0.221870	17.500000
5	1.046631	0.199140	14.000000
10	1.061508	0.199700	14.700000
20	1.074716	0.199550	12.900000
50	1.110685	0.200210	11.100000
100	1.148261	0.205170	9.220000

check_k=4
1	1.015246	0.344030	32.000000
2	1.025463	0.338330	27.500000
5	1.030553	0.349860	21.200001
10	1.043449	0.339930	22.200001
20	1.053006	0.339030	18.900000
50	1.074417	0.339140	16.879999
100	1.097363	0.348950	14.630000

check_k=8
1	1.003844	0.648990	45.000000
2	1.015159	0.605450	39.000000
5	1.022574	0.607630	32.599998
10	1.027230	0.612280	32.400002
20	1.034612	0.613960	29.000000
50	1.048909	0.612870	26.340000
100	1.062857	0.608080	23.400000

check_k=16
1	1.000000	1.097860	58.000000
2	1.008721	1.195170	52.500000
5	1.014582	1.138750	45.799999
10	1.017535	1.129140	45.400002
20	1.022649	1.157370	42.400002
50	1.032686	1.223910	38.540001
100	1.041597	1.156570	34.810001

check_k=32
1	1.000000	2.195050	64.000000
2	1.003118	2.189830	60.500000
5	1.007450	2.157950	58.000000
10	1.008379	2.172350	59.099998
20	1.012909	2.142090	57.400002
50	1.018286	2.098700	53.340000
100	1.024616	2.148440	49.160000

check_k=64
1	1.000000	3.993290	77.000000
2	1.000000	3.964550	73.500000
5	1.002924	3.968820	73.400002
10	1.003139	3.995860	73.800003
20	1.005369	3.934300	72.500000
50	1.009071	4.061290	68.459999
100	1.012816	3.962620	64.839996

check_k=128
1	1.000000	7.349520	84.000000
2	1.000000	7.284781	84.000000
5	1.000000	7.373390	83.599998
10	1.000900	7.354690	84.699997
20	1.001903	7.335779	83.550003
50	1.003864	7.355340	81.320000
100	1.005711	7.378610	78.699997

check_k=256
1	1.000000	13.080871	95.000000
2	1.000000	13.151890	94.000000
5	1.000000	13.131040	93.400002
10	1.000000	13.291670	94.599998
20	1.000226	13.217609	93.199997
50	1.001000	13.188469	91.540001
100	1.001746	13.123580	89.989998

check_k=512
1	1.000000	21.947920	99.000000
2	1.000000	21.997791	98.500000
5	1.000000	21.897749	98.800003
10	1.000000	21.956911	98.699997
20	1.000000	22.169031	97.750000
50	1.000000	21.906609	97.320000
100	1.000166	21.969481	96.860001

lcsb  r=0.660000, L=256
Indexing Time: 18.622610 Seconds

Estimated Memory Usage: 426389504 Bytes

check_k=1
1	1.023726	0.303330	20.000000
2	1.033731	0.278230	17.000000
5	1.041951	0.284860	16.000000
10	1.055518	0.283660	15.100000
20	1.072133	0.283710	13.550000
50	1.103035	0.288090	11.340000
100	1.142864	0.291150	9.680000

check_k=2
1	1.014542	0.419170	30.000000
2	1.021670	0.457800	26.500000
5	1.027638	0.411280	26.200001
10	1.038914	0.409790	24.299999
20	1.047819	0.417570	22.299999
50	1.068388	0.410740	19.360001
100	1.093007	0.424920	16.680000

check_k=4
1	1.006109	0.691240	45.000000
2	1.014004	0.675420	41.500000
5	1.018533	0.669670	40.000000
10	1.023850	0.670130	36.000000
20	1.030131	0.671610	33.950001
50	1.043658	0.681090	30.340000
100	1.058760	0.681360	26.540001

check_k=8
1	1.000000	1.194880	55.000000
2	1.008746	1.196560	56.000000
5	1.009934	1.211020	52.799999
10	1.014441	1.253110	49.700001
20	1.019149	1.233140	47.400002
50	1.026837	1.212800	42.419998
100	1.036194	1.217360	38.290001

check_k=16
1	1.000000	2.212310	69.000000
2	1.000584	2.254520	69.500000
5	1.004921	2.263340	66.400002
10	1.008031	2.310330	63.900002
20	1.009943	2.263340	62.349998
50	1.014664	2.248160	58.020000
100	1.020827	2.244080	53.549999

check_k=32
1	1.000000	4.207090	81.000000
2	1.000000	4.143000	80.500000
5	1.001083	4.210350	79.400002
10	1.003208	4.207840	78.000000
20	1.004977	4.109730	75.949997
50	1.007448	4.172500	72.959999
100	1.009974	4.187520	69.339996

check_k=64
1	1.000000	7.694561	92.000000
2	1.000000	7.579050	92.000000
5	1.000000	7.555470	90.199997
10	1.000000	7.727690	89.500000
20	1.000919	7.546730	88.050003
50	1.002690	7.598900	85.959999
100	1.004071	7.841210	83.089996

check_k=128
1	1.000000	13.187211	97.000000
2	1.000000	13.134570	97.000000
5	1.000000	13.035100	96.400002
10	1.000000	13.099530	96.300003
20	1.000000	13.119890	95.500000
50	1.000081	13.143830	94.480003
100	1.000939	13.192860	92.559998

check_k=256
1	1.000000	21.915749	100.000000
2	1.000000	23.282871	100.000000
5	1.000000	23.285110	100.000000
10	1.000000	23.746782	99.500000
20	1.000000	24.001770	99.099998
50	1.000000	23.928221	98.739998
100	1.000000	24.057310	98.199997

check_k=512
1	1.000000	36.375259	100.000000
2	1.000000	34.641998	100.000000
5	1.000000	32.067638	100.000000
10	1.000000	32.891342	99.699997
20	1.000000	32.828842	99.699997
50	1.000000	32.692883	99.699997
100	1.000000	32.978611	99.639999

lcsb  r=0.660000, L=512
Indexing Time: 37.865131 Seconds

Estimated Memory Usage: 846786560 Bytes

check_k=1
1	1.016013	0.599220	26.000000
2	1.016692	0.554680	29.000000
5	1.023912	0.554270	29.400000
10	1.034457	0.553990	28.000000
20	1.044491	0.556880	24.900000
50	1.063373	0.562870	20.959999
100	1.087046	0.564440	17.990000

check_k=2
1	1.005027	0.819950	46.000000
2	1.008990	0.816980	43.000000
5	1.016790	0.805260	42.200001
10	1.020317	0.817070	40.900002
20	1.025290	0.824880	37.400002
50	1.039045	0.906030	32.939999
100	1.052533	0.817630	28.910000

check_k=4
1	1.000000	1.349360	62.000000
2	1.002598	1.318030	60.000000
5	1.007455	1.336390	57.599998
10	1.012240	1.352680	56.599998
20	1.013782	1.355000	52.650002
50	1.022173	1.337610	47.459999
100	1.030998	1.395490	42.529999

check_k=8
1	1.000000	2.446820	79.000000
2	1.000000	2.371270	76.000000
5	1.003304	2.385790	71.400002
10	1.005402	2.389130	72.000000
20	1.008279	2.460070	67.550003
50	1.011913	2.362340	62.279999
100	1.016565	2.388520	57.880001

check_k=16
1	1.000000	4.266420	90.000000
2	1.000000	4.314690	86.000000
5	1.000000	4.280970	84.000000
10	1.001577	4.307990	83.699997
20	1.003404	4.400470	79.849998
50	1.005029	4.325880	76.500000
100	1.007530	4.378220	73.260002

check_k=32
1	1.000000	7.598650	96.000000
2	1.000000	7.753470	93.000000
5	1.000000	7.806750	90.800003
10	1.000000	7.696750	90.599998
20	1.000310	7.672670	89.400002
50	1.001512	7.731390	88.019997
100	1.003059	7.738580	85.970001

check_k=64
1	1.000000	13.320610	100.000000
2	1.000000	13.126150	97.500000
5	1.000000	13.377891	96.599998
10	1.000000	13.090799	96.900002
20	1.000000	13.389580	96.199997
50	1.000000	13.195340	95.639999
100	1.000527	13.459241	94.419998

check_k=128
1	1.000000	21.589439	100.000000
2	1.000000	21.971941	100.000000
5	1.000000	21.728779	99.400002
10	1.000000	21.876942	99.400002
20	1.000000	22.024551	99.099998
50	1.000000	21.829889	98.919998
100	1.000000	21.693579	98.570000

check_k=256
1	1.000000	31.812010	100.000000
2	1.000000	31.763090	100.000000
5	1.000000	31.829861	99.800003
10	1.000000	31.697533	99.800003
20	1.000000	31.794151	99.849998
50	1.000000	31.834251	99.800003
100	1.000000	31.828611	99.730003

check_k=512
1	1.000000	41.631001	100.000000
2	1.000000	41.604008	100.000000
5	1.000000	41.850372	100.000000
10	1.000000	41.802299	100.000000
20	1.000000	41.805557	100.000000
50	1.000000	41.749390	100.000000
100	1.000000	41.575516	100.000000

